8.731789592200000172e+00
8.702984660549999418e+00
8.748478035419999799e+00
8.750561051400000068e+00
8.735022387869999960e+00
8.732044034250000308e+00
8.716374322680000120e+00
8.738654550570000623e+00
8.709678589319999276e+00
8.739718912520000771e+00
8.725901215089999496e+00
8.731943616769999750e+00
8.742445854679999684e+00
8.747515978719999197e+00
8.744325218229999308e+00
8.734951348379999203e+00
8.716750600699999296e+00
8.729082967580000130e+00
8.744349271020000813e+00
8.714468439339999151e+00
8.730465693490000234e+00
8.728991069159999228e+00
8.728314524849999145e+00
8.747640099210000741e+00
8.753178037870000594e+00
8.740550886730000357e+00
8.742221071959999534e+00
8.720177865749999313e+00
8.714952493069999306e+00
8.728247900730000453e+00
8.726572781430000703e+00
8.735010052579999851e+00
8.729477843170000639e+00
8.716902443749999563e+00
8.742402571519999555e+00
8.742825653729999758e+00
8.719743320999999270e+00
8.721069748299999702e+00
8.727233450319999974e+00
8.724885311559999579e+00
8.743689754100000044e+00
8.740980573990000835e+00
8.725227070580000799e+00
8.718512843970000148e+00
8.716994297899999466e+00
8.737763827889999391e+00
8.738044565739999214e+00
8.735782560949999720e+00
8.760582078109999671e+00
8.738124966999999188e+00
8.744927476009999978e+00
8.728201965900000303e+00
8.736968423920000504e+00
8.734632543569999186e+00
8.735421101709999192e+00
8.736692279779999737e+00
8.729250463259999648e+00
8.762265698049999330e+00
8.748179474689999680e+00
8.749292617140000061e+00
8.753090780870000032e+00
8.746362620470000238e+00
8.765855411380000461e+00
8.743175201410000597e+00
8.741395324830000035e+00
8.750490383880000778e+00
8.756123398290000637e+00
8.737152908600000600e+00
8.750887240289999980e+00
8.733890660609999301e+00
8.750850974060000453e+00
8.738057308869999318e+00
8.727679278289999232e+00
8.731518901470000316e+00
8.749673964790000369e+00
8.752773510080000818e+00
8.734213239940000761e+00
8.735010008310000629e+00
8.744675042829999967e+00
8.735404125600000569e+00
8.746894077989999516e+00
8.732529964170000270e+00
8.740324139060000164e+00
8.726835681180000748e+00
8.741042710020000328e+00
8.738289701710000301e+00
8.763589401620000885e+00
8.740261179890000065e+00
8.735817690199999319e+00
8.742772497809999876e+00
8.758819861010000096e+00
8.740578704989999892e+00
8.739448257699999445e+00
8.735829196010000075e+00
8.748663006070000137e+00
8.742690128539999606e+00
8.735598984430000158e+00
8.741909762420000618e+00
8.729144079799999290e+00
8.719259265579999862e+00
8.749494389560000585e+00
8.754007514530000478e+00
8.729855227190000733e+00
8.738324770560000232e+00
8.730312738620000346e+00
8.734064357299999415e+00
8.763020942480000741e+00
8.758804680729999959e+00
8.743442869220000802e+00
8.744651325739999592e+00
8.753833092669999871e+00
8.728463154900000021e+00
8.734375729989999115e+00
8.745722366769999923e+00
8.741656752260000829e+00
8.758335781719999602e+00
8.757484399799999153e+00
8.733155377210000125e+00
8.749140364549999660e+00
8.744367169040000221e+00
8.745909433479999606e+00
8.759061322339999123e+00
8.739485936639999508e+00
8.730083182110000450e+00
8.741634981140000704e+00
8.741109228299999145e+00
8.737179992270000639e+00
8.747450416050000399e+00
8.759678342630000003e+00
8.761507408869999125e+00
8.745695328209999175e+00
8.722476813829999287e+00
8.730184054289999551e+00
8.767486871699999185e+00
8.734809905069999658e+00
8.748637746329999132e+00
8.734402664819999274e+00
8.735205455399999153e+00
8.747172301790000049e+00
8.749613483070000086e+00
8.757186032190000802e+00
8.744149471669999230e+00
8.752111912100000168e+00
8.740867073609999593e+00
8.731793681330000112e+00
8.750782962080000615e+00
8.756264442730000042e+00
8.764672878289999858e+00
8.736115860179999970e+00
8.750886664579999419e+00
8.719778541920000237e+00
8.743899372839999629e+00
8.747375285600000439e+00
8.755680499189999466e+00
8.721177039260000541e+00
8.739154156039999677e+00
8.753202921499999789e+00
8.752998269440000811e+00
8.736942012629999255e+00
8.770398684750000839e+00
8.754451150410000437e+00
8.759577977499999335e+00
8.742425901720000780e+00
8.778359010830000031e+00
8.738613234549999831e+00
8.764711739399999146e+00
8.749418699199999594e+00
8.727474712430000281e+00
8.739345220569999739e+00
8.765692042250000426e+00
8.743499508299999334e+00
8.731098678080000397e+00
8.757575777079999568e+00
8.736017516220000445e+00
8.756224130130000560e+00
8.746090486190000846e+00
8.743144806409999248e+00
8.746870077529999676e+00
8.744591009769999701e+00
8.754063354210000369e+00
8.747364009209999125e+00
8.751233952650000703e+00
8.759734374160000669e+00
8.754148034840000037e+00
8.753527257060000011e+00
8.742908284889999493e+00
8.738385431230000222e+00
8.763284880520000542e+00
8.741823467339999709e+00
8.744949480929999908e+00
8.730091648920000225e+00
8.752169767370000741e+00
8.747801364820000813e+00
8.760376664540000746e+00
8.748401927590000682e+00
8.738027835800000531e+00
8.756725613229999539e+00
8.751538656910000213e+00
8.754340480879999831e+00
8.748079728440000480e+00
8.747722440729999605e+00
8.754835751699999946e+00
8.760842730340000273e+00
8.745143777099999127e+00
8.752885235409999964e+00
8.750523342310000174e+00
8.740216324209999499e+00
8.734910409190000280e+00
8.781326715389999649e+00
8.773769297250000321e+00
8.756416707410000555e+00
8.744429196360000489e+00
8.758167545039999169e+00
8.765251024230000354e+00
8.771220943730000386e+00
8.742604976339999112e+00
8.753015664510000349e+00
8.760277322529999466e+00
8.755460101149999730e+00
8.752226853630000747e+00
8.750280483890000127e+00
8.760409733170000379e+00
8.747675423169999576e+00
8.760454549269999447e+00
8.755377806380000294e+00
8.759616420620000454e+00
8.757875571610000520e+00
8.749766456799999759e+00
8.754632276689999770e+00
8.754603401329999812e+00
8.752461298580000104e+00
8.755104352660000089e+00
8.757799140399999516e+00
8.749653169620000170e+00
8.772340229259999234e+00
8.750465568019999196e+00
8.768877142990000095e+00
8.731134480050000590e+00
8.765265978149999526e+00
8.748872244419999333e+00
8.767324866070000056e+00
8.775189716870000822e+00
8.742716059350000180e+00
8.747499442529999669e+00
8.786844330290000116e+00
8.757181409210000211e+00
8.754028363679999813e+00
8.736412067190000741e+00
8.747030323929999795e+00
8.739363942960000742e+00
8.738850322799999404e+00
8.761098353059999511e+00
8.755342174540000855e+00
8.751413590929999486e+00
8.750911200819999181e+00
8.756126473709999303e+00
8.750325945929999349e+00
8.761241829039999374e+00
8.760673212820000444e+00
8.769645926589999974e+00
8.748496002419999584e+00
8.761735571239999132e+00
8.784920143400000825e+00
8.792884605190000258e+00
8.769024979250000129e+00
8.752101182049999650e+00
8.748768835570000846e+00
8.762618931700000502e+00
8.764694166840000022e+00
8.741790401239999397e+00
8.741809195680000144e+00
8.766437875699999438e+00
8.755081515960000615e+00
8.763121364150000758e+00
8.770511455550000335e+00
8.802307214300000737e+00
8.755187257510000265e+00
8.780387798259999599e+00
8.757621721350000499e+00
8.762485060730000441e+00
8.769300357169999671e+00
8.764342716130000710e+00
8.765649168630000432e+00
8.759257941879999620e+00
8.776352475550000420e+00
8.753820190269999912e+00
8.767231793589999711e+00
8.743323150309999292e+00
8.772224471610000407e+00
8.776488238160000677e+00
8.779301262549999763e+00
8.776422076310000264e+00
8.774386790470000363e+00
8.760168759420000839e+00
8.758049174639999990e+00
8.770753677260000103e+00
8.771756966870000838e+00
8.754907474190000372e+00
8.777349430019999232e+00
8.758196128419999837e+00
8.776869482469999539e+00
8.773024900099999357e+00
8.768476955760000635e+00
8.778870323899999661e+00
8.796779779099999530e+00
8.785267176199999639e+00
8.756596487470000412e+00
8.765989080040000658e+00
8.781127671989999328e+00
8.776004984529999220e+00
8.770496966270000527e+00
8.776750187670000258e+00
8.781327212940000848e+00
8.768868865239999977e+00
8.761511488440000051e+00
8.777350909480000851e+00
8.767577965819999264e+00
8.767753080680000366e+00
8.765071819930000174e+00
8.775789543789999314e+00
8.772926098759999292e+00
8.782062161929999888e+00
8.766094737459999564e+00
8.778649856219999492e+00
8.783144611210000008e+00
8.753641184210000148e+00
8.769234121680000271e+00
8.776976505829999553e+00
8.773591572500000879e+00
8.770200574169999541e+00
8.775343557310000264e+00
8.774680541160000402e+00
8.779478848300000138e+00
8.773677950679999782e+00
8.770141942169999538e+00
8.788952101170000475e+00
8.769786899919999712e+00
8.775954983260000120e+00
8.767428386669999796e+00
8.774414817620000306e+00
8.760453053970000070e+00
8.792350533800000534e+00
8.803929343109999195e+00
8.759232524699999800e+00
8.772015760729999556e+00
8.799158292770000500e+00
8.778750464830000766e+00
8.761875124939999537e+00
8.760108743549999133e+00
8.792170321589999560e+00
8.768275018869999826e+00
8.782996186709999265e+00
8.786974236840000785e+00
8.757490122329999238e+00
8.768695302119999369e+00
8.779293951790000605e+00
8.773872182419999888e+00
8.747834469280000746e+00
8.770231084060000626e+00
8.790526162999999116e+00
8.769508655170000111e+00
8.783581975720000656e+00
8.788155503320000506e+00
8.783597339539999993e+00
8.769361743319999292e+00
8.765247016749999176e+00
8.778060883120000213e+00
8.780477274949999966e+00
8.788164081059999688e+00
8.773932528510000495e+00
8.800088923680000619e+00
8.781726217999999307e+00
8.776460389389999506e+00
8.762056215219999444e+00
8.775988367660000122e+00
8.812396809890000071e+00
8.777509323280000331e+00
8.784645904590000498e+00
8.787750714139999531e+00
8.781903892180000781e+00
8.787166193839999195e+00
8.790722630639999480e+00
8.783392532420000620e+00
8.780499705860000503e+00
8.777342207369999372e+00
8.791541869419999600e+00
8.798103176750000642e+00
8.780620903850000047e+00
8.797220168870000023e+00
8.801931165579999217e+00
8.774282117109999390e+00
8.790922315010000432e+00
8.777981188209999175e+00
8.788504715029999304e+00
8.794948060510000332e+00
8.796760426380000553e+00
8.792375275130000389e+00
8.790913150519999775e+00
8.785296326199999228e+00
8.782722106959999664e+00
8.817819151520000176e+00
8.780004043150000825e+00
8.809257864139999228e+00
8.794400905739999885e+00
8.795667433409999347e+00
8.798923083129999156e+00
8.804553625149999618e+00
8.778619455830000362e+00
8.786937067140000224e+00
8.799522659899999155e+00
8.794474377920000308e+00
8.787272383770000417e+00
8.791035369270000288e+00
8.797912858560000160e+00
8.780336473849999379e+00
8.794356194869999754e+00
8.803440859640000227e+00
8.810296494630000197e+00
8.782818247250000709e+00
8.810213361520000674e+00
8.794756445200000883e+00
8.802726974540000526e+00
8.796623289730000295e+00
8.793835073189999463e+00
8.808241062669999621e+00
8.784523745770000502e+00
8.794976632110000025e+00
8.787620080920000021e+00
8.796849984030000513e+00
8.810730579139999463e+00
8.810519281970000449e+00
8.804323139019999189e+00
8.793729195450000091e+00
8.805562146519999800e+00
8.809805205230000880e+00
8.799581634700000876e+00
8.794717353839999419e+00
8.803394407100000763e+00
8.805914239939999888e+00
8.834384439269999945e+00
8.815745126839999557e+00
8.797909636300000003e+00
8.802240112590000720e+00
8.799498206850000059e+00
8.810632501620000667e+00
8.806596629870000470e+00
8.807262820689999216e+00
8.816939917739999188e+00
8.798945897250000314e+00
8.805687791240000450e+00
8.809204537399999424e+00
8.795171349000000305e+00
8.787835327410000730e+00
8.809467900350000491e+00
8.816324543700000405e+00
8.798325349020000630e+00
8.814879558770000401e+00
8.802078793450000660e+00
8.819414345260000232e+00
8.800091668449999460e+00
8.815884274589999237e+00
8.807496350339999225e+00
8.805209169010000281e+00
8.837400413919999309e+00
8.840327751809999413e+00
8.796622534089999945e+00
8.796930255639999530e+00
8.785679990780000281e+00
8.816978691530000134e+00
8.812143711330000073e+00
8.819676550069999621e+00
8.804416380730000213e+00
8.821105394239999953e+00
8.809160558949999498e+00
8.818512235029999147e+00
8.816659305800000013e+00
8.824374890179999653e+00
8.818477792890000444e+00
8.834402578180000631e+00
8.814916789659999807e+00
8.816884457820000520e+00
8.815777892159999851e+00
8.819267099090000173e+00
8.817830859029999857e+00
8.816584180759999612e+00
8.824590785579999874e+00
8.798413720799999282e+00
8.807156275720000593e+00
8.827553097950000094e+00
8.802070209889999219e+00
8.826482463250000521e+00
8.813090615129999250e+00
8.832287264999999721e+00
8.833897168180000037e+00
8.809965948300000349e+00
8.825195858889999911e+00
8.834150991650000506e+00
8.817593277369999427e+00
8.832465709299999190e+00
8.823673543530000885e+00
8.800847931770000798e+00
8.820473685999999702e+00
8.830128990809999578e+00
8.802922630370000334e+00
8.838215553739999564e+00
8.829506047149999759e+00
8.843513187279999244e+00
8.834402859820000842e+00
8.826814958379999965e+00
8.821545963969999349e+00
8.833273852479999633e+00
8.825866595280000837e+00
8.817862596379999474e+00
8.826042663630000007e+00
8.841213873299999193e+00
8.836411416869999869e+00
8.827548631240000887e+00
8.827530480100000077e+00
8.854446633109999354e+00
8.847931738610000707e+00
8.830938924910000765e+00
8.832626262839999853e+00
8.845444174640000767e+00
8.841845576560000808e+00
8.843271540940000008e+00
8.850952294269999854e+00
8.828161240209999150e+00
8.827476699119999992e+00
8.833937056299999924e+00
8.838306184960000422e+00
8.820763055480000503e+00
8.852954085509999516e+00
8.831469717599999214e+00
8.854576556319999625e+00
8.846055812859999534e+00
8.822542300469999432e+00
8.857932411280000196e+00
8.814782202560000002e+00
8.832239451779999584e+00
8.837352926419999477e+00
8.838567527849999550e+00
8.865241571609999482e+00
8.830750201140000755e+00
8.871408453349999945e+00
8.862252300899999824e+00
8.831053663100000506e+00
8.848913602650000598e+00
8.854435562209999944e+00
8.862686089940000400e+00
8.840564790449999322e+00
8.837014836719999877e+00
8.855863771830000175e+00
8.831336590719999435e+00
8.849802596620000017e+00
8.848232971010000725e+00
8.852515472749999503e+00
8.854775224589999993e+00
8.862904904720000587e+00
8.851073903379999663e+00
8.858115388010000757e+00
8.845779130129999501e+00
8.842420341100000414e+00
8.860869779779999789e+00
8.835519760480000429e+00
8.866043883499999723e+00
8.834918018239999782e+00
8.861306331899999833e+00
8.854635824829999891e+00
8.850837061620000057e+00
8.877344300829999924e+00
8.855996096609999313e+00
8.855929497220000002e+00
8.868806332349999266e+00
8.872622794510000688e+00
8.865140102970000768e+00
8.852218452260000703e+00
8.865734272830000151e+00
8.851448271300000670e+00
8.871714257380000745e+00
8.862228153749999393e+00
8.861839267269999709e+00
8.868525789850000507e+00
8.871581910839999807e+00
8.870672627899999441e+00
8.883444956920000024e+00
8.879358876079999519e+00
8.881467885030000176e+00
8.878680582339999461e+00
8.861284887580000103e+00
8.872232052739999375e+00
8.880073412330000693e+00
8.884163445969999628e+00
8.855335406260000042e+00
8.874632424470000558e+00
8.863541366050000647e+00
8.870972763779999326e+00
8.857902852040000496e+00
8.872203284379999388e+00
8.877765841020000437e+00
8.875553606600000478e+00
8.877364843489999657e+00
8.898162585979999761e+00
8.869669273279999544e+00
8.892476457540000823e+00
8.892825525230000139e+00
8.907016300600000491e+00
8.879612712429999277e+00
8.895464886890000145e+00
8.878488371139999558e+00
8.875463173720000043e+00
8.871063580910000468e+00
8.905895056709999480e+00
8.908805060969999801e+00
8.904420598750000693e+00
8.904102736540000507e+00
8.883376079559999638e+00
8.899473789700000026e+00
8.876561069719999253e+00
8.905574516459999757e+00
8.903092079400000358e+00
8.890934707870000508e+00
8.892570211849999851e+00
8.894220930659999524e+00
8.919075495799999587e+00
8.899617569709999287e+00
8.894740718639999599e+00
8.902961770459999258e+00
8.897177917480000531e+00
8.922450727830000261e+00
8.888929012420000220e+00
8.913181505529999882e+00
8.926291391090000360e+00
8.922761439240000314e+00
8.913108466720000678e+00
8.924081401420000503e+00
8.902260743399999399e+00
8.924790598310000433e+00
8.916603753069999527e+00
8.934354758910000527e+00
8.935591491629999439e+00
8.906272052309999410e+00
8.910337483610000220e+00
8.923684048680000203e+00
8.919688135930000428e+00
8.912171645560000854e+00
8.937513249209999344e+00
8.891501366880000035e+00
8.909128614200000129e+00
8.916744637140000762e+00
8.924787399179999525e+00
8.947554230030000610e+00
8.936674170199999878e+00
8.911172059300000114e+00
8.924112969290000308e+00
8.895369173249999761e+00
8.905940387510000278e+00
8.934588356360000816e+00
8.929891259810000648e+00
8.951678899050000027e+00
8.946989810530000753e+00
8.940399809500000572e+00
8.930966861079999930e+00
8.934301623179999652e+00
8.931855038789999313e+00
8.925904907639999664e+00
8.934931358869999229e+00
8.959347724380000599e+00
8.967880694839999833e+00
8.952735492880000479e+00
8.933530251440000569e+00
8.910841021379999560e+00
8.952867870560000441e+00
8.930305176330000094e+00
8.956043415419999931e+00
8.927179252449999325e+00
8.938081915630000651e+00
8.954573013799999259e+00
8.954745581470000104e+00
8.948596007280000819e+00
8.933690598009999206e+00
8.957540352689999708e+00
8.938020971340000287e+00
8.956440670379999247e+00
8.943904233179999608e+00
8.959821354909999869e+00
8.936623369639999481e+00
8.964814174520000734e+00
8.957810402079999790e+00
8.936633414990000190e+00
8.956576614699999439e+00
8.958131483280000751e+00
8.959193831980000411e+00
8.950951144859999431e+00
8.972779286990000713e+00
8.961574920080000339e+00
8.940465489139999278e+00
8.945026308290000117e+00
8.960412185330000057e+00
8.962881321719999406e+00
8.950276949939999227e+00
8.939921102539999609e+00
8.958100909129999678e+00
8.962418901699999552e+00
8.948270828180000080e+00
8.950658339269999431e+00
8.940857912840000310e+00
8.931706139959999291e+00
8.948449800140000576e+00
8.942043777929999493e+00
8.934070804210000105e+00
8.946929061720000576e+00
8.941821075889999193e+00
8.947383441950000460e+00
8.945092097179999868e+00
8.934264327179999299e+00
8.942146268580000168e+00
8.919025420640000590e+00
8.898074790109999910e+00
8.929925292909999257e+00
8.935919707260000067e+00
8.927163063980000146e+00
8.912555458110000828e+00
8.894231975989999484e+00
8.901677163089999567e+00
8.904382497829999465e+00
8.907122805900000273e+00
8.908588340250000570e+00
8.908652509239999517e+00
8.898017096780000301e+00
8.870082634599999238e+00
8.858961684149999627e+00
8.850961409250000855e+00
8.861517526649999255e+00
8.852947328569999996e+00
8.834836399760000347e+00
8.845640733579999804e+00
8.845516027649999558e+00
8.798837357649999191e+00
8.785971676329999980e+00
8.796292294600000616e+00
8.788570116589999870e+00
8.756521902759999421e+00
8.765308322670000152e+00
8.744591544980000464e+00
8.733548914400000029e+00
8.689650950700000820e+00
8.710977683310000330e+00
8.657299003940000404e+00
8.657039364599999232e+00
8.621548242379999394e+00
8.609755432769999217e+00
8.591324512930000878e+00
8.571024006940000106e+00
8.539530543959999775e+00
8.489118299399999401e+00
8.481021715440000719e+00
8.437952158610000808e+00
8.399700245100000018e+00
8.352893533370000512e+00
8.295626843859999155e+00
8.267220116280000752e+00
8.238799695249999999e+00
8.152617928110000634e+00
8.102828446849999366e+00
8.067780020540000763e+00
7.982731715839999964e+00
7.908630029000000228e+00
7.853860723180000392e+00
7.767166134960000079e+00
7.689940367730000226e+00
7.616640512280000053e+00
7.528739002740000075e+00
7.429492785119999887e+00
7.324539018320000316e+00
7.193464770390000318e+00
7.114816876549999947e+00
6.982770674860000248e+00
6.880380366949999882e+00
6.729038862690000400e+00
6.628530821120000027e+00
6.435770416359999579e+00
6.304587247349999757e+00
6.167568873099999571e+00
5.991225424159999591e+00
5.871858571219999767e+00
5.675527635329999931e+00
5.540923163829999609e+00
5.388832364989999846e+00
5.238906958490000321e+00
5.088604430060000183e+00
4.928302991459999838e+00
4.784922281260000076e+00
4.633637647609999632e+00
4.538241249969999558e+00
4.447788670719999615e+00
4.330155669849999889e+00
4.300572852430000204e+00
4.188378659469999654e+00
4.161523393609999566e+00
4.148376108559999942e+00
4.136131619650000424e+00
4.108166586970000367e+00
4.178166698020000069e+00
4.165339266260000173e+00
4.185440125460000438e+00
4.263029703219999966e+00
4.306599496329999610e+00
4.433149705549999986e+00
4.491925917429999693e+00
4.558679904709999953e+00
4.640736297620000173e+00
4.743787916759999668e+00
4.828902589260000155e+00
4.907526295040000264e+00
5.009472927020000022e+00
5.101057134350000410e+00
5.195509796049999629e+00
5.285910197349999784e+00
5.378163820560000197e+00
5.453458650019999965e+00
5.533654766349999754e+00
5.641622655079999937e+00
5.725447666450000028e+00
5.813646494280000354e+00
5.864170797389999912e+00
5.955675399439999573e+00
6.004058071170000233e+00
6.090373125460000203e+00
6.150367928529999695e+00
6.231265209150000040e+00
6.268911411150000390e+00
6.325243176359999886e+00
6.402596069480000374e+00
6.453048130880000066e+00
6.509744756379999941e+00
6.565799298059999956e+00
6.600036716990000052e+00
6.684085341650000345e+00
6.710494544200000355e+00
6.728430934460000401e+00
6.779730007580000439e+00
6.834088159060000223e+00
6.861589651320000094e+00
6.898879090000000325e+00
6.933007018449999670e+00
6.982640923109999953e+00
7.008922443750000397e+00
7.029127123560000356e+00
7.093041290719999559e+00
7.110926385960000040e+00
7.158997552039999768e+00
7.157088461379999877e+00
7.189725723129999579e+00
7.253135506979999647e+00
7.268332288769999927e+00
7.293487861220000035e+00
7.310819306970000042e+00
7.339334762070000018e+00
7.361856892129999608e+00
7.403903898280000284e+00
7.404095290239999905e+00
7.422531781200000012e+00
7.456483336719999855e+00
7.455508019149999832e+00
7.470295079339999589e+00
7.497551910040000323e+00
7.518316624699999728e+00
7.558900837770000436e+00
7.578982652479999693e+00
7.563240862199999803e+00
7.594948858379999557e+00
7.605014162369999831e+00
7.618574884490000088e+00
7.641075741439999902e+00
7.654295384120000101e+00
7.661411588130000005e+00
7.685942666149999880e+00
7.710509187749999604e+00
7.723683825940000247e+00
7.711012141770000383e+00
7.716277122160000168e+00
7.761147407890000238e+00
7.776435106820000165e+00
7.764059909710000262e+00
7.774368207500000238e+00
7.821422587519999858e+00
7.814435538799999748e+00
7.820415418979999700e+00
7.864362628900000374e+00
7.807439628670000076e+00
7.848536735329999736e+00
7.867659031859999708e+00
7.873567153779999828e+00
7.888168154369999741e+00
7.890577780120000106e+00
7.894840257440000286e+00
7.886131004450000148e+00
7.923786783939999800e+00
7.939824651690000401e+00
7.948078319869999575e+00
7.934511625629999898e+00
7.965390103649999887e+00
7.988616981879999912e+00
7.954670762550000163e+00
7.971462621939999771e+00
7.977837178089999703e+00
7.991826850659999870e+00
7.982218173819999762e+00
8.000564195540000867e+00
8.018303974580000215e+00
7.999909080800000183e+00
8.020253867419999239e+00
8.047326800180000461e+00
8.033001611959999622e+00
8.015487185559999617e+00
8.045806896149999332e+00
8.056327451339999612e+00
8.066906857490000249e+00
8.051020642910000191e+00
8.045487770830000329e+00
8.075654951049999752e+00
8.077711315169999295e+00
8.074664814620000186e+00
8.098647190490000369e+00
8.092227429239999381e+00
8.111993240660000382e+00
8.115584017319999788e+00
8.115035986040000537e+00
8.124962771130000760e+00
8.114858957630000091e+00
8.148913335119999601e+00
8.138357775290000262e+00
8.130423356639999710e+00
8.140456135410000016e+00
8.115467703589999360e+00
8.137221867790000118e+00
8.153783566250000447e+00
8.191712289019999815e+00
8.153465173820000800e+00
8.167333670939999735e+00
8.166241696749999335e+00
8.172045363940000584e+00
8.174367216300000294e+00
8.178453552000000570e+00
8.188215767630000030e+00
8.168664126059999475e+00
8.202338397080000121e+00
8.202939855449999484e+00
8.227707163539999868e+00
8.191980869289999134e+00
8.221198323339999448e+00
8.204821033320000012e+00
8.212248019989999648e+00
8.218184018109999656e+00
8.211721283959999340e+00
8.218483819559999404e+00
8.243740349110000309e+00
8.227108424120000763e+00
8.238692486199999720e+00
8.215903932010000688e+00
8.242491179310000859e+00
8.236946771090000396e+00
8.255454055799999580e+00
8.250166157529999822e+00
8.257706909799999551e+00
8.250510927500000591e+00
8.266811066020000709e+00
8.281607250620000471e+00
8.249654638770000048e+00
8.246863526829999458e+00
8.289235995220000319e+00
8.292911229559999597e+00
8.268418500579999275e+00
8.261140378080000346e+00
8.276791871609999518e+00
8.271549204730000326e+00
8.269289474249999827e+00
8.280167882549999803e+00
8.288953654740000232e+00
8.308734361610000008e+00
8.311828968449999522e+00
8.292839687380000768e+00
8.310370779019999432e+00
8.288820246649999390e+00
8.292296067340000576e+00
8.330807869379999175e+00
8.298421574860000760e+00
8.329786381679999963e+00
8.289637913740000030e+00
8.315386875370000652e+00
8.312162894229999210e+00
8.313380954579999482e+00
8.322951202920000568e+00
8.329486323059999364e+00
8.318244861980000238e+00
8.326561781409999696e+00
8.316260240669999249e+00
8.316730814259999605e+00
8.341401180280000105e+00
8.327757611599999166e+00
8.323985629870000125e+00
8.333490949619999810e+00
8.340470567740000618e+00
8.334439206129999889e+00
8.342445911780000500e+00
8.344026492790000304e+00
8.350176720460000368e+00
8.349635196830000439e+00
8.338639402660000144e+00
8.339437939170000647e+00
8.346874952529999447e+00
8.332056148210000401e+00
8.353271242920000006e+00
8.349482205379999300e+00
8.355375986660000365e+00
8.369664567090000062e+00
8.358766868489999169e+00
8.363895507900000581e+00
8.372462091610000101e+00
8.386679722309999363e+00
8.374752561479999358e+00
8.370155260140000664e+00
8.393367343390000457e+00
8.384324509169999828e+00
8.351155873390000650e+00
8.380219967760000443e+00
8.388123297750000873e+00
8.383665858840000595e+00
8.388108659789999422e+00
8.382637061909999687e+00
8.386064377500000333e+00
8.374055084980000174e+00
8.410690134099999327e+00
8.396549235000000166e+00
8.376064024619999770e+00
8.380420871440000141e+00
8.396861242510000878e+00
8.376575821750000372e+00
8.410539978879999268e+00
8.389860567619999543e+00
8.400611039819999348e+00
8.406369270700000840e+00
8.415709691409999138e+00
8.395043945470000324e+00
8.395753425280000570e+00
8.393567335660000239e+00
8.392359880500000813e+00
8.396150127260000318e+00
8.397262412350000815e+00
8.411839891759999688e+00
8.414483560689999919e+00
8.405434935509999761e+00
8.397613614739999122e+00
8.402120688829999295e+00
8.394397752070000607e+00
8.409718056890000071e+00
8.418807455879999679e+00
8.418635279620000134e+00
8.421685494660000160e+00
8.423496272390000428e+00
8.411172004810000047e+00
8.416607085469999916e+00
8.400532117110000030e+00
8.424638988019999886e+00
8.414004913570000355e+00
8.404151333270000634e+00
8.412389072179999872e+00
8.429109606999999116e+00
8.418331967900000379e+00
8.442223827959999483e+00
8.425464952489999604e+00
8.429013544809999203e+00
8.418692081970000629e+00
8.453860440779999763e+00
8.407161589450000250e+00
8.429013611900000313e+00
8.421671152909999236e+00
8.417313346120000261e+00
8.432002997939999744e+00
8.412755999710000765e+00
8.426638368600000817e+00
8.421544398889999172e+00
8.452101471669999810e+00
8.437968854659999351e+00
8.431364001889999571e+00
8.439170329590000463e+00
8.430756592699999885e+00
8.463823215270000588e+00
8.461119446479999695e+00
8.442600770809999489e+00
8.437880321030000630e+00
8.470872071289999639e+00
8.462404376620000335e+00
8.445578864630000737e+00
8.439126484970000064e+00
8.444394439839999933e+00
8.476648056780000218e+00
8.433168384449999166e+00
8.432168573080000229e+00
8.464652833949999788e+00
8.447574913740000468e+00
8.467778746160000480e+00
8.457282073900000086e+00
8.450398768479999490e+00
8.435416907700000522e+00
8.445404972209999528e+00
8.452639975280000328e+00
8.447207329719999436e+00
8.441877151519999956e+00
8.435080365370000166e+00
8.484961573819999714e+00
8.468252050480000293e+00
8.458215304730000383e+00
8.460562656040000462e+00
8.449916102239999560e+00
8.469639065200000871e+00
8.453619718120000570e+00
8.462765144689999630e+00
8.477065306029999192e+00
8.466017799230000307e+00
8.492012314029999231e+00
8.454643050670000548e+00
8.468441780070000036e+00
8.468951898249999388e+00
8.487534744619999572e+00
8.480100772829999300e+00
8.454782454320000085e+00
8.471308621249999504e+00
8.501751389120000724e+00
8.488555321830000722e+00
8.472943674159999716e+00
8.475283667230000262e+00
8.474089478219999805e+00
8.475049094990000143e+00
8.479798233000000351e+00
8.474753066179999905e+00
8.471271810810000247e+00
8.477605438050000330e+00
8.477100437780000775e+00
8.479802953849999270e+00
8.486906049439999933e+00
8.477512871340000089e+00
8.499963853820000637e+00
8.460210991200000308e+00
8.485118845260000597e+00
8.498239165950000285e+00
8.472340152039999239e+00
8.490385150259999847e+00
8.468328421080000723e+00
8.502086002809999599e+00
8.488514805650000383e+00
8.498625430260000613e+00
8.470696026409999746e+00
8.470694433409999391e+00
8.479562937349999885e+00
8.499841879650000820e+00
8.484650386000000211e+00
8.482787827310000139e+00
8.491465619439999557e+00
8.483553348699999219e+00
8.489138842099999138e+00
8.497674929900000507e+00
8.482870755749999603e+00
8.515168084509999957e+00
8.510228727679999494e+00
8.491503372469999533e+00
8.492410387890000578e+00
8.494565457080000215e+00
8.507050934640000506e+00
8.497726156780000650e+00
8.496463997750000274e+00
8.491158906989999977e+00
8.465730498339999244e+00
8.499133949910000041e+00
8.500365213280000276e+00
8.498749953709999971e+00
8.503808058549999771e+00
8.505790438400000042e+00
8.474680642699999211e+00
8.493658484219999139e+00
8.485629300650000317e+00
8.489777661010000642e+00
8.515079568899999174e+00
8.519263674799999464e+00
8.491010203549999247e+00
8.490666926059999398e+00
8.509006524200000143e+00
8.511669574209999922e+00
8.519098246429999577e+00
8.495938123749999349e+00
8.511223859790000290e+00
8.508978727769999750e+00
8.528787910200000155e+00
8.488723238400000426e+00
8.504849595930000561e+00
8.526144271030000610e+00
8.522585847460000252e+00
8.498910849490000530e+00
8.505029873599999846e+00
8.504555097809999964e+00
8.492778259830000565e+00
8.529431181910000603e+00
8.506269389259999869e+00
8.486172072400000488e+00
8.511075708510000837e+00
8.514176128389999931e+00
8.494403831399999660e+00
8.494969039500000818e+00
8.509040836969999688e+00
8.512677134309999616e+00
8.507251191279999958e+00
8.504588394680000718e+00
8.502304760739999523e+00
8.515179174169999143e+00
8.505873108470000332e+00
8.516035568339999529e+00
8.518916661929999634e+00
8.500132838680000802e+00
8.492103880489999312e+00
8.513637620329999933e+00
8.538303450849999976e+00
8.523342077980000653e+00
8.530151398679999275e+00
8.516502105249999843e+00
8.495753230320000071e+00
8.488770750480000515e+00
8.517358139620000657e+00
8.521428221080000753e+00
8.515964491769999256e+00
8.525582868220000776e+00
8.530581041530000519e+00
8.505071351850000738e+00
8.518802711210000211e+00
8.518701237460000186e+00
8.523542593749999341e+00
8.539008914129999184e+00
8.531345490150000543e+00
8.506532895479999468e+00
8.534411063269999431e+00
8.522494963830000714e+00
8.515734932539999136e+00
8.532738138870000100e+00
8.522585390290000618e+00
8.544519680100000514e+00
8.533527828640000479e+00
8.539906002200000401e+00
8.502906589360000211e+00
8.532853775850000488e+00
8.531594927740000500e+00
8.547135256849999863e+00
8.548094955779999893e+00
8.521350696609999886e+00
8.523053888370000664e+00
8.530045315069999745e+00
8.525560166569999154e+00
8.536372577750000801e+00
8.528749667270000501e+00
8.530601472309999878e+00
8.508564780969999575e+00
8.545166369269999507e+00
8.525428112469999320e+00
8.532170946880000884e+00
8.530537270599999999e+00
8.518664116440000100e+00
8.540616233890000686e+00
8.561314158960000142e+00
8.538322048890000460e+00
8.529570229240000856e+00
8.531784093889999809e+00
8.524707968270000435e+00
8.526290216610000527e+00
8.534003065229999407e+00
8.518846631929999802e+00
8.534157263379999137e+00
8.538527336430000503e+00
8.533180094789999615e+00
8.540712473870000210e+00
8.524832801080000522e+00
8.539872562910000298e+00
8.514557537580000002e+00
8.540201467659999324e+00
8.545613140989999579e+00
8.515392362780000113e+00
8.512957433209999536e+00
8.559652266660000564e+00
8.527774795430000054e+00
8.535061870350000746e+00
8.569089300010000798e+00
8.535535567469999307e+00
8.544636151320000650e+00
8.540312679319999489e+00
8.536967023080000772e+00
8.551861375690000600e+00
8.534902108400000742e+00
8.539155066990000265e+00
8.558101714779999369e+00
8.547185066919999130e+00
8.544718827040000519e+00
8.560153711450000813e+00
8.543857190989999850e+00
8.553908446579999492e+00
8.546011259309999275e+00
8.547539921429999410e+00
8.552983944579999331e+00
8.553420906450000416e+00
8.551886133800000067e+00
8.528234540779999762e+00
8.549143927479999405e+00
8.524097046099999631e+00
8.537825271699999163e+00
8.536844859760000404e+00
8.553285799499999342e+00
8.542839589519999777e+00
8.543108942259999949e+00
8.541053313480000853e+00
8.539222167300000166e+00
8.555519273619999865e+00
8.540257381949999171e+00
8.551126060019999642e+00
8.522949841910000046e+00
8.557503797329999884e+00
8.535052089000000564e+00
8.554814580029999505e+00
8.560920730459999461e+00
8.542842715649999974e+00
8.558469622969999691e+00
8.555242131580000020e+00
8.514129916410000831e+00
8.554478054560000544e+00
8.548738861789999532e+00
8.555592805950000823e+00
8.540829898880000215e+00
8.539397125440000735e+00
8.549964825500000032e+00
8.558200000999999446e+00
8.554799798530000388e+00
8.547494306140000830e+00
8.572645762449999651e+00
8.546060970739999263e+00
8.548274411859999589e+00
8.532913477879999320e+00
8.545986199899999747e+00
8.544187822359999629e+00
8.559636146889999964e+00
8.558591270710000032e+00
8.563583874509999916e+00
8.576764782950000665e+00
8.541846602459999716e+00
8.536528564870000224e+00
8.564435778940000077e+00
8.524434909169999131e+00
8.542860203440000078e+00
8.548259894839999262e+00
8.550723113229999228e+00
8.543840532360000850e+00
8.556609177820000411e+00
8.555086191159999132e+00
8.543471639219999858e+00
8.540399682749999499e+00
8.542351633350000029e+00
8.539168235289999132e+00
8.546775962670000837e+00
8.552488255869999279e+00
8.538697757230000462e+00
8.555561378289999297e+00
8.564930039060000055e+00
8.548109428240000085e+00
8.544054822730000609e+00
8.561642691319999443e+00
8.559463536559999142e+00
8.553547529610000311e+00
8.542396720090000173e+00
8.574495100460000074e+00
8.567349703030000541e+00
8.538593898229999368e+00
8.548713148659999206e+00
8.538652909510000555e+00
8.548856304650000126e+00
8.558884548660000036e+00
8.570747245359999766e+00
8.572779553920000239e+00
8.566796181550000000e+00
8.548002692620000786e+00
8.562927223399999122e+00
8.549092354149999906e+00
8.558903702729999452e+00
8.559579143069999674e+00
8.536557332470000148e+00
8.566543330729999184e+00
8.583878711300000575e+00
8.570899909170000441e+00
8.570226466999999460e+00
8.569563765050000725e+00
8.575462105239999744e+00
8.561106302749999841e+00
8.559002300370000427e+00
8.542891936749999360e+00
8.546121616820000710e+00
8.562227391600000459e+00
8.575253075510000045e+00
8.586876982819999782e+00
8.561343716510000590e+00
8.575306364110000246e+00
8.564154031870000239e+00
8.562114417020000090e+00
8.548968676950000400e+00
8.561535370819999713e+00
8.552832764370000618e+00
8.571121464100000864e+00
8.550349972699999412e+00
8.589300247929999799e+00
8.560208108359999457e+00
8.549640270190000280e+00
8.559038620100000827e+00
8.546705215219999374e+00
8.569768895030000166e+00
8.554662593330000675e+00
8.558492766680000585e+00
8.548193466969999932e+00
8.568172568179999615e+00
8.571998591499999876e+00
8.563760320149999217e+00
8.568109347289999178e+00
8.564428455899999904e+00
8.585547724610000486e+00
8.550196813639999505e+00
8.572458191089999957e+00
8.562940929550000746e+00
8.577430203649999640e+00
8.571874710810000408e+00
8.543682834509999324e+00
8.564820302190000234e+00
8.557725849900000625e+00
8.593859268890000180e+00
8.585664163149999695e+00
8.573129238920000006e+00
8.567101660560000553e+00
8.565266102100000722e+00
8.563895481550000355e+00
8.557229317139999125e+00
8.575478395270000220e+00
8.559725218349999665e+00
8.543928025790000547e+00
8.578653117900000069e+00
8.593927952390000513e+00
8.583296792569999667e+00
8.580846023350000351e+00
8.566360217590000659e+00
8.579230247719999980e+00
8.564142444319999825e+00
8.559748918160000386e+00
8.547411006549999968e+00
8.564253786900000165e+00
8.585604185859999404e+00
8.570680352269999247e+00
8.568144991640000541e+00
8.570490968550000588e+00
8.564632514650000417e+00
8.563350873390000118e+00
8.570211512920000274e+00
8.568211133449999295e+00
8.577539160640000659e+00
8.556502688449999283e+00
8.579100020140000282e+00
8.571271343930000342e+00
8.583282091899999244e+00
8.570828640149999345e+00
8.571218671540000500e+00
8.578033450959999584e+00
8.566819022020000673e+00
8.564602420510000869e+00
8.583031735269999629e+00
8.582732475429999397e+00
8.576727557959999970e+00
8.565761938159999644e+00
8.586945597410000630e+00
8.562040476170000858e+00
8.570943373509999574e+00
8.561478193699999295e+00
8.569279082419999582e+00
8.587004712720000654e+00
8.586308398790000851e+00
8.581603593609999692e+00
8.566368483259999778e+00
8.579129733349999398e+00
8.542950129159999406e+00
8.566805968249999736e+00
8.570768977440000214e+00
8.585752541619999789e+00
8.579412907349999173e+00
8.567202990460000223e+00
8.577149587850000145e+00
8.582637023389999342e+00
8.582346866900000038e+00
8.570050906989999717e+00
8.597489835970000271e+00
8.550095107049999754e+00
8.576403318389999697e+00
8.561369413890000502e+00
8.561433223110000768e+00
8.571273973289999404e+00
8.580874267960000523e+00
8.555474728140000096e+00
8.581934113280000886e+00
8.585224068829999666e+00
8.586256734450000039e+00
8.572523814540000231e+00
8.576138256880000199e+00
8.609584856439999712e+00
8.585136479459999137e+00
8.600233647879999666e+00
8.602968176990000160e+00
8.570241124369999852e+00
8.577789612289999255e+00
8.576041178969999734e+00
8.584915655559999692e+00
8.572908523340000642e+00
8.576479943660000771e+00
8.582749334860000801e+00
8.575561999819999670e+00
8.567454288709999588e+00
8.571553950329999338e+00
8.596239442519999940e+00
8.579608510810000865e+00
8.574316909009999321e+00
8.591247432150000307e+00
8.573970451070000109e+00
8.593404975029999449e+00
8.569393339399999476e+00
8.575090449110000179e+00
8.592728032369999269e+00
8.580514687519999129e+00
8.569253270460000849e+00
8.572567672759999979e+00
8.572244646739999752e+00
8.543829608659999408e+00
8.567640529089999291e+00
8.556922658450000441e+00
8.571730365740000579e+00
8.613142888400000530e+00
8.594789311770000495e+00
8.590975079410000603e+00
8.563730812290000216e+00
8.579177178800000192e+00
8.577360054670000622e+00
8.577565689269999183e+00
8.593520005860000310e+00
8.589292059010000813e+00
8.584696542090000548e+00
8.564443504550000696e+00
8.573099717410000764e+00
8.585620974079999357e+00
8.578036829260000218e+00
8.595690382720000855e+00
8.597334420730000204e+00
8.593729695629999554e+00
8.568541656829999908e+00
8.569031552580000266e+00
8.572690555930000400e+00
8.588427041150000107e+00
8.570535347459999898e+00
8.566434843930000653e+00
8.571425248129999730e+00
8.579926171500000365e+00
8.568706128089999652e+00
8.578578658259999656e+00
8.594999812370000214e+00
8.609092006399999164e+00
8.571395219799999410e+00
8.591879207659999906e+00
8.577328632089999516e+00
8.603178867040000455e+00
8.577571158559999631e+00
8.588937508289999911e+00
8.595553355410000762e+00
8.573831577720000041e+00
8.573747977389999164e+00
8.585310102899999407e+00
8.593225097510000410e+00
8.591958555839999789e+00
8.613146148480000264e+00
8.608063131990000727e+00
8.583062971200000391e+00
8.593002914650000434e+00
8.607256865540000135e+00
8.605799418640000198e+00
8.606758137850000878e+00
8.588109094869999183e+00
8.581566128800000470e+00
8.582462484589999718e+00
8.584540996719999484e+00
8.583882259110000135e+00
8.593635280999999182e+00
8.593406142219999211e+00
8.591669241909999144e+00
8.589015704379999505e+00
8.602984743129999501e+00
8.596559029159999810e+00
8.603465465810000268e+00
8.604884098590000363e+00
8.592977597639999132e+00
