1.226482987403869629e+00
1.981589913368225098e+00
9.954128861427307129e-01
-7.581982612609863281e-01
-2.827716469764709473e-01
-2.624910473823547363e-01
2.692039310932159424e-01
-2.286525726318359375e+00
-7.960661411285400391e+00
-9.811376571655273438e+00
-2.479539680480957031e+01
-5.053160858154296875e+01
-7.330384826660156250e+01
-9.442195892333984375e+01
-1.118766098022460938e+02
-1.235379562377929688e+02
-1.286012420654296875e+02
-1.345493316650390625e+02
-1.377352600097656250e+02
-1.436669921875000000e+02
-1.467861785888671875e+02
-1.507544708251953125e+02
-1.560831298828125000e+02
-1.581941375732421875e+02
-1.606003112792968750e+02
-1.600181579589843750e+02
-1.604671630859375000e+02
-1.621940612792968750e+02
-1.611829528808593750e+02
-1.619457550048828125e+02
-1.628634796142578125e+02
-1.638992004394531250e+02
-1.641726837158203125e+02
-1.653275756835937500e+02
-1.651155395507812500e+02
-1.634956817626953125e+02
-1.646378631591796875e+02
-1.661892395019531250e+02
-1.653407135009765625e+02
-1.648978576660156250e+02
-1.645624237060546875e+02
-1.680000915527343750e+02
-1.654461975097656250e+02
-1.675495147705078125e+02
-1.669901123046875000e+02
-1.640597381591796875e+02
-1.652050781250000000e+02
-1.671723480224609375e+02
-1.638990478515625000e+02
-1.627983398437500000e+02
-1.632851562500000000e+02
-1.628987884521484375e+02
-1.651718139648437500e+02
-1.653813629150390625e+02
-1.660830841064453125e+02
-1.642623443603515625e+02
-1.591349487304687500e+02
-1.560652923583984375e+02
-1.498449707031250000e+02
-1.211286849975585938e+02
-9.394964599609375000e+01
-7.430635070800781250e+01
-5.883783721923828125e+01
-4.506890487670898438e+01
-3.866768264770507812e+01
-3.475680541992187500e+01
-3.201676940917968750e+01
-2.351446723937988281e+01
-2.333898735046386719e+01
-1.765451240539550781e+01
-1.638026618957519531e+01
-1.123898601531982422e+01
-9.830266952514648438e+00
-8.130667686462402344e+00
-8.168920516967773438e+00
-6.597483634948730469e+00
-6.792573451995849609e+00
-5.569526195526123047e+00
-2.975190877914428711e+00
-3.486397504806518555e+00
-3.614983797073364258e+00
-5.673916935920715332e-01
-1.539127826690673828e+00
-6.045610308647155762e-01
3.708249032497406006e-01
-1.463921546936035156e+00
-1.147233366966247559e+00
-1.384437441825866699e+00
-6.394873857498168945e-01
-9.546321630477905273e-01
-5.558751821517944336e-01
1.862965710461139679e-02
-2.194131612777709961e+00
-1.595117568969726562e+00
1.494026780128479004e-01
-2.350279092788696289e-01
4.877849221229553223e-01
2.091636657714843750e+00
1.297968864440917969e+00
3.978787362575531006e-01
8.867028355598449707e-01
1.361438482999801636e-01
-1.911199927330017090e+00
-8.686090707778930664e-01
-1.764187574386596680e+00
6.867598295211791992e-01
-4.398501813411712646e-01
1.310219615697860718e-01
1.974745392799377441e+00
5.438225865364074707e-01
-2.324453294277191162e-01
-7.184858322143554688e-01
-1.124695658683776855e+00
-1.020747900009155273e+00
-5.644516348838806152e-01
-4.294079840183258057e-01
-7.585433721542358398e-01
1.884330630302429199e+00
1.603604912757873535e+00
-3.392963707447052002e-01
-1.626194477081298828e+00
-2.274848222732543945e+00
-4.289821684360504150e-01
-8.855973482131958008e-01
-9.816613793373107910e-01
-8.672892451286315918e-01
-1.881623417139053345e-01
-1.049850434064865112e-01
1.475912332534790039e+00
-4.079355597496032715e-01
-1.149081707000732422e+00
1.924789547920227051e+00
9.096354246139526367e-01
4.650267362594604492e-01
-1.579292118549346924e-01
-8.165085315704345703e-02
-1.499837517738342285e+00
-9.405232667922973633e-01
-2.051800936460494995e-01
-1.077360272407531738e+00
9.421493411064147949e-01
1.013047024607658386e-01
2.340628653764724731e-01
-9.376832246780395508e-01
1.757850646972656250e-01
-1.961341977119445801e+00
-8.374234437942504883e-01
1.720536231994628906e+00
-5.448152422904968262e-01
1.582335710525512695e+00
1.051547527313232422e+00
1.332670092582702637e+00
-1.252162337303161621e+00
-3.615976870059967041e-01
-5.559996366500854492e-01
1.455569624900817871e+00
-6.888357400894165039e-01
-1.028436899185180664e+00
-1.828225493431091309e+00
-6.985785365104675293e-01
8.136578202247619629e-01
5.525676012039184570e-01
3.591772317886352539e-01
6.004515886306762695e-01
-2.132543325424194336e-01
-2.843964099884033203e-01
7.354840040206909180e-01
2.019221067428588867e+00
3.213198184967041016e-01
-1.132407426834106445e+00
-1.323440432548522949e+00
3.792360126972198486e-01
-2.139417678117752075e-01
-1.117918491363525391e+00
-5.221323370933532715e-01
-4.863312542438507080e-01
5.664016604423522949e-01
-1.775270998477935791e-01
1.060932993888854980e+00
7.459692955017089844e-01
1.045072451233863831e-01
8.713299408555030823e-03
4.482489526271820068e-01
1.789640784263610840e+00
7.766995429992675781e-01
-2.639597058296203613e-01
2.070950508117675781e+00
1.173474192619323730e+00
1.437313795089721680e+00
-3.641739487648010254e-01
9.017282128334045410e-01
-6.079234480857849121e-01
-1.163971066474914551e+00
9.713928699493408203e-01
5.138393044471740723e-01
1.442739367485046387e+00
1.293278098106384277e+00
1.400538444519042969e+00
1.901860713958740234e+00
8.286457657814025879e-01
7.049148082733154297e-01
-1.168745994567871094e+00
-5.878580808639526367e-01
4.091485142707824707e-01
5.231027007102966309e-01
2.295661449432373047e+00
-5.997722744941711426e-01
1.062384605407714844e+00
1.077611446380615234e+00
-1.389909982681274414e+00
-6.043477058410644531e-01
1.286731004714965820e+00
-6.713528037071228027e-01
-1.375850439071655273e+00
-6.183643937110900879e-01
-1.525936722755432129e+00
-2.161418676376342773e+00
2.521062493324279785e-01
6.468519568443298340e-01
5.701739192008972168e-01
1.092330098152160645e+00
-3.553772866725921631e-01
1.185921669006347656e+00
-5.130279064178466797e-01
2.319539189338684082e-01
-3.166300296783447266e+00
-4.896513223648071289e-01
1.662120580673217773e+00
9.141966700553894043e-02
-1.048584103584289551e+00
5.664052963256835938e-01
7.968192696571350098e-01
9.261436462402343750e-01
-7.392667531967163086e-01
-1.265745639801025391e+00
-3.835550546646118164e-01
-1.082188725471496582e+00
-3.672824859619140625e+00
8.969591259956359863e-01
1.152604371309280396e-01
2.264425039291381836e+00
1.046076297760009766e+00
1.911565542221069336e+00
2.993968129158020020e-01
-8.674451112747192383e-01
1.330301880836486816e+00
-6.718185544013977051e-01
-6.227261945605278015e-02
4.801611006259918213e-01
8.100058436393737793e-01
1.789015007019042969e+01
3.017232704162597656e+01
4.109112548828125000e+01
4.935974502563476562e+01
5.504663848876953125e+01
5.384559631347656250e+01
5.598365402221679688e+01
5.727460861206054688e+01
5.817401504516601562e+01
5.861233139038085938e+01
6.276696395874023438e+01
6.510373687744140625e+01
6.489340209960937500e+01
6.379588317871093750e+01
6.556643676757812500e+01
6.273107147216796875e+01
6.444989776611328125e+01
6.496808624267578125e+01
6.498777770996093750e+01
6.585668182373046875e+01
6.621588134765625000e+01
6.381882858276367188e+01
6.555902862548828125e+01
6.501942443847656250e+01
6.626710510253906250e+01
6.729557037353515625e+01
6.683951568603515625e+01
6.901446533203125000e+01
6.768588256835937500e+01
6.604807281494140625e+01
6.755339050292968750e+01
7.001892089843750000e+01
6.681595611572265625e+01
6.871597290039062500e+01
6.933516693115234375e+01
6.667696380615234375e+01
6.844811248779296875e+01
7.026790618896484375e+01
6.932109832763671875e+01
6.914369964599609375e+01
6.881108856201171875e+01
7.026167297363281250e+01
7.233037567138671875e+01
7.029640197753906250e+01
7.013731384277343750e+01
7.202818298339843750e+01
6.879694366455078125e+01
7.140912628173828125e+01
6.316346740722656250e+01
4.200743484497070312e+01
3.172986793518066406e+01
1.810673522949218750e+01
1.141246795654296875e+01
1.104507923126220703e+01
9.105250358581542969e+00
6.964042186737060547e+00
3.269728183746337891e+00
4.001518726348876953e+00
5.040983557701110840e-01
-3.536407232284545898e+00
-5.405833721160888672e+00
-3.755164146423339844e+00
-1.832393527030944824e+00
-1.359592437744140625e+00
-1.866337299346923828e+00
-4.564507603645324707e-01
-1.525028705596923828e+00
-8.921938538551330566e-01
-2.772518634796142578e+00
-1.889310479164123535e+00
-2.056691408157348633e+00
-2.296988487243652344e+00
-2.060684710741043091e-01
-1.990421772003173828e+00
8.903734385967254639e-02
3.825707733631134033e-01
-1.897110462188720703e+00
1.130922436714172363e+00
-1.831449389457702637e+00
2.358439207077026367e+00
1.641269445419311523e+00
1.429076790809631348e+00
-2.698253095149993896e-01
-6.403031945228576660e-01
-1.416975617408752441e+00
7.861169576644897461e-01
7.274944186210632324e-01
2.393272817134857178e-01
1.210036993026733398e+00
7.376764416694641113e-01
-1.122311472892761230e+00
-1.696293950080871582e+00
1.620689988136291504e+00
1.876830339431762695e+00
1.184466242790222168e+00
-9.898589253425598145e-01
-1.387397527694702148e+00
5.706132054328918457e-01
1.219527721405029297e+00
-6.884771585464477539e-01
-5.078026652336120605e-01
-2.755901217460632324e-01
-2.181659489870071411e-01
-1.325925827026367188e+00
7.500113248825073242e-01
-1.816778898239135742e+00
2.093025743961334229e-01
-1.355689525604248047e+00
8.580598831176757812e-01
-1.081405758857727051e+00
-2.734464406967163086e+00
2.584604501724243164e+00
1.286423921585083008e+00
-5.761006474494934082e-01
-9.360166192054748535e-01
2.293747186660766602e+00
1.296600580215454102e+00
6.584973931312561035e-01
-2.375104427337646484e-01
-7.001580595970153809e-01
1.627713084220886230e+00
-6.243890523910522461e-01
-1.387475609779357910e+00
4.531927406787872314e-02
-1.626665949821472168e+00
-5.353795886039733887e-01
7.985798120498657227e-01
1.033719420433044434e+00
-1.942916363477706909e-01
1.035401463508605957e+00
-5.845220088958740234e-01
-1.531941652297973633e+00
5.430672764778137207e-01
7.833072543144226074e-02
-9.865932166576385498e-02
3.521231412887573242e-01
-4.353890419006347656e-01
2.202035427093505859e+00
5.000526905059814453e-01
8.193845152854919434e-01
2.300821542739868164e+00
1.195257663726806641e+00
2.104598522186279297e+00
5.434730052947998047e-01
1.174942374229431152e+00
1.143995076417922974e-01
1.581869125366210938e-01
-1.105900526046752930e+00
3.726483881473541260e-01
-7.686404883861541748e-02
-2.659943342208862305e+00
-8.686161637306213379e-01
1.222624540328979492e+00
1.519761323928833008e+00
3.020901679992675781e-01
1.224388718605041504e+00
1.152865290641784668e+00
-7.834069728851318359e-01
-1.584928393363952637e+00
-1.623262047767639160e+00
2.911718845367431641e+00
9.519886374473571777e-01
-2.187618970870971680e+00
-1.259184241294860840e+00
-4.016605913639068604e-01
-1.269900321960449219e+00
-1.975434660911560059e+00
3.539142012596130371e-01
-1.566329240798950195e+00
4.423920810222625732e-02
8.379015326499938965e-02
1.379364132881164551e+00
-5.898866653442382812e-01
-1.083569407463073730e+00
-1.375265359878540039e+00
9.265490174293518066e-01
-8.254514336585998535e-01
-8.411484211683273315e-02
-8.051794767379760742e-01
1.276743113994598389e-01
1.103250026702880859e+00
-1.398566067218780518e-01
-5.607386827468872070e-01
-3.269938230514526367e-01
1.123626112937927246e+00
4.781198203563690186e-01
-5.749182105064392090e-01
-2.794829905033111572e-01
6.035338044166564941e-01
1.325257420539855957e+00
2.559135913848876953e+00
6.915175318717956543e-01
1.566126108169555664e+00
3.060445487499237061e-01
9.912031292915344238e-01
-5.502339079976081848e-02
1.165450811386108398e+00
8.874779567122459412e-03
1.246725916862487793e+00
2.346197605133056641e+00
3.930031061172485352e-01
6.076183915138244629e-01
1.197887897491455078e+00
1.728151679039001465e+00
1.026368618011474609e+00
3.516369163990020752e-01
7.519316673278808594e-01
2.598652243614196777e-01
1.254096508026123047e+00
1.419379264116287231e-01
5.437610745429992676e-01
7.277023792266845703e-01
9.230740070343017578e-01
9.053557515144348145e-01
2.608795404434204102e+00
5.216243267059326172e-01
-1.758903384208679199e+00
8.701983094215393066e-02
1.052365183830261230e+00
1.216905787587165833e-01
-8.372637033462524414e-01
3.833162188529968262e-01
-1.404583360999822617e-02
5.956824421882629395e-01
-7.453619241714477539e-01
2.553688883781433105e-01
-6.454087495803833008e-01
-5.811769962310791016e-01
-3.884393572807312012e-01
-5.382851362228393555e-01
