-8.149127973180000595e+01
-1.006009688919999974e+02
-1.065489523029999930e+02
-1.014720301779999971e+02
-1.071916467380000029e+02
-1.068101916309999950e+02
-9.481082628510000632e+01
-9.799983251339999413e+01
-9.789630636920000484e+01
-9.441697450060000563e+01
-9.098527790040000696e+01
-8.897852755460000651e+01
-9.075657953469999484e+01
-8.798889681800000062e+01
-8.681032234970000161e+01
-8.680813216110000496e+01
-8.532530430200000637e+01
-8.533435626600000035e+01
-8.330156009019999885e+01
-8.355498948609999843e+01
-8.294134352979999392e+01
-8.334213404519999813e+01
-8.236429921170000057e+01
-8.195554833980000353e+01
-8.049730414900000142e+01
-8.040977393580000410e+01
-8.070260911639999790e+01
-7.938870345179999788e+01
-7.903333970049999380e+01
-7.802667613229999688e+01
-7.785442138269999646e+01
-7.709146357689999718e+01
-7.783747151350000593e+01
-7.650920346169999675e+01
-7.722530981069999712e+01
-7.666919388510000033e+01
-7.653615023700000108e+01
-7.675373644760000502e+01
-7.625434078279999994e+01
-7.557619170579999945e+01
-7.552742907820000084e+01
-7.563510946990000150e+01
-7.492196582969999952e+01
-7.599085788669999886e+01
-7.572316027959999474e+01
-7.530082800680000332e+01
-7.532589346839999678e+01
-7.520365988929999901e+01
-7.549554099239999516e+01
-7.557669145769999375e+01
-7.564481003429999362e+01
-7.549000375980000399e+01
-7.597264417060000596e+01
-7.573016085759999783e+01
-7.595265526650000254e+01
-7.580448601690000032e+01
-7.591642621489999954e+01
-7.579762068239999451e+01
-7.643809780969999679e+01
-7.657101627459999804e+01
-7.705561731470000097e+01
-7.814672278860000176e+01
-7.781312725569999600e+01
-7.850100772989999598e+01
-7.852861390430000199e+01
-7.859422295689999771e+01
-7.905367994719999558e+01
-7.980166555709999443e+01
-8.017259645039999327e+01
-8.108458957210000051e+01
-8.104025109369999313e+01
-8.246947290030000488e+01
-8.355832154850000393e+01
-8.416091466100000673e+01
-8.265190137220000111e+01
-8.426896025140000290e+01
-8.464345917030000521e+01
-8.688603716010000255e+01
-8.773022038899999586e+01
-9.088252384349999602e+01
-9.000094385689999399e+01
-9.053455715430000339e+01
-9.055098532680000289e+01
-8.929981481190000636e+01
-9.201211280260000080e+01
-9.071222644889999742e+01
-9.246404341619999911e+01
-1.006056565250000006e+02
-9.693481597999999622e+01
-9.340303249170000299e+01
-9.144520284620000439e+01
-9.869104138939999871e+01
-9.546473570829999744e+01
-9.699880297859999700e+01
-1.011296367209999971e+02
-9.618179786550000188e+01
-9.810956303669999556e+01
-1.034739226810000048e+02
-9.631864522429999909e+01
-1.045099812290000045e+02
-1.042718512489999938e+02
-9.900246240900000316e+01
-1.057051140749999973e+02
-9.896661565690000373e+01
-1.015116160369999960e+02
-9.639369332350000263e+01
-9.795082291810000186e+01
-1.033910850949999940e+02
-9.591516833340000403e+01
-1.106677914480000027e+02
-1.075610833110000044e+02
-1.014295574119999941e+02
-9.842574520290000351e+01
-9.921082345220000320e+01
-1.040624105079999993e+02
-1.121136410000000012e+02
-9.942705553099999349e+01
-9.680345080210000219e+01
-1.045540627970000003e+02
-9.992225086930000089e+01
-1.037714540430000056e+02
-1.011895066099999951e+02
-1.089571232039999984e+02
-1.045761010330000005e+02
-9.803068906619999723e+01
-1.168864342950000008e+02
-1.029748361770000002e+02
-1.101202134050000012e+02
-1.101952103029999961e+02
-9.835858216889999994e+01
-1.036416300119999931e+02
-1.033338411830000041e+02
-9.902049280769999484e+01
-1.108718562610000049e+02
-1.106198361440000042e+02
-1.086348254849999933e+02
-1.024453689850000018e+02
-1.139546698129999953e+02
-1.008786043019999994e+02
-1.010587599410000053e+02
-9.917732549839999479e+01
-1.077113739480000021e+02
-1.057295213449999949e+02
-9.980654055969999661e+01
-1.089276779040000065e+02
-1.005429293790000003e+02
-1.029073344370000029e+02
-1.031007446119999997e+02
-1.045190169069999939e+02
-1.104762289229999936e+02
-1.177968531549999938e+02
-1.079447276850000037e+02
-1.067149920989999998e+02
-1.078211796810000038e+02
-9.956353435479999803e+01
-1.064517296920000007e+02
-1.080904770199999945e+02
-1.033332046950000063e+02
-1.038273371469999944e+02
-1.051281601649999971e+02
-1.060671102799999943e+02
-1.068198848159999983e+02
-1.058829363610000058e+02
-1.066953042469999957e+02
-1.044820334239999937e+02
-1.188115796539999991e+02
-9.770686513600000467e+01
-9.785917453000000421e+01
-1.057698085429999963e+02
-1.022994512279999952e+02
-1.048262003669999984e+02
-1.063744814389999931e+02
-1.215991343390000026e+02
-1.040634954439999973e+02
-1.056163599850000026e+02
-1.040320480449999963e+02
-1.113349489480000045e+02
-9.851637700150000398e+01
-1.086238823820000050e+02
-9.836053875059999996e+01
-1.019050079010000047e+02
-1.024689907089999963e+02
-1.071199700030000059e+02
-9.847216459089999319e+01
-1.072827070959999958e+02
-1.035881889340000015e+02
-9.686679260370000577e+01
-1.038227168370000015e+02
-9.919469442889999300e+01
-1.249971594780000004e+02
-1.013195412940000040e+02
-1.078860426030000070e+02
-1.029934358200000020e+02
-1.236020847749999945e+02
-9.930591927560000443e+01
-9.698469063660000700e+01
-1.187013904660000065e+02
-9.974268879960000334e+01
-1.118066824370000063e+02
-1.264162077369999935e+02
-1.086151855450000028e+02
-1.023694383969999961e+02
-1.024712630199999950e+02
-1.048719166359999946e+02
-1.043885751090000014e+02
-1.019638990050000018e+02
-1.072326768359999960e+02
-1.079157555089999931e+02
-1.026359084329999973e+02
-1.018498411829999952e+02
-1.034353137309999937e+02
-1.071600804520000025e+02
-1.170033310580000006e+02
-1.076536169599999937e+02
-1.014979995599999967e+02
-1.102291375479999971e+02
-9.925344640359999460e+01
-1.088826614249999949e+02
-1.002191141950000031e+02
-1.047443375229999987e+02
-1.008571508149999971e+02
-1.033713290740000019e+02
-1.041947193069999997e+02
-1.082541479610000010e+02
-1.097801164840000041e+02
-1.023674274370000035e+02
-9.954769116399999973e+01
-9.965004892730000563e+01
-1.047876554049999953e+02
-1.018274460589999961e+02
-9.708188035390000437e+01
-1.004278678480000053e+02
-1.062624263189999994e+02
-1.041404422530000033e+02
-1.041814477060000002e+02
-1.097362152280000061e+02
-1.103974757320000037e+02
-1.207435662919999970e+02
-9.904253866690000052e+01
-1.028029241920000061e+02
-1.028010534430000007e+02
-1.131840705249999957e+02
-1.023829076800000024e+02
-1.098857398050000000e+02
-1.037747911499999987e+02
-1.056565920449999965e+02
-1.093747255440000004e+02
-9.672044751800000029e+01
-9.835748725300000217e+01
-1.102064613999999949e+02
-1.112630416089999983e+02
-1.037549163609999994e+02
-9.591782697840000083e+01
-1.087828919420000062e+02
-9.668269550230000675e+01
-9.970932223100000158e+01
-9.499237205439999343e+01
-1.078298721110000002e+02
-1.012415026329999961e+02
-1.040194667519999996e+02
-1.030370232490000006e+02
-9.503410747419999893e+01
-1.055628788110000045e+02
-9.599516036320000012e+01
-1.094464122109999948e+02
-1.051732233420000000e+02
-9.621250796399999672e+01
-1.113784446890000055e+02
-9.905886797300000524e+01
-1.051843902520000000e+02
-1.007297457699999939e+02
-1.042261798370000037e+02
-9.730009493640000073e+01
-9.696395298189999323e+01
-1.004703866309999967e+02
-9.900766775479999637e+01
-1.029881939219999936e+02
-1.008270702450000016e+02
-9.611378567149999697e+01
-1.043794105230000042e+02
-9.791776682050000602e+01
-1.028297507970000026e+02
-1.010972298920000014e+02
-1.001165143279999938e+02
-1.226612303600000047e+02
-1.016274652540000005e+02
-1.144828743350000053e+02
-9.431650719789999471e+01
-1.092574518490000060e+02
-1.059380799660000037e+02
-1.009530393360000033e+02
-9.782419235579999395e+01
-9.951113518789999546e+01
-9.954821394270000212e+01
-1.034571006559999944e+02
-9.520472318980000637e+01
-9.659814020720000372e+01
-9.888224340179999672e+01
-9.845153594250000140e+01
-1.000242645440000047e+02
-9.752443121420000693e+01
-1.050103474250000062e+02
-1.095482047670000014e+02
-1.194837416480000059e+02
-9.999292101679999689e+01
-9.658863225550000209e+01
-1.008601724469999965e+02
-1.014110632379999970e+02
-1.016707820900000030e+02
-1.004508252870000007e+02
-1.068130276640000034e+02
-9.602492661860000567e+01
-9.953470837279999728e+01
-1.111118898990000048e+02
-1.015261767700000064e+02
-1.019468760519999933e+02
-9.594348734749999608e+01
-1.047156711690000037e+02
-1.066006579590000030e+02
-1.016399887009999929e+02
-9.933773762619999559e+01
-1.009607860499999958e+02
-9.721102609899999436e+01
-9.845468203960000153e+01
-1.002398670009999933e+02
-9.908205337939999424e+01
-1.045530542869999948e+02
-9.794419571439999572e+01
-1.060408406140000039e+02
-9.407993797659999302e+01
-9.831783536870000262e+01
-9.966553756390000274e+01
-9.579326507950000291e+01
-9.372355439419999357e+01
-1.049837727729999983e+02
-1.104097566789999973e+02
-1.045992298510000040e+02
-1.062862886190000040e+02
-9.564705830139999421e+01
-1.177882038129999955e+02
-9.862898583279999798e+01
-1.028579326960000060e+02
-1.017697573619999929e+02
-9.402130640170000220e+01
-1.030843837070000006e+02
-1.014172286729999968e+02
-9.656610001289999445e+01
-1.002885545700000023e+02
-9.732736054730000319e+01
-9.781788402840000174e+01
-9.560541885189999789e+01
-9.486858765050000386e+01
-9.616962536500000169e+01
-9.624985785079999800e+01
-1.024257568569999961e+02
-1.036850314990000044e+02
-9.715006167459999631e+01
-9.804298073290000559e+01
-1.025105189230000065e+02
-1.069361072989999997e+02
-9.993390918580000459e+01
-9.698218434979999358e+01
-9.454241519560000029e+01
-9.872166856629999643e+01
-9.626113146410000354e+01
-9.332585266940000679e+01
-1.015391871279999947e+02
-9.415799956460000431e+01
-1.005167860060000038e+02
-9.769007580349999387e+01
-9.858661034479999330e+01
-9.935503807700000323e+01
-9.866478302970000414e+01
-9.479802299780000396e+01
-9.766680718370000136e+01
-9.556500738079999735e+01
-9.741511343240000542e+01
-9.544994521629999440e+01
-1.024298955680000063e+02
-1.034048001910000067e+02
-9.194800946709999323e+01
-9.360354753369999514e+01
-9.564324263330000520e+01
-9.400317722740000193e+01
-9.239107003120000172e+01
-9.579880972780000548e+01
-9.457113545439999314e+01
-9.482519498690000148e+01
-9.605042356730000108e+01
-9.207408310239999594e+01
-9.546337695690000658e+01
-1.004760148649999962e+02
-9.670241207269999961e+01
-9.460367654819999927e+01
-9.288282337949999601e+01
-9.484171379820000425e+01
-9.723076926369999740e+01
-9.301967003110000576e+01
-9.633892963050000446e+01
-9.257661777469999720e+01
-9.399441818430000239e+01
-9.527176665300000025e+01
-9.306220256560000337e+01
-9.547723650109999483e+01
-9.452539221710000561e+01
-9.452941081470000029e+01
-9.337402191690000564e+01
-9.898757103980000238e+01
-9.357499882080000475e+01
-9.352012746130000664e+01
-9.289677745839999545e+01
-9.623085977530000434e+01
-9.649107369959999403e+01
-9.287904248009999719e+01
-9.389290066809999757e+01
-9.602505586370000401e+01
-9.675744455689999768e+01
-9.312487286180000012e+01
-9.176532321470000397e+01
-9.653942507860000433e+01
-9.126409793979999563e+01
-9.249643015620000597e+01
-9.135770750839999721e+01
-9.308246866460000035e+01
-9.222331794199999422e+01
-9.111371024730000556e+01
-9.663879655040000216e+01
-9.231272055869999349e+01
-9.344493410079999762e+01
-9.486456462259999967e+01
-9.239209886010000616e+01
-9.214609347020000030e+01
-9.522122391720000678e+01
-9.359808019589999617e+01
-9.114740310589999694e+01
-9.269275866899999983e+01
-9.015592829109999684e+01
-9.241441748110000276e+01
-9.148520591070000307e+01
-9.094961214209999412e+01
-9.078980197309999767e+01
-9.242208751840000502e+01
-9.045184050720000357e+01
-9.914622886569999594e+01
-9.110582632659999547e+01
-9.199014935959999661e+01
-9.159637207900000533e+01
-9.152331981909999570e+01
-9.176180304310000224e+01
-9.118562923999999725e+01
-9.140614418570000055e+01
-9.292070472509999490e+01
-9.021736438000000646e+01
-9.227804979850000677e+01
-9.168878055090000601e+01
-9.134160306360000448e+01
-9.406389150619999384e+01
-8.999232871419999924e+01
-9.010228968449999343e+01
-8.985698089589999427e+01
-8.908581865540000422e+01
-9.142193646779999483e+01
-9.111030704729999741e+01
-8.929920017889999428e+01
-9.006691230299999518e+01
-8.944157130230000519e+01
-8.996488694040000667e+01
-9.213767065630000275e+01
-8.805179798090000531e+01
-8.940336103129999401e+01
-9.026909114910000653e+01
-9.104891369140000279e+01
-9.136414070120000019e+01
-9.011917851239999777e+01
-8.746712516419999872e+01
-8.848540666430000101e+01
-9.025569892599999378e+01
-9.083894482399999504e+01
-8.761543412419999299e+01
-8.891388178639999751e+01
-9.064420555760000298e+01
-9.235990556560000186e+01
-8.920772816289999696e+01
-8.876902960309999457e+01
-8.993393237319999400e+01
-8.975530040350000149e+01
-8.866424394240000595e+01
-9.052067032930000323e+01
-8.809411877690000381e+01
-8.885694200579999347e+01
-8.867264560709999444e+01
-8.945136479609999469e+01
-8.957309455770000284e+01
-8.840355784369999981e+01
-8.762048118090000060e+01
-8.811878378190000660e+01
-8.630450827549999815e+01
-8.823373958659999516e+01
-8.847324350959999606e+01
-8.711860349100000178e+01
-8.833090155489999518e+01
-8.971672063479999792e+01
-8.668003801989999602e+01
-8.784445784899999410e+01
-8.911516171530000463e+01
-8.616139589830000034e+01
-8.660476986259999421e+01
-8.732517732399999488e+01
-8.779948292049999736e+01
-8.646154317270000433e+01
-8.885660505810000132e+01
-8.703790254999999831e+01
-8.757914505109999936e+01
-8.757009024709999778e+01
-8.856197242449999862e+01
-8.659476374090000661e+01
-8.651751465190000090e+01
-8.720969082700000286e+01
-8.877643241890000070e+01
-8.655814398959999778e+01
-8.665155497050000122e+01
-8.741918289519999519e+01
-8.664303400839999370e+01
-8.567733521050000434e+01
-8.826290457300000014e+01
-8.564316883390000612e+01
-8.634142574439999862e+01
-8.722797436810000704e+01
-8.580964189969999723e+01
-8.622985181580000358e+01
-8.570500367059999292e+01
-8.594977237550000382e+01
-8.549808906270000364e+01
-8.666944185299999504e+01
-8.481617940879999651e+01
-8.826310416910000356e+01
-8.479848836060000394e+01
-8.549903775449999443e+01
-8.625256237819999683e+01
-8.710122860699999592e+01
-8.544707975279999346e+01
-8.551024898320000034e+01
-8.569886241499999358e+01
-8.583898071980000566e+01
-8.682202786749999746e+01
-8.513839038320000441e+01
-8.622596469670000374e+01
-8.448289667349999377e+01
-8.432731194119999429e+01
-8.445643161069999394e+01
-8.433847536839999748e+01
-8.477158640769999920e+01
-8.551454556870000090e+01
-8.367098458530000471e+01
-8.366613570910000419e+01
-8.471744369690000553e+01
-8.608964419250000333e+01
-8.454064603400000522e+01
-8.430474398120000501e+01
-8.409134388910000268e+01
-8.479023322720000522e+01
-8.584657298279999793e+01
-8.429569346440000288e+01
-8.402522538899999915e+01
-8.420063128019999965e+01
-8.344180502819999390e+01
-8.506671257579999690e+01
-8.440651403840000455e+01
-8.475564702760000557e+01
-8.347260104340000453e+01
-8.431881602100000350e+01
-8.444243583850000334e+01
-8.412449408599999856e+01
-8.377159064839999303e+01
-8.315643176640000434e+01
-8.366178320449999717e+01
-8.436598367300000234e+01
-8.326766877609999540e+01
-8.391545711710000433e+01
-8.452577903949999438e+01
-8.280723275040000431e+01
-8.301324149590000445e+01
-8.376085642980000046e+01
-8.391110072860000457e+01
-8.309946737779999637e+01
-8.332098910649999368e+01
-8.365040188800000465e+01
-8.318234178589999317e+01
-8.407004465369999480e+01
-8.365536256910000645e+01
-8.375757277270000145e+01
-8.339806851689999689e+01
-8.263951878769999837e+01
-8.246951524009999446e+01
-8.249595371819999912e+01
-8.249402443169999799e+01
-8.269423973840000031e+01
-8.270602102979999870e+01
-8.305923864359999698e+01
-8.285227512100000524e+01
-8.293297849139999300e+01
-8.246016621360000443e+01
-8.345047851649999870e+01
-8.262934894679999331e+01
-8.243929986899999562e+01
-8.301496711030000597e+01
-8.186348370320000356e+01
-8.248580043890000013e+01
-8.177488918740000656e+01
-8.202408307199999626e+01
-8.199950617870000258e+01
-8.225302331870000216e+01
-8.250589992419999419e+01
-8.206003967949999378e+01
-8.258619138989999442e+01
-8.138458066459999429e+01
-8.266251662199999828e+01
-8.138568419349999772e+01
-8.309556821789999503e+01
-8.187907684820000043e+01
-8.189178289289999668e+01
-8.161501762950000227e+01
-8.101759148840000080e+01
-8.134613324590000616e+01
-8.164886954279999998e+01
-8.113528243710000254e+01
-8.177810190319999606e+01
-8.200529593800000328e+01
-8.191057180720000019e+01
-8.202285406289999514e+01
-8.240049981090000131e+01
-8.137382391219999533e+01
-8.170961274670000307e+01
-8.068975950569999611e+01
-8.092378683840000519e+01
-8.069334856849999937e+01
-8.123824669789999575e+01
-8.060722971510000434e+01
-8.109839677959999449e+01
-8.054562095100000363e+01
-8.144864224910000416e+01
-8.068783596219999765e+01
-8.093082593489999965e+01
-8.033905318889999592e+01
-8.074724833170000693e+01
-8.089761411349999776e+01
-8.046608547460000693e+01
-8.023949417560000086e+01
-8.070841069540000490e+01
-7.968674510079999607e+01
-8.016852713580000511e+01
-8.005751244779999354e+01
-8.037253653530000008e+01
-8.076066532660000519e+01
-8.127996655779999458e+01
-8.131489174690000254e+01
-8.074726179969999862e+01
-8.057795566869999959e+01
-8.101008063330000653e+01
-8.042771941479999498e+01
-7.997063496859999532e+01
-8.014132859769999584e+01
-8.017383775550000280e+01
-8.001699926550000441e+01
-8.079403629920000185e+01
-7.944120769069999710e+01
-7.975961965889999306e+01
-7.902614655780000419e+01
-7.946249627580000663e+01
-8.026842289820000076e+01
-7.994709128319999536e+01
-7.963622785319999764e+01
-7.965173379920000230e+01
-7.948090519710000024e+01
-7.904225867300000630e+01
-7.903065195339999605e+01
-7.968368509629999608e+01
-7.987688275450000219e+01
-7.922339889840000637e+01
-7.976688250700000538e+01
-7.938225207550000562e+01
-8.157151478960000190e+01
-7.985910504820000710e+01
-7.995104039260000661e+01
-7.876865008939999768e+01
-8.141252322479999748e+01
-8.130862027729999397e+01
-7.946042703979999544e+01
-7.880398495020000382e+01
-7.901125769630000661e+01
-7.963248645109999302e+01
-7.987183420850000459e+01
-7.983470985380000684e+01
-7.880864156830000411e+01
-7.959637390540000013e+01
-8.035347327540000606e+01
-7.927442448550000620e+01
-8.245280781140000670e+01
-7.933114153409999858e+01
-7.856478568180000366e+01
-7.962206817940000292e+01
-7.817372010020000062e+01
-7.981796103610000159e+01
-7.914391089759999431e+01
-7.998375224439999442e+01
-8.077173224210000058e+01
-7.920600822609999625e+01
-8.064281102249999833e+01
-8.145047964270000307e+01
-8.185003773030000218e+01
-7.844135733849999781e+01
-7.924479893999999547e+01
-7.903241975279999565e+01
-8.249664313229999379e+01
-8.148103694089999749e+01
-7.987517602270000339e+01
-8.021923928069999477e+01
-8.013747116689999928e+01
-7.897762439650000488e+01
-8.189957276840000588e+01
-8.239832093510000277e+01
-8.010509315039999478e+01
-8.138164027189999672e+01
-7.914334291350000683e+01
-7.886238509320000389e+01
-7.969923621719999574e+01
-7.889920627950000664e+01
-8.131736712219999674e+01
-7.965752892940000152e+01
-8.124580006329999549e+01
-8.137227412100000379e+01
-8.108713752929999430e+01
-8.269579138619999981e+01
-8.145788146399999619e+01
-8.318421006559999853e+01
-8.301450424399999406e+01
-8.460787528459999862e+01
-8.175414429960000007e+01
-8.078236864779999848e+01
-8.304164497499999698e+01
-8.118158299799999611e+01
-8.030542661959999862e+01
-8.425152412750000508e+01
-8.391294901380000226e+01
-8.464200229210000259e+01
-8.284566897770000082e+01
-8.176194343589999391e+01
-8.259246641010000189e+01
-8.365003998660000661e+01
-8.140952847740000209e+01
-8.232666422089999969e+01
-8.283584905940000453e+01
-8.632444051960000309e+01
-8.513562156599999753e+01
-8.319681867289999389e+01
-8.354298948439999606e+01
-8.620212714459999859e+01
-8.260012989029999630e+01
-8.749709194960000502e+01
-8.413313938209999776e+01
-8.486489207590000206e+01
-8.578895978900000330e+01
-8.771932244590000494e+01
-8.644880416220000541e+01
-8.314946161340000685e+01
-8.557465232990000459e+01
-8.544930288550000341e+01
-8.338521857169999407e+01
-8.695714932849999457e+01
-8.553462016699999992e+01
-8.488277715179999916e+01
-8.553490834640000173e+01
-8.741435903549999864e+01
-8.453979519690000188e+01
-8.528257812059999310e+01
-8.615308024879999493e+01
-8.480092231380000101e+01
-8.493688658199999963e+01
-8.572075356960000647e+01
-8.615921745789999875e+01
-8.258604229360000204e+01
-8.618270447250000643e+01
-8.619964735560000690e+01
-8.937572177350000402e+01
-9.128993324440000379e+01
-9.022732794789999389e+01
-9.017019672630000571e+01
-8.498834647660000030e+01
-9.422402205820000631e+01
-9.250139133700000116e+01
-9.245609198660000061e+01
-9.523163375069999859e+01
-8.942512747840000031e+01
-8.852307997820000196e+01
-9.007171167769999442e+01
-8.976997311350000075e+01
-9.351445710919999499e+01
-9.190293793959999391e+01
-8.805413498869999955e+01
-9.388874895280000032e+01
-9.078896152000000086e+01
-8.807975153309999428e+01
-9.527382032730000105e+01
-9.085360392040000477e+01
-8.936757523929999536e+01
-8.705978727139999762e+01
-9.000352068499999802e+01
-8.847972209579999969e+01
-9.649102979810000136e+01
-9.044792750380000257e+01
-8.892052789090000431e+01
-9.644703461410000500e+01
-8.894897200319999797e+01
-9.851087246429999311e+01
-9.708870708930000148e+01
-9.100378330140000571e+01
-9.040658394759999794e+01
-9.290631511280000154e+01
-1.080911923959999967e+02
-9.526503606590000572e+01
-9.135177529349999759e+01
-9.576671591820000629e+01
-9.941164378370000065e+01
-8.770631871809999325e+01
-1.017891855409999948e+02
-9.448504631919999497e+01
-9.577400955989999431e+01
-9.728070895049999933e+01
-9.433849550749999935e+01
-9.236679902470000059e+01
-9.205640091630000654e+01
-9.370392893199999662e+01
-8.990057772709999995e+01
-9.746028616809999789e+01
-9.383489283289999605e+01
-9.093526788549999651e+01
-9.160936846170000081e+01
-9.601139642299999366e+01
-9.416023887309999907e+01
-1.039106426950000071e+02
-1.048872024829999958e+02
-9.208999602910000704e+01
-9.139554947230000437e+01
-9.729451728809999622e+01
-9.082547284880000404e+01
-9.172397115130000600e+01
-9.452424606440000332e+01
-9.425582375930000012e+01
-1.023182121469999970e+02
-9.374038485219999473e+01
-9.269510738120000326e+01
-9.957813836590000278e+01
-9.307392230290000157e+01
-1.002713197409999992e+02
-9.314523069400000566e+01
-9.335630103750000330e+01
-9.228810272939999493e+01
-9.659582474469999624e+01
-9.631785757800000169e+01
-1.040033753259999969e+02
-8.914713363270000457e+01
-1.058959845239999993e+02
-1.078710695540000017e+02
-9.886686925600000109e+01
-1.061370009639999950e+02
-8.828997489110000174e+01
-9.296073583509999594e+01
-9.986331112759999939e+01
-1.022231906490000028e+02
-9.296435777019999591e+01
-9.382470416590000184e+01
-1.038712958619999966e+02
-1.021071899890000054e+02
-1.029936517350000003e+02
-8.828688100949999296e+01
-9.813809607260000689e+01
-9.756465160039999773e+01
-9.985550474199999371e+01
-9.034962054970000622e+01
-9.141906455439999490e+01
-8.823401564649999784e+01
-9.400212324400000341e+01
-8.735638180700000532e+01
-1.008715496970000061e+02
-8.921907737749999967e+01
-9.181925757220000150e+01
-9.240080072680000001e+01
-9.074006846519999669e+01
-9.639003929730000664e+01
-9.029103079120000075e+01
-8.987236024359999931e+01
-8.666058059089999688e+01
-9.042958940229999598e+01
-9.191809762260000127e+01
-9.556713545419999889e+01
-8.636111582329999692e+01
-9.070703599140000506e+01
-1.087218755279999982e+02
-9.047404449580000119e+01
-9.293371646800000008e+01
-9.796186735940000290e+01
-8.763547553920000155e+01
-8.498001887629999374e+01
-9.474516900279999732e+01
-1.008938018759999977e+02
-8.924097475310000505e+01
-8.973098398230000328e+01
-9.142369278370000529e+01
-9.457551532419999774e+01
-9.314045631790000357e+01
-9.887782123559999548e+01
-8.888071294159999525e+01
-8.876208918090000566e+01
-9.246962029489999679e+01
-8.668923619839999617e+01
-8.672986746319999440e+01
-9.063698224590000052e+01
-9.044831584979999661e+01
-8.744613938599999869e+01
-8.407442948290000118e+01
-8.672083535490000372e+01
-8.751995116620000204e+01
-8.935169594939999627e+01
-9.407118693079999616e+01
-8.457699438439999540e+01
-8.720942860680000308e+01
-8.900135070020000683e+01
-8.675841000139999437e+01
-9.735715679499999453e+01
-8.758252799650000497e+01
-8.598616369629999667e+01
-8.839580879119999679e+01
-9.507199631699999998e+01
-1.016443072640000054e+02
-8.844257567409999865e+01
-8.840834588869999777e+01
-9.017251857559999451e+01
-8.645893172479999578e+01
-8.585286378099999638e+01
-8.615721526949999998e+01
-9.376345631069999342e+01
-9.520227981189999866e+01
-8.403373011509999913e+01
-8.598961157630000685e+01
-8.444636452470000165e+01
-8.714471181060000049e+01
-8.986155814079999971e+01
-8.447015376890000482e+01
-8.963583332769999856e+01
-8.987120124749999661e+01
-9.075723790739999686e+01
-8.428798158829999920e+01
-8.691047914579999656e+01
-8.255874147299999777e+01
-8.547564441800000168e+01
-8.737386220310000340e+01
-8.753882171290000258e+01
-8.717405739030000689e+01
-8.534870345459999896e+01
-8.475652342550000640e+01
-8.734687757109999495e+01
-8.577528996200000222e+01
-9.042954539660000535e+01
-8.323307889730000397e+01
-9.549295757400000184e+01
-9.029390957379999350e+01
-8.435923811089999447e+01
-8.300154576049999378e+01
-8.693164758010000526e+01
-8.609424893409999413e+01
-8.685516453729999853e+01
-8.529674149589999388e+01
-8.852683753159999469e+01
-8.399816402689999961e+01
-8.436315727570000433e+01
-8.774976995289999593e+01
-8.284679001519999986e+01
-8.425690507000000196e+01
-8.524033283750000578e+01
-8.672673609890000535e+01
-8.286264024889999291e+01
-8.039089349949999530e+01
-8.549963447609999889e+01
-8.329963128960000063e+01
-8.620208956909999642e+01
-8.316850183920000461e+01
-8.345094770459999722e+01
-8.286063734489999888e+01
-8.797484598830000380e+01
-8.550608813809999731e+01
-8.353050186020000467e+01
-8.438335954080000079e+01
-8.719229629190000708e+01
-8.543281516640000461e+01
-8.392124973350000516e+01
-8.508098615219999772e+01
-8.499199525880000294e+01
-8.642715258539999468e+01
-8.359407083600000021e+01
-8.751976584179999463e+01
-8.416122449030000041e+01
-8.618713944479999611e+01
-8.519188753139999903e+01
-8.359873253359999978e+01
-8.443895834740000339e+01
-8.928353448629999889e+01
-8.323154076919999511e+01
-8.941539492190000260e+01
-8.335509423480000635e+01
-8.580956350079999595e+01
-8.106757568589999607e+01
-8.312116485619999651e+01
-8.315395484079999733e+01
-8.620045146280000381e+01
-8.401872077429999308e+01
-8.386332080489999896e+01
-8.401144527549999452e+01
-8.191186500979999607e+01
-8.275199423530000331e+01
-8.076134803109999893e+01
-8.596496546269999328e+01
-8.371109942319999675e+01
-8.674858022429999949e+01
-8.158248899369999663e+01
-8.578442581500000585e+01
-8.819998098850000190e+01
-8.590609077679999928e+01
-8.249676759720000518e+01
-8.486284247499999367e+01
-8.406024338189999412e+01
-8.393777078440000139e+01
-8.256722395559999939e+01
-8.237345960540000078e+01
-8.267121017089999668e+01
-8.457505156099999510e+01
-8.579607887950000134e+01
-8.627719866920000413e+01
-8.412262322729999653e+01
-8.141882485210000198e+01
-8.219497662800000626e+01
-8.147144735419999506e+01
-8.500027176870000289e+01
-8.220278254539999807e+01
-8.421126232769999831e+01
-8.161399990920000391e+01
-8.258820192609999822e+01
-8.198425247420000517e+01
-7.956732387239999582e+01
-8.397901653210000461e+01
-7.918664469990000043e+01
-8.409396215409999797e+01
-8.410867814770000450e+01
-8.589274149880000664e+01
-8.209925768749999975e+01
-8.219581799069999306e+01
-8.372708790910000687e+01
-8.589172365890000549e+01
-8.326560197540000274e+01
-8.940200439490000406e+01
-8.756754328659999942e+01
-8.251504162230000361e+01
-8.301949382479999429e+01
-8.380329598119999446e+01
-8.360130044759999635e+01
-8.815147370409999894e+01
-8.464364630420000424e+01
-8.304550337979999597e+01
-8.049383966759999964e+01
-8.454214185690000249e+01
-8.478437845359999869e+01
-8.408191943280000658e+01
-8.189789818920000641e+01
-8.557380217569999559e+01
-8.148557866570000385e+01
-8.195587755820000098e+01
-8.188137844240000618e+01
-8.214550072560000160e+01
-8.356119014719999427e+01
-7.991311140649999345e+01
-8.111503240739999399e+01
-8.180056074380000553e+01
-8.364060294390000649e+01
-8.554337477960000058e+01
-8.397493344560000139e+01
-8.829433004240000571e+01
-8.374510823069999788e+01
-8.327808782990000225e+01
-8.289298240479999436e+01
-8.392833449079999752e+01
-8.172360064570000304e+01
-8.128123948069999471e+01
-8.256895146489999604e+01
-8.193198474140000087e+01
-8.366407148019999340e+01
-8.013207498159999886e+01
-8.521092335410000373e+01
-8.201932232820000479e+01
-8.232270799869999678e+01
-8.140936430230000553e+01
-8.299824338620000219e+01
-8.439948603560000606e+01
-8.375039188380000610e+01
-8.253589597840000636e+01
-8.178729796250000561e+01
-7.791468498259999365e+01
-8.380876432070000703e+01
-8.003859122869999965e+01
-8.190427388540000209e+01
-8.344954207600000018e+01
-8.251105522640000345e+01
-8.232317531809999878e+01
-8.367031119349999813e+01
-8.323431339270000251e+01
-8.211386737259999791e+01
-8.202021323869999492e+01
-8.160245382649999613e+01
-8.242498689399999989e+01
-8.308155272220000143e+01
-8.141953465679999624e+01
-8.385454843990000029e+01
-8.035129843549999862e+01
-7.996051398129999654e+01
-7.994383708409999656e+01
-8.101766594999999427e+01
-7.928675244359999397e+01
-7.805327786179999805e+01
-7.935158227430000011e+01
-7.863715548810000655e+01
-7.910709315319999746e+01
-8.259235723160000475e+01
-7.705509996489999480e+01
-7.779122369840000317e+01
-7.957686597580000409e+01
-7.911264485940000668e+01
-7.868937314900000501e+01
-7.835480018369999300e+01
-8.010424525169999299e+01
-8.103410446300000558e+01
-7.787498320839999622e+01
-7.809948279719999675e+01
-7.758693413390000160e+01
-7.913262962989999494e+01
-7.966853229999999542e+01
-7.980446203889999879e+01
-7.845608715209999673e+01
-7.723316568549999772e+01
-7.965713807589999362e+01
-7.590369365109999933e+01
-7.714993683710000028e+01
-7.645620419429999970e+01
-7.765780592669999294e+01
-8.141339984159999688e+01
-7.827326387249999584e+01
-7.676818627110000648e+01
-7.713058572250000111e+01
-7.919941182690000403e+01
-7.669837840780000704e+01
-7.662372529389999443e+01
-7.504814392149999946e+01
-7.667593280529999333e+01
-7.598490747939999324e+01
-7.683303067680000709e+01
-7.735088953070000173e+01
-7.644652571449999812e+01
-7.593546139519999372e+01
-7.692485334010000031e+01
-7.791606264680000038e+01
-7.800144323320000694e+01
-7.618188468959999682e+01
-7.688482639149999898e+01
-7.767047933599999965e+01
-7.581544243749999623e+01
-7.658321958710000388e+01
-7.664955248690000644e+01
-7.670285173310000459e+01
-7.601776401329999544e+01
-7.599072618760000353e+01
-7.668759454140000287e+01
-7.831667481430000066e+01
-7.710919899549999457e+01
-7.657651349830000242e+01
-7.914454549010000051e+01
-7.567648985179999954e+01
-7.693775778730000070e+01
-7.703236995749999494e+01
-7.620092535930000111e+01
-7.768630527019999477e+01
-7.680229740769999580e+01
-7.495405462889999626e+01
-7.695261867659999666e+01
-7.577625701540000591e+01
-7.583756881710000641e+01
-7.604223759990000531e+01
-7.807122666460000460e+01
-7.617659603200000618e+01
-7.685535158490000640e+01
-7.652956962570000599e+01
-7.433582437420000133e+01
-7.422206307609999953e+01
-7.432906205349999595e+01
-7.646194565160000423e+01
-7.544773385599999926e+01
-7.609025470250000467e+01
-7.526257239340000638e+01
-7.557517993579999427e+01
-7.427653532860000496e+01
-7.683214022559999989e+01
-7.582500623919999327e+01
-7.562251693100000693e+01
-7.670432173519999708e+01
-7.640331586409999431e+01
-7.623282119540000679e+01
-7.467407915089999904e+01
-7.399169905380000500e+01
-7.691051581329999465e+01
-7.464513749210000526e+01
-7.455209150500000703e+01
-7.454677181380000661e+01
-7.534558087999999998e+01
-7.542842061579999324e+01
-7.491479408909999904e+01
-7.396342195910000328e+01
-7.618475821379999502e+01
-7.595387363349999532e+01
-7.638483337469999412e+01
-7.527414014000000009e+01
-7.529339949129999354e+01
-7.512595230479999486e+01
-7.447607936539999685e+01
-7.575673916889999759e+01
-7.452879644099999723e+01
-7.557631484009999667e+01
-7.580501924909999900e+01
-7.477884450240000547e+01
-7.610706018150000318e+01
-7.503727212879999797e+01
-7.518100542889999360e+01
-7.561562670509999862e+01
-7.582848284560000707e+01
-7.542333467379999945e+01
-7.474001147399999923e+01
-7.548772267190000207e+01
-7.398826100230000691e+01
-7.461390517040000248e+01
-7.382046605169999509e+01
-7.451844962949999740e+01
-7.520739819179999586e+01
-7.339006282210000620e+01
-7.462521769769999480e+01
-7.354190794689999677e+01
-7.444437177080000367e+01
-7.504614094830000681e+01
-7.412437595340000485e+01
-7.523085700919999397e+01
-7.520345564049999609e+01
-7.537690626740000255e+01
-7.462775560490000260e+01
-7.443276960250000229e+01
-7.370203093659999638e+01
-7.640978652789999614e+01
-7.543882457499999816e+01
-7.505877485649999414e+01
-7.401215189920000626e+01
-7.514495528090000676e+01
-7.489845964559999913e+01
-7.420500650569999834e+01
-7.606066415429999950e+01
-7.511442451759999983e+01
-7.531369586280000306e+01
-7.468811265140000444e+01
-7.340656675450000535e+01
-7.424960071009999751e+01
-7.432830829579999943e+01
-7.419994369459999461e+01
-7.398406577970000342e+01
-7.465584716790000641e+01
-7.512622876860000076e+01
-7.415498748550000130e+01
-7.521684707709999884e+01
-7.476669776209999441e+01
-7.513488840210000319e+01
-7.497357199670000227e+01
-7.590543716380000205e+01
-7.617284313870000290e+01
-7.560164907909999954e+01
-7.599737131560000591e+01
-7.517417500919999895e+01
-7.539471713519999696e+01
-7.408178771970000298e+01
-7.551031500039999855e+01
-7.491970086349999747e+01
-7.438268376380000291e+01
-7.550890347930000246e+01
-7.587692037019999702e+01
-7.515349614350000707e+01
-7.499571870510000338e+01
-7.492990096479999806e+01
-7.499546896959999742e+01
-7.535723347100000069e+01
-7.405279737749999924e+01
-7.448865185450000581e+01
-7.458159033699999441e+01
-7.466632669400000566e+01
-7.474747356899999318e+01
-7.397791817910000134e+01
-7.473767941760000610e+01
-7.623722727099999474e+01
-7.414084114480000665e+01
-7.731356496290000280e+01
-7.581964757650000308e+01
-7.521452587269999412e+01
-7.580181619180000041e+01
-7.606552356359999578e+01
-7.571894604819999586e+01
-7.621352576670000190e+01
-7.548667338949999817e+01
-7.729759513310000330e+01
-7.520782122880000031e+01
-7.606734615230000429e+01
-7.598770781199999647e+01
-7.606366580659999954e+01
-7.586964420549999488e+01
-7.609212289970000143e+01
-7.577781953129999692e+01
-7.492911646759999655e+01
-7.585591996569999651e+01
-7.544478136399999357e+01
-7.434819315320000044e+01
-7.539418333899999425e+01
-7.421666434659999823e+01
-7.431752642840000078e+01
-7.458801420059999998e+01
-7.657646268060000239e+01
-7.608875415859999691e+01
-7.540253288990000158e+01
-7.430205751409999948e+01
-7.575781255549999571e+01
-7.698830907999999340e+01
-7.708942900229999395e+01
-7.694635784390000310e+01
-7.540556561450000572e+01
-7.572264885619999575e+01
-7.660097732539999527e+01
-7.784415379249999489e+01
-7.625432283979999681e+01
-7.801062938879999820e+01
-7.855327479250000522e+01
-7.777775691579999773e+01
-7.849520383770000365e+01
-7.869251608230000272e+01
-7.619494451769999444e+01
-7.849327774130000535e+01
-7.751511646119999455e+01
-7.616981363739999722e+01
-7.568713829130000192e+01
-7.507700542599999949e+01
-7.507731982629999834e+01
-7.461474617890000616e+01
-7.493610807819999309e+01
-7.553332338040000593e+01
-7.512866163760000404e+01
-7.455214426960000651e+01
-7.432060587959999509e+01
-7.703831825369999819e+01
-7.814592356100000359e+01
-7.735600136249999537e+01
-7.676484085609999397e+01
-7.569331861370000070e+01
-7.716929242140000156e+01
-7.834539784870000290e+01
-7.721444408249999469e+01
-7.663997204579999334e+01
-7.747803023279999479e+01
-7.834198229650000656e+01
-7.832351561800000184e+01
-7.844408067839999887e+01
-7.850216537619999713e+01
-7.830820731090000208e+01
-7.914212104790000524e+01
-7.986522256950000553e+01
-7.759003904009999530e+01
-8.154247588900000210e+01
-7.864426429620000647e+01
-7.826599371339999323e+01
-7.632091718659999913e+01
-7.649745144300000277e+01
-7.524614291260000698e+01
-7.607200790989999462e+01
-7.590352521619999493e+01
-7.555953586580000092e+01
-7.628264181580000525e+01
-7.721574611900000207e+01
-7.682604324630000292e+01
-7.693841961469999546e+01
-7.487285116799999685e+01
-7.587260404379999557e+01
-7.724642199080000182e+01
-7.494213640600000303e+01
-7.657133757959999798e+01
-7.778556399209999483e+01
-7.875040117289999841e+01
-8.018976130260000446e+01
-7.907517662569999572e+01
-8.189512003570000331e+01
-7.897354044819999785e+01
-8.071352558060000604e+01
-8.088100676009999290e+01
-7.913705887570000641e+01
-8.126201190410000663e+01
-8.185120398479999437e+01
-7.991532093390000568e+01
-7.698674832540000068e+01
-7.909876063929999646e+01
-7.608344225730000687e+01
-7.723283831460000215e+01
-7.586333947090000152e+01
-7.810752442099999371e+01
-7.974184154360000321e+01
-7.870651567209999655e+01
-8.008871359309999605e+01
-7.754859339719999411e+01
-7.632073014680000256e+01
-7.809395214399999929e+01
-7.543034523759999388e+01
-7.552385949680000010e+01
-7.649213768520000656e+01
-7.595960304330000668e+01
-7.629540598719999878e+01
-7.554551540170000123e+01
-7.677462540620000198e+01
-7.738866971939999928e+01
-7.978515263260000268e+01
-7.952056936809999854e+01
-8.026144255110000358e+01
-8.047504707420000614e+01
-7.906329929599999673e+01
-7.960560664429999633e+01
-7.960591674590000366e+01
-7.999514314850000574e+01
-7.781378550200000177e+01
-7.810655823579999435e+01
-7.787339483489999736e+01
-7.896898455459999866e+01
-7.824780443349999359e+01
-7.775358236430000147e+01
-7.920743959189999828e+01
-7.774725297829999704e+01
-7.875576171090000344e+01
-7.904581743750000555e+01
-7.985775800749999576e+01
-7.996036671529999751e+01
-7.762781395380000049e+01
-7.737925285519999363e+01
-7.674018994760000112e+01
-7.582748810879999724e+01
-7.549180778390000057e+01
-7.517017201109999291e+01
-7.617343113319999759e+01
-7.647001793590000318e+01
-7.701916447989999881e+01
-7.777426945179999507e+01
-7.749580420430000061e+01
-7.718660928110000441e+01
-7.782975029310000536e+01
-7.775347477100000049e+01
-7.615059698480000350e+01
-7.762018929299999570e+01
-7.644734978089999800e+01
-7.686367479080000464e+01
-7.811589719170000023e+01
-7.726925484519999543e+01
-7.786658865619999403e+01
-8.091981285789999845e+01
-7.752790779629999918e+01
-8.089224697939999942e+01
-7.817602780379999672e+01
-7.922774788339999930e+01
-8.278819647390000114e+01
-7.879636117649999960e+01
-7.980669757569999945e+01
-7.730525150500000109e+01
-7.589301429350000205e+01
-7.492693994830000292e+01
-7.674950063199999306e+01
-7.636518014600000015e+01
-7.698488504739999883e+01
-7.638578081789999885e+01
-7.877753846090000422e+01
-7.721473979130000487e+01
-7.561096639630000027e+01
-7.650367175700000644e+01
-7.731337947900000529e+01
-7.608733901790000687e+01
-7.623573791649999976e+01
-7.542638305289999323e+01
-7.643540079660000686e+01
-7.661045882860000233e+01
-7.634573189469999477e+01
-7.743007337010000413e+01
-7.774012879709999879e+01
-7.911804914680000422e+01
-7.934893256700000563e+01
-7.855526269460000321e+01
-7.714367142849999937e+01
-7.949350913019999609e+01
-8.121048435279999467e+01
-7.763969536620000156e+01
-7.837195788299999322e+01
-7.844557123769999407e+01
-7.784448270199999342e+01
-7.937257689390000337e+01
-7.640268867279999654e+01
-7.738366836480000188e+01
-7.655113336789999323e+01
-7.971905624570000271e+01
-7.666333859140000584e+01
-7.780489045560000250e+01
-7.647626459949999855e+01
-7.990017704580000668e+01
-7.897762643439999408e+01
-7.689581901920000462e+01
-7.682915031919999649e+01
-7.742517393340000353e+01
-7.727939891779999471e+01
-7.708484991980000700e+01
-7.975666525210000657e+01
-7.833747687650000557e+01
-7.899044455530000164e+01
-7.973965276180000217e+01
-7.816848258890000523e+01
-8.085585195289999660e+01
-7.918410380039999552e+01
-7.733663368060000209e+01
-7.801882657030000701e+01
-7.959923091609999801e+01
-7.724937176660000659e+01
-7.701083828180000523e+01
-7.911272709499999678e+01
-7.977826294320000500e+01
-8.034255937519999691e+01
-8.049690294959999903e+01
-7.892889300209999703e+01
-8.107218043940000030e+01
-7.870793964290000133e+01
-8.009054462790000173e+01
-8.185992661939999948e+01
-8.084181632279999974e+01
-8.088676207579999300e+01
-7.959944425710000360e+01
-7.980333711800000174e+01
-7.684871452730000385e+01
-7.895191474329999437e+01
-7.768588164189999645e+01
-7.945296525140000199e+01
-7.961367843690000257e+01
-7.763560867169999824e+01
-8.094521101130000318e+01
-8.318091296960000136e+01
-8.036242636369999559e+01
-7.858381871529999785e+01
-7.883958180029999596e+01
-7.823884878309999635e+01
-8.112024019999999780e+01
-7.945136502340000106e+01
-8.140145069609999950e+01
-8.055815715440000702e+01
-8.211751139010000600e+01
-7.946869563600000674e+01
-8.030420835069999441e+01
-8.284788018189999548e+01
-8.404797820720000345e+01
-8.485374216239999612e+01
-8.224569612889999348e+01
-7.965647667439999680e+01
-8.113891909679999515e+01
-7.905578809870000612e+01
-7.826913631220000411e+01
-8.330958842799999786e+01
-8.007670345309999504e+01
-8.186718808889999366e+01
-7.832913556360000484e+01
-7.964971430529999452e+01
-7.895051064560000498e+01
-7.881070967239999447e+01
-8.851717906849999906e+01
-8.041652000009999313e+01
-8.349802198499999406e+01
-7.961629587529999696e+01
-8.435577041509999674e+01
-8.032982908859999327e+01
-7.569293221040000219e+01
-7.953345804500000327e+01
-8.264658306100000118e+01
-8.102258024130000535e+01
-8.117531572759999392e+01
-8.411188062329999582e+01
-8.118725039500000662e+01
-8.515102580590000514e+01
-8.332328012770000214e+01
-8.470475450550000573e+01
-8.108011572319999516e+01
