-3.057354408389999989e+01
-2.454771895720000074e+01
-7.395484094709999567e+00
1.267186206239999890e+00
6.575353204019999787e+00
1.033048386669999985e+01
1.302886064299999980e+01
1.520295413490000058e+01
1.681859131250000061e+01
1.807646074619999865e+01
1.895607141660000039e+01
1.970917188459999991e+01
2.019424159669999952e+01
2.077408938519999992e+01
2.114516167380000056e+01
2.158313192090000143e+01
2.179749444180000140e+01
2.203786691050000002e+01
2.202009471739999924e+01
2.207227884430000131e+01
2.193335516470000002e+01
2.193689409670000146e+01
2.177380660440000071e+01
2.174273707720000104e+01
2.154609488250000027e+01
2.153241375420000026e+01
2.133296465000000097e+01
2.130643787720000049e+01
2.112515105969999851e+01
2.108537670779999829e+01
2.087000292649999977e+01
2.079121166330000037e+01
2.057876849470000025e+01
2.044978990610000125e+01
2.019465032340000121e+01
2.001385901569999959e+01
1.971070042299999869e+01
1.949520015730000111e+01
1.917572441569999953e+01
1.892429113200000046e+01
1.854627786049999827e+01
1.824060392450000023e+01
1.780247208089999944e+01
1.737536524049999898e+01
1.685967938170000124e+01
1.633747222870000115e+01
1.579248758770000016e+01
1.514671846100000074e+01
1.453414488640000002e+01
1.382532334609999936e+01
1.316703899580000048e+01
1.245996050019999934e+01
1.179179834159999984e+01
1.112083139900000006e+01
1.047262599069999922e+01
9.813340265420000819e+00
9.127959701070000875e+00
8.477148597350000259e+00
7.825597951059999779e+00
7.234235456010000398e+00
6.762855920779999863e+00
6.446730479780000245e+00
6.298493572469999968e+00
6.335181174499999734e+00
6.549376510480000135e+00
6.927520605389999808e+00
7.399439232879999828e+00
7.992497192890000157e+00
8.505142978949999488e+00
9.163006456190000648e+00
9.674090364599999603e+00
1.022271174589999987e+01
1.059058208129999912e+01
1.105082664470000076e+01
1.145859382000000082e+01
1.191224386929999923e+01
1.228752391669999966e+01
1.278764157560000037e+01
1.316014805140000021e+01
1.366901868569999934e+01
1.393579787480000043e+01
1.427397419030000059e+01
1.451150812949999924e+01
1.484849541410000029e+01
1.507848315700000086e+01
1.538369055939999974e+01
1.563861739390000061e+01
1.589976107140000039e+01
1.609483597210000028e+01
1.630930396779999825e+01
1.654879227050000168e+01
1.678608031939999989e+01
1.711300357689999885e+01
1.743249943749999886e+01
1.785661011370000040e+01
1.807206713929999964e+01
1.844106325379999944e+01
1.852130524089999852e+01
1.881921001219999923e+01
1.883746965239999938e+01
1.912310655989999830e+01
1.918854540619999938e+01
1.958501011439999928e+01
1.964048395500000055e+01
2.001352202880000064e+01
2.005559578200000104e+01
2.030880382040000143e+01
2.032074387620000167e+01
2.062805080420000081e+01
2.068405210239999903e+01
2.104060072309999896e+01
2.106583744039999928e+01
2.129013621260000022e+01
2.126504777530000112e+01
2.143439740490000034e+01
2.138553972789999946e+01
2.161454453800000053e+01
2.170259872469999962e+01
2.214888378510000067e+01
2.228771567409999932e+01
2.269404208650000143e+01
2.276667918009999880e+01
2.301451213240000016e+01
2.297348803110000048e+01
2.314269327939999954e+01
2.309597241009999991e+01
2.339201146590000135e+01
2.348891142589999959e+01
2.381402195949999978e+01
2.391589200030000129e+01
2.415096253939999826e+01
2.417494987050000077e+01
2.438331179829999940e+01
2.445634827929999844e+01
2.468648563840000065e+01
2.477192638000000002e+01
2.498356437099999994e+01
2.503744889140000041e+01
2.515277801719999928e+01
2.517014930670000084e+01
2.529247242539999974e+01
2.533149953759999917e+01
2.557375968819999912e+01
2.568810500929999918e+01
2.604342898430000020e+01
2.602490314090000112e+01
2.633831385130000058e+01
2.623218653409999845e+01
2.648070788920000140e+01
2.638330040019999956e+01
2.674214460540000005e+01
2.670700912590000087e+01
2.710990531399999881e+01
2.706788465039999991e+01
2.740109114570000060e+01
2.729636351619999957e+01
2.756739053369999937e+01
2.743116729819999833e+01
2.781624132419999995e+01
2.780278884579999854e+01
2.823601102760000003e+01
2.824796832639999877e+01
2.846145367869999987e+01
2.840585683109999948e+01
2.842767441890000057e+01
2.839583589749999959e+01
2.848386826549999995e+01
2.858665909309999975e+01
2.885019850819999832e+01
2.901796948060000148e+01
2.931719947419999883e+01
2.939963905369999964e+01
2.950604504489999869e+01
2.953309255419999957e+01
2.962387116040000024e+01
2.967918444969999925e+01
2.986048119490000019e+01
2.999717459420000054e+01
3.025229812939999974e+01
3.031139167099999909e+01
3.049335816010000144e+01
3.054450523119999872e+01
3.073537311910000014e+01
3.086333991960000134e+01
3.114437019169999843e+01
3.128271560880000024e+01
3.146564996240000056e+01
3.142130559929999833e+01
3.139851573709999855e+01
3.131421424890000083e+01
3.127382853170000132e+01
3.129737514560000022e+01
3.142109819790000103e+01
3.163675488020000159e+01
3.178447632339999984e+01
3.194479065149999997e+01
3.202202049499999958e+01
3.206457242369999960e+01
3.207632181270000160e+01
3.212725307609999703e+01
3.219813344789999832e+01
3.229404097460000145e+01
3.242425156640000239e+01
3.251826582799999699e+01
3.263438377509999810e+01
3.269076361510000339e+01
3.283043702439999834e+01
3.294202005719999704e+01
3.319275369660000052e+01
3.343170110049999977e+01
3.363719383290000309e+01
3.383928834440000344e+01
3.382432211820000134e+01
3.392944093439999875e+01
3.368848507719999930e+01
3.380033874099999736e+01
3.362682750980000179e+01
3.388536820169999686e+01
3.375516362049999941e+01
3.405218391430000224e+01
3.392410588810000149e+01
3.419784305700000004e+01
3.402043616910000168e+01
3.427785240680000101e+01
3.413087308530000286e+01
3.438601900670000333e+01
3.423543379160000200e+01
3.441557703790000033e+01
3.428897689960000150e+01
3.438818576079999900e+01
3.428902668380000307e+01
3.441823692220000197e+01
3.448648236969999914e+01
3.469179979230000299e+01
3.488651649260000198e+01
3.515364854879999967e+01
3.519891482949999784e+01
3.537602693939999909e+01
3.522315350529999733e+01
3.534832967869999720e+01
3.513473874000000308e+01
3.529588043230000238e+01
3.513236690800000162e+01
3.533196380439999729e+01
3.524590913950000015e+01
3.539723540359999987e+01
3.534692058400000292e+01
3.548574124320000323e+01
3.541381917260000023e+01
3.555386706539999864e+01
3.549582802869999654e+01
3.554900916790000309e+01
3.542416881559999808e+01
3.539611912010000339e+01
3.527316209579999651e+01
3.523878493410000345e+01
3.522657935579999844e+01
3.524305418280000168e+01
3.536997718580000338e+01
3.544288528919999948e+01
3.561262027939999797e+01
3.569904243420000256e+01
3.577326465819999868e+01
3.581130592899999954e+01
3.580227238989999705e+01
3.588395177640000355e+01
3.572929214159999844e+01
3.580728773330000081e+01
3.566611884030000112e+01
3.574116662699999836e+01
3.564673020040000040e+01
3.570692160459999798e+01
3.571698743080000327e+01
3.580361042810000072e+01
3.578964386999999903e+01
3.590115891309999796e+01
3.586354556519999903e+01
3.588842418779999832e+01
3.574456755620000337e+01
3.569792301220000041e+01
3.560952612519999860e+01
3.554074452950000307e+01
3.556469474029999844e+01
3.545847286040000057e+01
3.558557126539999871e+01
3.549902795500000252e+01
3.565300033550000336e+01
3.557871981099999914e+01
3.564220596850000078e+01
3.565825971539999983e+01
3.572903230749999892e+01
3.576086168159999801e+01
3.571293623999999767e+01
3.571572569549999798e+01
3.571758763900000133e+01
3.567252688010000128e+01
3.567230490280000055e+01
3.561037796690000334e+01
3.567943342240000248e+01
3.561939448540000086e+01
3.568356465539999789e+01
3.567335366089999837e+01
3.566656474290000034e+01
3.566211303800000110e+01
3.564965341229999751e+01
3.559470809230000299e+01
3.560483320050000344e+01
3.552158591340000271e+01
3.559886715350000230e+01
3.542035853609999663e+01
3.554460381869999708e+01
3.544552203749999819e+01
3.554240039319999767e+01
3.547341076109999847e+01
3.554978409089999758e+01
3.554040264950000250e+01
3.553401161579999723e+01
3.555835459490000261e+01
3.554332915359999845e+01
3.548973402800000088e+01
3.549557633799999934e+01
3.545701284310000290e+01
3.546935603429999873e+01
3.545794284570000343e+01
3.548499896930000119e+01
3.543489331949999865e+01
3.547386201169999964e+01
3.547872689230000276e+01
3.545434803189999684e+01
3.546807328980000307e+01
3.543697802180000167e+01
3.546478088920000005e+01
3.540996683920000265e+01
3.539113110049999733e+01
3.539686279829999904e+01
3.535124965140000342e+01
3.541074340090000305e+01
3.536217839940000118e+01
3.541164182349999834e+01
3.536871931000000302e+01
3.537421273540000044e+01
3.540288111289999762e+01
3.539219161420000148e+01
3.535619869469999799e+01
3.537313897460000334e+01
3.533148355619999847e+01
3.537541634000000101e+01
3.535860900050000311e+01
3.533808378429999664e+01
3.534746743059999829e+01
3.536215241189999858e+01
3.533539756220000072e+01
3.535382099960000346e+01
3.533310476409999978e+01
3.532678228959999700e+01
3.532872303799999969e+01
3.530449153810000240e+01
3.531794915700000104e+01
3.529941044480000301e+01
3.526341331790000311e+01
3.529476040090000311e+01
3.526613953830000270e+01
3.529883773089999721e+01
3.529378885820000278e+01
3.529505349570000305e+01
3.531461150250000003e+01
3.529601828829999732e+01
3.528584442950000266e+01
3.528648512960000261e+01
3.526653004799999991e+01
3.530048572900000181e+01
3.526576451510000254e+01
3.526807785039999743e+01
3.529022893470000355e+01
3.526162950660000206e+01
3.526904448930000058e+01
3.526301079219999934e+01
3.523047582000000233e+01
3.525209121580000016e+01
3.526167261119999807e+01
3.523841878809999884e+01
3.527749216619999828e+01
3.525119550179999806e+01
3.528052885550000184e+01
3.524460655680000087e+01
3.522982001380000128e+01
3.528482821170000250e+01
3.524725483190000119e+01
3.524494923200000329e+01
3.527339438810000161e+01
3.524753926799999704e+01
3.525806727570000021e+01
3.522486401489999963e+01
3.522269094589999838e+01
3.524358138560000242e+01
3.522647857079999767e+01
3.523833559309999686e+01
3.522731437929999743e+01
3.527753603219999690e+01
3.526252840330000282e+01
3.527549768440000122e+01
3.524334946910000355e+01
3.525879892620000078e+01
3.523606353299999938e+01
3.526999224389999910e+01
3.525519264110000250e+01
3.524278185650000239e+01
3.530688099019999981e+01
3.529891986410000015e+01
3.528501287739999981e+01
3.531163354920000330e+01
3.528043301419999977e+01
3.529729140730000125e+01
3.530277661190000060e+01
3.528104081410000248e+01
3.531006832220000291e+01
3.526057528449999978e+01
3.525522505269999840e+01
3.521388274800000318e+01
3.518182154229999981e+01
3.517234236849999718e+01
3.521769802189999865e+01
3.519762914820000077e+01
3.524712351219999817e+01
3.528012095830000305e+01
3.531770288810000125e+01
3.534693071899999950e+01
3.528759005170000052e+01
3.533028740419999991e+01
3.532529440910000318e+01
3.528605215270000173e+01
3.536148452479999804e+01
3.532490474259999758e+01
3.536582621910000057e+01
3.531441485850000106e+01
3.529063701070000292e+01
3.531465461549999674e+01
3.529419494030000237e+01
3.532278463819999814e+01
3.534225619840000121e+01
3.535815694050000246e+01
3.534285325169999936e+01
3.540406992639999828e+01
3.533072956400000209e+01
3.527958389980000220e+01
3.527107571660000218e+01
3.521118770100000006e+01
3.528829214600000341e+01
3.521618274000000071e+01
3.528319796350000104e+01
3.531469743859999966e+01
3.525389444270000183e+01
3.533737601290000185e+01
3.525262038580000024e+01
3.534232266240000087e+01
3.536588588770000285e+01
3.536056951009999949e+01
3.542374879070000304e+01
3.535748232049999729e+01
3.540746983220000033e+01
3.532799442940000034e+01
3.523694207620000185e+01
3.522493884429999866e+01
3.518479750160000208e+01
3.523922392989999963e+01
3.532095521189999943e+01
3.539288722919999941e+01
3.545533984090000246e+01
3.547147450380000322e+01
3.545965229570000332e+01
3.536013828939999826e+01
3.543346898749999951e+01
3.528984568730000149e+01
3.541811438380000254e+01
3.529123710630000232e+01
3.535263736920000355e+01
3.535697314530000313e+01
3.520958297119999969e+01
3.533472497059999995e+01
3.526604431269999651e+01
3.533736401480000211e+01
3.542137062039999762e+01
3.543525575540000006e+01
3.552783395130000343e+01
3.544447862250000014e+01
3.534913917440000120e+01
3.523479969000000267e+01
3.515482923190000264e+01
3.508014233189999942e+01
3.513984951249999966e+01
3.523610574130000117e+01
3.531666391440000297e+01
3.547774400029999953e+01
3.550670652249999648e+01
3.550341662400000331e+01
3.554574494959999953e+01
3.539538267369999858e+01
3.554154319149999708e+01
3.541785346380000021e+01
3.547709949749999936e+01
3.547461597040000214e+01
3.534027308940000012e+01
3.535179363630000182e+01
3.523099194150000102e+01
3.522741170529999977e+01
3.526180859189999950e+01
3.533780937139999878e+01
3.548957232699999764e+01
3.557399905999999845e+01
3.559927126059999836e+01
3.554815303169999652e+01
3.542892086079999814e+01
3.529666379129999854e+01
3.523467139859999975e+01
3.524422683710000115e+01
3.517444007769999814e+01
3.534983408429999940e+01
3.524668725130000269e+01
3.542842994640000143e+01
3.531044318669999882e+01
3.533448725230000065e+01
3.540050739440000171e+01
3.537612827920000313e+01
3.560741784750000249e+01
3.552744692510000135e+01
3.566565783629999942e+01
3.557667320729999716e+01
3.544371412110000108e+01
3.538477165900000188e+01
3.518066981420000161e+01
3.521370094870000145e+01
3.528465156469999897e+01
3.542692788000000093e+01
3.554538643429999922e+01
3.565055435640000070e+01
3.562950769150000241e+01
3.563594591060000027e+01
3.550225386710000208e+01
3.548261760550000332e+01
3.539373560340000324e+01
3.549890697010000196e+01
3.535816182250000139e+01
3.559306282459999693e+01
3.514470487650000052e+01
3.536985242509999949e+01
3.494210971540000088e+01
3.516586690660000158e+01
3.517745827849999785e+01
3.526387177529999661e+01
3.556590373259999893e+01
3.568880952359999981e+01
3.572258668810000160e+01
3.575208409839999746e+01
3.552177060319999669e+01
3.548987765559999730e+01
3.538101630599999936e+01
3.538856753929999854e+01
3.547937528090000114e+01
3.561896574170000207e+01
3.560198058689999812e+01
3.570499937440000338e+01
3.555053936249999680e+01
3.554048515310000056e+01
3.553036046270000270e+01
3.550175184710000309e+01
3.558240576019999679e+01
3.570774468380000144e+01
3.552707694810000305e+01
3.571194946260000336e+01
3.519972608839999850e+01
3.538996481099999869e+01
3.501257874249999702e+01
3.521665461900000338e+01
3.523648169500000193e+01
3.548681929549999836e+01
3.556727161949999783e+01
3.573852145320000062e+01
3.559474831770000236e+01
3.565847721570000317e+01
3.546313543160000137e+01
3.550648971710000268e+01
3.553971830929999953e+01
3.566283989579999769e+01
3.573503942760000029e+01
3.578928219219999818e+01
3.567416279759999753e+01
3.557757830530000120e+01
3.543687890590000222e+01
3.538350302580000317e+01
3.548368135169999960e+01
3.555860100499999987e+01
3.574560275160000344e+01
3.582259132229999921e+01
3.571496900409999853e+01
3.572345398209999701e+01
3.533887964419999861e+01
3.540245788739999711e+01
3.515289192880000257e+01
3.529809467970000014e+01
3.530355795410000042e+01
3.549771618119999772e+01
3.535538052599999759e+01
3.547037308619999862e+01
3.517282142380000209e+01
3.525381689590000178e+01
3.519400052679999646e+01
3.530482404440000010e+01
3.554124352009999654e+01
3.565722760349999731e+01
3.575835587430000118e+01
3.573570658620000273e+01
3.556958927689999683e+01
3.537279416110000341e+01
3.531370985910000115e+01
3.512884834260000133e+01
3.542023866910000152e+01
3.530858109180000071e+01
3.559415519440000253e+01
3.551208530160000265e+01
3.549959762200000313e+01
3.537078111520000334e+01
3.530891108750000029e+01
3.521560798699999850e+01
3.537372364840000216e+01
3.535595851640000120e+01
3.538039784779999763e+01
3.533101942479999735e+01
3.503157027360000342e+01
3.477028563529999872e+01
3.464832763020000073e+01
3.445941215909999755e+01
3.472377589399999920e+01
3.479120837459999649e+01
3.516000480310000142e+01
3.520865182440000041e+01
3.529310355450000003e+01
3.519834462440000067e+01
3.514046401360000260e+01
3.499613010560000248e+01
3.512774166110000351e+01
3.504265126629999827e+01
3.529496994929999687e+01
3.518560973569999817e+01
3.531170339359999844e+01
3.511484210639999759e+01
3.510297688960000073e+01
3.497330202549999711e+01
3.508301902430000041e+01
3.511691722449999986e+01
3.532603632349999856e+01
3.525135433669999685e+01
3.513967887510000310e+01
3.480800469639999761e+01
3.447423515380000225e+01
3.422883225999999723e+01
3.412460189800000165e+01
3.411438266790000284e+01
3.429086380649999910e+01
3.438338764969999772e+01
3.462321220689999990e+01
3.451140769599999913e+01
3.455414562829999880e+01
3.450506144540000264e+01
3.459439640610000311e+01
3.464084269370000158e+01
3.489946248660000094e+01
3.483338718339999929e+01
3.494752673010000166e+01
3.475727214249999975e+01
3.464175134029999725e+01
3.447349864190000091e+01
3.454035320439999879e+01
3.456821420859999705e+01
3.491576984579999987e+01
3.484530269780000111e+01
3.502424428989999683e+01
3.478569875750000051e+01
3.448578813870000204e+01
3.424722822679999723e+01
3.399439493210000052e+01
3.384818850039999916e+01
3.397995796989999917e+01
3.375776278650000251e+01
3.399918755729999731e+01
3.363563785590000066e+01
3.373486244720000116e+01
3.349231252820000293e+01
3.370481185469999730e+01
3.372500798139999745e+01
3.401232982919999870e+01
3.403305023379999739e+01
3.411326794469999868e+01
3.388463702469999816e+01
3.363931379080000283e+01
3.344669268639999871e+01
3.328142610230000287e+01
3.323871233959999927e+01
3.350226317980000346e+01
3.372394378589999775e+01
3.385894879890000198e+01
3.391529279400000263e+01
3.365882167089999655e+01
3.345840040760000278e+01
3.305210013359999977e+01
3.298655882100000269e+01
3.293159054600000246e+01
3.287121879530000257e+01
3.279585672399999652e+01
3.252288803439999754e+01
3.232090580199999863e+01
3.204768326739999651e+01
3.199492392539999841e+01
3.195658270150000035e+01
3.221136656249999675e+01
3.245540948749999899e+01
3.260608975390000097e+01
3.247108278750000210e+01
3.217989271940000151e+01
3.178486407040000117e+01
3.143301772659999926e+01
3.123635822920000038e+01
3.119248614789999863e+01
3.129093483879999837e+01
3.149201953389999886e+01
3.164525545249999894e+01
3.144013431440000161e+01
3.144761040699999910e+01
3.109667952710000094e+01
3.099232718749999904e+01
3.069105570829999863e+01
3.058455518599999934e+01
3.038225802630000061e+01
3.010093121939999961e+01
2.965903471649999901e+01
2.932951435320000044e+01
2.903049717400000063e+01
2.891635783039999907e+01
2.904301227539999886e+01
2.917517815529999936e+01
2.954892564840000091e+01
2.952713223390000152e+01
2.947773761730000075e+01
2.913647316549999999e+01
2.859396398319999832e+01
2.837830184159999902e+01
2.800301459470000154e+01
2.801298182649999902e+01
2.805761109879999893e+01
2.793298983540000080e+01
2.787880574740000128e+01
2.773945929139999933e+01
2.757305967119999934e+01
2.754067711100000082e+01
2.739901556690000106e+01
2.746097775160000154e+01
2.728109380729999955e+01
2.702403007399999879e+01
2.647528008000000099e+01
2.595234252799999908e+01
2.527029435029999860e+01
2.495096736309999841e+01
2.468335300709999913e+01
2.459848138090000091e+01
2.489638213960000002e+01
2.486003507479999897e+01
2.499920030279999850e+01
2.488046390410000086e+01
2.468565904389999943e+01
2.443584872539999964e+01
2.409658683640000021e+01
2.398339608690000091e+01
2.378495681620000113e+01
2.352561814590000111e+01
2.338166735920000150e+01
2.304890194149999871e+01
2.279647437159999868e+01
2.260602726589999989e+01
2.257216351980000013e+01
2.263082674740000044e+01
2.277463574200000096e+01
2.268988222779999830e+01
2.260621815460000050e+01
2.220470703490000020e+01
2.178692646960000090e+01
2.120634794780000121e+01
2.078939129000000108e+01
2.039004151740000026e+01
2.019749358860000044e+01
1.989978479110000009e+01
1.985091793739999844e+01
1.950507713169999846e+01
1.934482687510000076e+01
1.904369703369999911e+01
1.890643162290000134e+01
1.872400202400000069e+01
1.869290407849999980e+01
1.852418968579999969e+01
1.827178474660000163e+01
1.787878814429999963e+01
1.747840001759999851e+01
1.703096170430000100e+01
1.678001511769999965e+01
1.668442555249999870e+01
1.660636180630000069e+01
1.661648192759999887e+01
1.661488226670000046e+01
1.651706236280000084e+01
1.646004656819999923e+01
1.620468540290000092e+01
1.585375864509999921e+01
1.572595901200000057e+01
1.527376328549999940e+01
1.509466680949999962e+01
1.455238095990000069e+01
1.419588006959999937e+01
1.365964012529999927e+01
1.319271264550000033e+01
1.278769187019999976e+01
1.254121683630000028e+01
1.225388386740000080e+01
1.200205072550000018e+01
1.177105830060000002e+01
1.149361952269999954e+01
1.102651726420000067e+01
1.059828173800000073e+01
1.012198442919999941e+01
9.866851856340000282e+00
9.538470791840000018e+00
9.229413501999999880e+00
9.042226515319999436e+00
8.374979481969999640e+00
8.140495523549999390e+00
7.645775661380000088e+00
7.141147961729999771e+00
6.906192708269999869e+00
6.547117068730000433e+00
6.336793412589999619e+00
6.108920001209999562e+00
5.617530729500000319e+00
5.141683668429999798e+00
4.511205726850000097e+00
3.613065966450000221e+00
2.950692398530000204e+00
2.425448833339999943e+00
1.819321156090000002e+00
1.186498326159999950e+00
2.588224047830000110e-02
-6.012676788699999886e-01
-1.799404807950000018e+00
-2.959506338170000195e+00
-4.048526304640000184e+00
-5.013759470360000137e+00
-6.439949252999999985e+00
-8.308386258980000605e+00
-9.268784857039999991e+00
-1.275347613549999970e+01
-1.358059274800000082e+01
-1.752483406380000019e+01
-1.558317088559999952e+01
-1.382705998800000025e+01
-1.178015338380000010e+01
-9.591883585030000603e+00
-8.527769631450000887e+00
-6.095251517500000382e+00
-5.957023665560000403e+00
-4.235112891560000037e+00
-3.686636125909999784e+00
-2.478500344450000004e+00
-1.707779526860000008e+00
-9.122763495810000123e-01
2.878253079410000165e-02
7.237029585599999981e-01
1.136634879320000069e+00
1.341181423489999913e+00
1.558212980199999986e+00
1.841956024139999926e+00
2.514157606499999975e+00
3.185037880299999902e+00
3.842204527669999869e+00
4.313163282289999678e+00
4.678725227440000189e+00
5.025555114030000325e+00
4.858623046179999960e+00
5.204816972969999789e+00
5.473939037360000093e+00
5.930095703150000119e+00
6.190152918409999927e+00
6.504753377290000138e+00
6.751220199749999651e+00
6.823942246709999715e+00
6.701829929969999711e+00
6.594298920670000008e+00
6.931746171840000414e+00
7.297691609140000146e+00
7.809116890290000335e+00
8.396325020680000861e+00
8.593431627459999333e+00
8.716509155549999832e+00
8.470491968419999296e+00
8.298678715119999438e+00
8.130603724889999384e+00
8.115141085899999496e+00
8.387472124940000384e+00
8.743227207020000336e+00
9.202176273839999254e+00
9.536006133840000842e+00
9.571954555210000493e+00
9.631419024670000439e+00
9.620885348479999877e+00
1.000194264609999983e+01
1.036059549039999972e+01
1.100785909100000026e+01
1.149114707899999921e+01
1.174977782779999913e+01
1.172100772069999941e+01
1.131840345910000067e+01
1.113513752299999915e+01
1.089346869559999931e+01
1.116546951669999999e+01
1.143140358780000021e+01
1.211431125540000053e+01
1.258316607569999945e+01
1.275617267450000014e+01
1.260613008710000038e+01
1.220589000250000034e+01
1.195837737379999943e+01
1.182415801339999994e+01
1.176685976509999954e+01
1.214732440659999924e+01
1.215139239740000043e+01
1.220463416559999992e+01
1.184635123650000033e+01
1.155196636860000048e+01
1.146229352820000003e+01
1.143393532670000035e+01
1.177090011189999963e+01
1.228142427549999915e+01
1.295607298890000081e+01
1.353506731190000067e+01
1.388523667209999957e+01
1.384817383779999922e+01
1.318169035560000069e+01
1.329445252890000084e+01
1.287528626089999939e+01
1.358217941660000072e+01
1.371440047549999974e+01
1.452047762449999979e+01
1.499871677259999991e+01
1.525487650300000020e+01
1.514314456219999983e+01
1.513161333410000076e+01
1.476477320639999924e+01
1.534804498199999934e+01
1.518127663329999955e+01
1.569367992539999968e+01
1.516918131689999960e+01
1.477152756289999935e+01
1.406477909900000078e+01
1.359472898209999947e+01
1.332613859309999960e+01
1.334452189930000010e+01
1.366327413259999979e+01
1.422653895870000085e+01
1.466826660749999967e+01
1.490704027179999969e+01
1.494402321199999939e+01
1.468248688139999913e+01
1.422390825119999924e+01
1.435946430499999948e+01
1.396204299100000057e+01
1.470172174580000046e+01
1.487236635890000080e+01
1.538510385310000039e+01
1.532194575699999994e+01
1.524684455559999918e+01
1.517329193539999999e+01
1.517742400280000048e+01
1.552667776330000038e+01
1.619965728629999902e+01
1.682948610709999926e+01
1.772700707019999911e+01
1.761215388919999825e+01
1.722166754119999865e+01
1.653312263220000133e+01
1.610061858879999974e+01
1.586420626930000033e+01
1.598446585419999977e+01
1.614919291129999834e+01
1.663398900210000164e+01
1.671594975280000028e+01
1.674753658159999858e+01
1.647007038929999823e+01
1.632422966200000047e+01
1.590940194639999916e+01
1.630110250499999935e+01
1.592702407230000006e+01
1.649571169420000061e+01
1.601035118340000096e+01
1.593109627990000021e+01
1.540201871340000039e+01
1.477585634120000080e+01
1.456476639209999924e+01
1.452888887990000022e+01
1.460761563510000016e+01
1.541077887279999992e+01
1.607025980910000129e+01
1.720473150999999845e+01
1.764762851069999883e+01
1.788866591069999856e+01
1.768151588719999978e+01
1.745507205590000055e+01
1.742493439529999932e+01
1.746345795679999924e+01
1.789550998229999834e+01
1.752993747480000053e+01
1.794294142949999937e+01
1.749062608310000044e+01
1.755435169700000131e+01
1.771065810449999844e+01
1.761860324890000129e+01
1.819326775440000077e+01
1.819225027210000079e+01
1.808076831150000174e+01
1.747397686380000081e+01
1.683856176680000161e+01
1.610692489110000025e+01
1.576856165080000061e+01
1.553256281370000025e+01
1.559327329289999930e+01
1.595659808129999924e+01
1.625177270889999903e+01
1.687611968839999932e+01
1.714036203839999928e+01
1.743848328809999870e+01
1.720136673200000033e+01
1.728122521199999895e+01
1.697554431669999886e+01
1.767737427060000144e+01
1.736393998209999978e+01
1.798395093370000097e+01
1.740981926539999947e+01
1.754685171030000035e+01
1.711535752469999849e+01
1.733052315739999827e+01
1.752992728690000135e+01
1.788111286339999850e+01
1.847541473600000117e+01
1.875471098919999946e+01
1.898049874699999862e+01
1.843176321190000166e+01
1.781718781540000052e+01
1.732876075749999956e+01
1.702433477059999944e+01
1.709048376759999854e+01
1.721327552629999857e+01
1.738441105689999944e+01
1.744609977689999880e+01
1.746531420259999834e+01
1.728606369919999963e+01
1.721065263790000088e+01
1.713058318719999917e+01
1.720340185479999917e+01
1.753425805659999881e+01
1.791830570879999840e+01
1.789222789049999918e+01
1.799058427370000146e+01
1.708123400599999897e+01
1.716577046460000133e+01
1.648750702699999948e+01
1.691683766410000089e+01
1.691487483859999941e+01
1.715988969820000065e+01
1.779615738020000038e+01
1.814648122319999857e+01
1.833205406769999968e+01
1.846290087959999937e+01
1.828909877290000097e+01
1.814516036199999860e+01
1.808149772599999849e+01
1.815180224970000111e+01
1.795898762950000105e+01
1.790316776110000063e+01
1.742759843780000040e+01
1.691780022929999916e+01
1.675436858060000134e+01
1.662262718470000067e+01
1.702205859029999857e+01
1.736899962929999930e+01
1.787552001950000147e+01
1.851996650359999919e+01
1.831829202420000158e+01
1.840595116100000084e+01
1.748722493400000033e+01
1.737034428229999961e+01
1.691132692469999910e+01
1.720848775600000025e+01
1.723726805640000137e+01
1.757807477089999892e+01
1.792166144300000141e+01
1.787736562150000097e+01
1.801140834370000121e+01
1.776206985319999987e+01
1.786723440089999926e+01
1.784467166210000144e+01
1.810287038299999907e+01
1.807411660729999880e+01
1.822629278710000023e+01
1.738012996049999970e+01
1.700905241990000150e+01
1.607246106690000076e+01
1.598372599390000026e+01
1.583353973080000010e+01
1.638940108879999968e+01
1.699212145779999972e+01
1.747020631230000021e+01
1.803577838449999859e+01
1.812352858939999933e+01
1.818762450539999875e+01
1.756275958579999852e+01
1.764178869590000076e+01
1.744792479570000054e+01
1.770256190790000161e+01
1.779650907059999909e+01
1.816103005269999926e+01
1.796292090209999870e+01
1.800591208659999864e+01
1.764270036699999977e+01
1.767816943900000126e+01
1.774200958639999826e+01
1.810323946760000169e+01
1.863801544309999869e+01
1.901548591919999964e+01
1.906337252340000177e+01
1.859127036590000159e+01
1.800422234199999849e+01
1.711028208879999823e+01
1.711039251049999876e+01
1.669121507010000016e+01
1.729749886340000131e+01
1.737641502769999846e+01
1.782528845830000108e+01
1.791531391819999897e+01
1.776512460489999867e+01
1.765004675790000022e+01
1.721418059570000025e+01
1.723959347959999988e+01
1.740103802630000018e+01
1.771343665510000065e+01
1.786267690509999895e+01
1.778187579549999953e+01
1.740034023109999950e+01
1.707507497330000135e+01
1.680595358480000101e+01
1.652379737289999895e+01
1.678735600039999909e+01
1.713487760119999948e+01
1.778132342299999991e+01
1.815119754710000066e+01
1.838422516809999863e+01
1.810997303270000103e+01
1.793937091669999973e+01
1.729377758009999866e+01
1.729407874199999995e+01
1.711530033949999918e+01
1.737678593309999897e+01
1.731316030920000060e+01
1.732659655559999834e+01
1.712784045249999920e+01
1.676681364070000058e+01
1.648678054839999874e+01
1.643640964469999943e+01
1.644718435849999949e+01
1.668441719690000014e+01
1.704909498159999970e+01
1.714192311200000063e+01
1.705190425179999991e+01
1.654611901070000002e+01
1.613407479030000147e+01
1.567407362650000024e+01
1.554002797040000061e+01
1.576133599919999995e+01
1.592704701549999946e+01
1.631746838709999992e+01
1.667644062860000176e+01
1.691389729429999988e+01
1.675364606670000001e+01
1.664980410909999975e+01
1.639669835950000021e+01
1.658413010319999970e+01
1.658507762609999858e+01
1.692704495099999917e+01
1.685795876839999963e+01
1.682858271150000107e+01
1.648139525390000060e+01
1.625135321679999834e+01
1.600769595190000061e+01
1.589284481670000027e+01
1.592315589919999930e+01
1.628906492650000004e+01
1.644182438669999868e+01
1.654648839380000069e+01
1.651487044790000169e+01
1.635085232529999999e+01
1.593024508919999960e+01
1.578649560290000053e+01
1.559839226839999959e+01
1.560717199259999965e+01
1.567772256039999945e+01
1.564542034029999940e+01
1.556101376400000014e+01
1.563058185619999918e+01
1.541471989329999914e+01
1.547072445300000076e+01
1.543748404759999993e+01
1.558976377589999984e+01
1.577951296740000053e+01
1.616127930729999918e+01
1.606995741760000129e+01
1.609072994039999926e+01
1.585900785800000001e+01
1.551459374320000073e+01
1.543707402499999937e+01
1.513986358020000011e+01
1.541644461099999930e+01
1.545389327590000050e+01
1.565579084530000031e+01
1.569441096989999984e+01
1.572388838480000040e+01
1.555735619350000043e+01
1.552410761079999979e+01
1.546820146069999957e+01
1.545640691160000024e+01
1.538618076849999916e+01
1.518462758219999920e+01
1.519820701369999938e+01
1.502602762299999917e+01
1.489978266600000012e+01
1.501243814979999947e+01
1.494913296850000073e+01
1.504375955409999932e+01
1.520828152590000037e+01
1.529307975120000052e+01
1.539495887390000028e+01
1.540385333470000084e+01
1.517191054719999954e+01
1.524755536009999979e+01
1.505700345720000044e+01
1.487535468189999932e+01
1.495607146250000064e+01
1.489642302989999934e+01
1.488685498469999935e+01
1.469845657569999986e+01
1.452610307319999983e+01
1.461025068400000038e+01
1.452664341909999912e+01
1.461434375470000013e+01
1.458146373269999962e+01
1.459045909379999983e+01
1.460007064999999926e+01
1.452035963730000034e+01
1.447954111499999996e+01
1.435105927210000054e+01
1.442874167979999989e+01
1.446165900669999971e+01
1.458509371050000070e+01
1.479929681750000015e+01
1.459031935239999989e+01
1.463810265420000079e+01
1.462900907919999938e+01
1.449231201039999917e+01
1.454671044710000061e+01
1.468753761169999983e+01
1.474381318720000067e+01
1.472988415879999913e+01
1.467274741880000022e+01
1.449875648609999956e+01
1.441669704289999920e+01
1.412070402720000040e+01
1.410505573660000067e+01
1.386362327700000030e+01
1.375600582260000060e+01
1.379968800099999982e+01
1.355559517750000076e+01
1.357828563019999990e+01
1.350202609199999948e+01
1.315209092359999943e+01
1.337254756929999999e+01
1.330733367070000028e+01
1.360279028439999927e+01
1.372805372170000027e+01
1.373615871740000038e+01
1.383419277560000005e+01
1.387203283380000052e+01
1.365751991850000024e+01
1.365610831839999939e+01
1.368563510799999960e+01
1.365704623899999959e+01
1.398114744339999937e+01
1.406092989270000082e+01
1.419476038460000034e+01
1.413008840590000048e+01
1.395933401499999960e+01
1.374431022229999932e+01
1.354959890229999964e+01
1.361892046430000036e+01
1.343969260050000081e+01
1.307823151280000040e+01
1.288470446040000006e+01
1.248556046220000049e+01
1.227965288709999925e+01
1.204108812379999982e+01
1.188571688420000072e+01
1.186577925859999993e+01
1.200139115710000048e+01
1.217961492599999929e+01
1.217902897959999997e+01
1.228140026630000037e+01
1.231799577309999982e+01
1.203329236719999962e+01
1.214698695410000084e+01
1.215955181110000005e+01
1.229203239059999930e+01
1.244316229030000009e+01
1.253695095520000002e+01
1.268181925720000081e+01
1.293601278779999930e+01
1.303691881259999974e+01
1.312727988179999983e+01
1.316836771050000010e+01
1.325085299949999929e+01
1.315788281909999924e+01
1.328989704449999998e+01
1.280938392390000047e+01
1.255037823360000004e+01
1.206729292630000039e+01
1.175172255879999916e+01
1.159763003860000019e+01
1.143936411119999974e+01
1.142845057209999915e+01
1.129782372290000048e+01
1.132482304190000022e+01
1.116767781469999932e+01
1.109679348769999940e+01
1.085799342710000026e+01
1.086423436900000006e+01
1.095488778240000016e+01
1.065202448650000022e+01
1.098214375190000069e+01
1.037928772989999970e+01
1.042990834389999932e+01
1.039531432200000083e+01
1.032100965180000074e+01
1.044596660360000051e+01
1.072493303989999980e+01
1.082335415310000037e+01
1.161076714410000044e+01
1.191714170080000024e+01
1.257090126369999972e+01
1.253245633360000078e+01
1.256499799330000045e+01
1.253714615260000009e+01
1.220444710690000001e+01
1.198421180839999955e+01
1.181997493269999921e+01
1.149591547830000060e+01
1.113157761259999923e+01
1.102196042119999930e+01
1.073461370639999934e+01
1.069629295610000064e+01
1.051985573350000003e+01
1.046040088370000021e+01
1.034111790639999917e+01
9.874366458129999913e+00
9.793192079689999829e+00
9.033442608970000620e+00
8.541254581469999607e+00
8.213317499789999587e+00
7.924745057640000034e+00
7.845460235820000072e+00
7.922058087599999965e+00
8.403065448319999575e+00
8.999512912380000174e+00
9.338914859300000870e+00
1.004526716740000047e+01
1.038913568249999919e+01
1.097877712410000051e+01
1.116066520749999924e+01
1.166281991089999970e+01
1.166697088009999916e+01
1.180597990949999954e+01
1.134080145190000088e+01
1.114375092789999933e+01
1.081617314970000088e+01
1.088878974630000052e+01
1.098015672760000072e+01
1.110780338930000077e+01
1.126598208210000074e+01
1.110201579780000003e+01
1.062481446069999969e+01
9.937542424229999227e+00
8.913071865919999226e+00
8.181785109179999793e+00
7.902558680210000297e+00
6.912779399169999728e+00
7.085280017499999694e+00
6.606743351489999583e+00
7.003882589139999837e+00
6.685189411339999666e+00
6.884324693139999951e+00
7.310335906999999800e+00
7.445523333399999721e+00
7.882809288319999830e+00
8.596142922340000325e+00
8.961567579449999599e+00
9.370664502160000353e+00
9.361214286339999191e+00
9.122594897060000818e+00
8.912981252719999858e+00
8.675312545909999784e+00
8.599795483439999444e+00
8.784869943880000420e+00
9.127620966049999396e+00
9.812472690179999901e+00
1.052365872010000025e+01
1.081233561760000050e+01
1.101155905769999954e+01
1.035465551759999947e+01
1.003727440029999940e+01
9.358928430269999765e+00
8.974289458990000412e+00
8.621489771689999415e+00
8.080301575200000030e+00
8.100637484179999959e+00
7.504549395309999760e+00
7.345356546299999678e+00
6.813676068710000422e+00
7.060069266960000256e+00
7.244017304419999803e+00
7.678379648559999993e+00
8.134852817520000556e+00
8.180615747719999220e+00
8.002420492280000630e+00
7.403068955030000176e+00
6.993709356420000134e+00
6.387257373689999795e+00
6.195861192219999758e+00
6.416178406680000279e+00
6.465641562920000140e+00
6.829651572390000425e+00
7.250512591639999727e+00
7.595269399080000206e+00
8.435178013899999883e+00
8.531466183819999216e+00
9.108420828959999938e+00
9.735704536569999235e+00
1.004371060070000077e+01
1.050663048070000016e+01
1.014499860149999932e+01
9.387829188499999589e+00
8.652341743199999158e+00
7.942024035450000241e+00
7.905492029230000384e+00
8.052697974890000054e+00
8.447836435970000224e+00
9.241678252330000731e+00
9.526247047609999186e+00
9.535457514340000884e+00
9.031940525279999576e+00
8.361090190969999725e+00
7.469955543930000275e+00
7.562718858950000289e+00
7.177464140529999703e+00
6.740911289489999625e+00
7.050943522309999878e+00
6.273261237069999829e+00
6.559401578170000136e+00
6.009406997530000183e+00
6.113137211479999777e+00
6.476148788729999772e+00
6.560268490510000383e+00
7.792800599739999612e+00
8.827115893400000246e+00
9.535141177670000801e+00
9.903718920559999361e+00
9.389340235949999780e+00
8.433508136689999546e+00
8.162908665150000687e+00
7.685127748540000248e+00
7.975882215100000394e+00
8.612031730520000039e+00
9.059749945340000110e+00
9.663396830960000017e+00
9.912989063530000422e+00
9.497934450949999885e+00
9.489303259310000627e+00
8.599456832830000508e+00
8.688732905509999327e+00
8.228303919620000073e+00
8.059699487710000554e+00
7.968351293279999581e+00
7.403859042539999713e+00
7.015753242509999765e+00
6.270262071210000343e+00
6.301128961409999896e+00
6.185296897899999813e+00
7.084520744129999770e+00
7.593655710790000235e+00
8.342316597370000864e+00
9.311481489149999291e+00
9.152228328770000587e+00
8.693572929240000136e+00
8.148160420319999986e+00
7.632465497820000166e+00
7.508179830679999611e+00
7.589585943720000394e+00
7.783453114540000328e+00
8.043865488050000678e+00
8.012694049529999418e+00
7.846430928500000235e+00
7.846987279080000377e+00
7.214569152990000234e+00
7.510749816779999755e+00
8.078711329929999962e+00
8.461523913129999741e+00
8.967204635339999896e+00
8.248942697109999500e+00
7.735598735199999965e+00
6.885258005699999906e+00
6.042137073190000152e+00
5.949047523199999965e+00
6.213908004380000349e+00
6.460649412929999613e+00
7.381367005659999592e+00
8.130461826330000363e+00
8.112466805020000393e+00
8.021975244889999246e+00
7.491577805320000394e+00
6.764726179350000201e+00
6.616527397939999666e+00
6.665001664840000117e+00
6.863059540630000122e+00
7.040261130480000240e+00
6.558502480119999589e+00
6.139760511319999559e+00
5.692197506240000315e+00
4.945071743509999784e+00
5.141505070410000044e+00
5.110098275330000384e+00
6.064318581260000229e+00
7.060206697869999992e+00
7.586078248169999760e+00
7.800137989079999556e+00
7.166828551010000048e+00
6.136277793119999657e+00
5.341685994709999719e+00
5.554884702129999852e+00
5.333973654740000292e+00
5.924463721220000423e+00
6.504215761010000207e+00
6.738615949079999723e+00
6.554508888290000002e+00
5.732751114410000071e+00
5.588296395889999602e+00
5.202096240630000423e+00
5.591125253879999590e+00
5.796202250550000379e+00
5.543489902470000175e+00
5.313722904079999587e+00
4.421628690800000427e+00
3.374343652739999921e+00
3.206794791430000124e+00
2.743063352170000080e+00
3.051878160099999793e+00
3.617676726750000071e+00
4.025523892749999888e+00
4.823169856339999839e+00
5.212006549529999866e+00
5.038532554709999722e+00
4.462806671570000105e+00
3.880773418680000031e+00
3.894107680419999884e+00
3.911127169309999818e+00
4.418004637250000144e+00
4.624267321869999670e+00
4.328681394900000257e+00
4.089874625210000225e+00
3.715848928329999801e+00
3.386285430300000066e+00
3.327200097269999990e+00
2.969335978879999782e+00
3.387157475610000024e+00
4.863626132770000332e+00
4.168578238490000309e+00
4.436504316979999807e+00
2.842743153039999804e+00
2.479409884889999915e+00
1.712600757019999920e+00
1.679158344129999980e+00
1.456482718129999965e+00
2.395806354649999914e+00
2.450392656990000084e+00
