-4.562592687099999722e+01
-4.010004800170000294e+01
-2.140198750489999924e+01
-1.069975876420000027e+01
-3.715451406620000174e+00
-4.446622544370000263e-01
3.824762921750000100e-01
7.615193692270000314e-01
1.140177704729999908e+00
1.823398772020000003e+00
2.618787218540000072e+00
3.762833240670000023e+00
4.947129723279999780e+00
6.375162022499999637e+00
7.512266596729999968e+00
8.378846683909999982e+00
8.360425968759999549e+00
7.980712560029999736e+00
7.196766842739999781e+00
6.658036488969999667e+00
6.101233904279999898e+00
5.932008419909999830e+00
5.799731965490000363e+00
6.044446769770000394e+00
6.295144968049999790e+00
6.795014559980000257e+00
7.144621913669999991e+00
7.479768123390000412e+00
7.381602347070000292e+00
7.130213524010000192e+00
6.510062452039999670e+00
5.897518798570000165e+00
5.143742743939999862e+00
4.566594098530000423e+00
3.937178435459999903e+00
3.498869225229999991e+00
3.014360452500000065e+00
2.724709011139999859e+00
2.359870663100000154e+00
2.132738968990000039e+00
1.797256203739999947e+00
1.449333334529999906e+00
8.782819699949999670e-01
1.348355590800000003e-01
-8.813543153589999957e-01
-2.068599078870000163e+00
-3.388349434999999854e+00
-4.682566985170000251e+00
-5.915666103729999570e+00
-6.985973189610000134e+00
-7.870093693120000289e+00
-8.531625683439999719e+00
-9.000588599889999486e+00
-9.270589050330000802e+00
-9.514359404580000401e+00
-9.942881890060000671e+00
-1.073920125279999915e+01
-1.206916766360000004e+01
-1.364884967669999938e+01
-1.519675748300000073e+01
-1.648577053829999883e+01
-1.736980783430000130e+01
-1.775032387379999932e+01
-1.767649638139999979e+01
-1.733786937229999836e+01
-1.649128567969999892e+01
-1.538925895570000080e+01
-1.425768058529999927e+01
-1.344415599000000050e+01
-1.320086018489999979e+01
-1.358457586479999968e+01
-1.409191979500000080e+01
-1.465018247689999953e+01
-1.486690725689999937e+01
-1.502048226049999968e+01
-1.464259632579999959e+01
-1.412949580229999924e+01
-1.318576447699999932e+01
-1.212318957449999957e+01
-1.084597105449999965e+01
-9.815466639520000314e+00
-9.228146705260000360e+00
-9.449924111959999706e+00
-1.005012123290000048e+01
-1.076934775039999970e+01
-1.131960756379999999e+01
-1.164238904629999993e+01
-1.161748196469999961e+01
-1.137053181869999996e+01
-1.078393958909999917e+01
-9.930377034319999296e+00
-8.901367089440000768e+00
-7.784245224860000256e+00
-7.069385323849999736e+00
-6.796861360610000347e+00
-7.280117890139999659e+00
-7.850929396649999781e+00
-8.588871513269999980e+00
-8.905277841849999376e+00
-9.173273276979999835e+00
-8.809145142409999352e+00
-8.495885316429999889e+00
-7.589147820160000002e+00
-6.750963688539999730e+00
-5.544544913090000193e+00
-4.813164742919999739e+00
-4.221307698320000412e+00
-4.522669662790000267e+00
-4.844424794130000045e+00
-5.560537980080000331e+00
-5.831027946349999880e+00
-6.125276367879999739e+00
-5.988696165960000428e+00
-5.877204411690000185e+00
-5.458809001369999692e+00
-5.225139785989999730e+00
-4.930496671610000270e+00
-5.128975766409999970e+00
-5.497022299110000176e+00
-6.424037956470000310e+00
-7.347872571029999911e+00
-8.623482251680000488e+00
-9.654625316069999741e+00
-1.107731272510000053e+01
-1.223277669219999986e+01
-1.374686340410000085e+01
-1.513450587550000037e+01
-1.702926967679999848e+01
-1.899479890079999933e+01
-2.152722626839999975e+01
-2.423821555840000030e+01
-2.743403877089999909e+01
-2.984347906480000034e+01
-3.134252411900000013e+01
-3.086507663249999922e+01
-2.827647192399999909e+01
-2.455622868129999858e+01
-2.111806721210000148e+01
-1.820449781760000008e+01
-1.632465755810000019e+01
-1.525723184599999982e+01
-1.464080730859999946e+01
-1.429465641690000055e+01
-1.444691004280000080e+01
-1.513751906439999928e+01
-1.615460732249999865e+01
-1.637025910190000033e+01
-1.630787793729999891e+01
-1.586076224540000013e+01
-1.591577495349999971e+01
-1.605116657299999972e+01
-1.757465281010000169e+01
-2.016099755380000147e+01
-2.211622630269999945e+01
-2.231504775330000001e+01
-1.920082541280000044e+01
-1.512504328089999994e+01
-1.208599278540000022e+01
-9.481932339600000148e+00
-7.446754378959999698e+00
-5.628592473310000344e+00
-4.265630489410000337e+00
-3.262911273399999867e+00
-2.535434905059999799e+00
-2.170689628819999939e+00
-2.011754788300000207e+00
-2.228181381499999780e+00
-2.623431139900000097e+00
-3.160998179349999937e+00
-3.690971197960000172e+00
-4.088226209740000172e+00
-4.254396205749999993e+00
-4.451432746100000060e+00
-4.834718720749999754e+00
-5.566142639209999743e+00
-6.482256078449999848e+00
-7.324384134209999786e+00
-7.706331189020000139e+00
-7.448683541890000370e+00
-6.584483354579999670e+00
-5.357388553029999834e+00
-4.382221505629999569e+00
-3.615781025490000022e+00
-3.151902812009999888e+00
-2.718539158600000061e+00
-2.369170408290000029e+00
-1.967429553549999932e+00
-1.670217167239999911e+00
-1.687373719130000005e+00
-1.923199157480000032e+00
-2.677393377470000058e+00
-3.623332141240000137e+00
-4.987588479090000249e+00
-6.345228741809999740e+00
-7.932215013689999594e+00
-9.439559328090000534e+00
-1.116156018779999926e+01
-1.301709295150000045e+01
-1.552414391719999998e+01
-1.850462730450000137e+01
-2.279283114889999950e+01
-2.881973083990000006e+01
-4.178588607950000267e+01
-4.385513042689999708e+01
-4.222360323200000209e+01
-3.647748843690000342e+01
-2.411005088219999948e+01
-1.718489453429999969e+01
-1.245258992169999956e+01
-8.914510047400000303e+00
-6.326373089519999660e+00
-4.064991637650000378e+00
-2.531608460809999794e+00
-1.066455262350000099e+00
-2.854277195370000242e-01
4.584227658619999812e-01
5.575698122359999953e-01
6.880016757539999528e-01
2.372932188970000023e-01
5.180527058670000157e-02
-5.015214264059999483e-01
-5.596650296990000051e-01
-7.716378420030000074e-01
-4.278757391510000230e-01
-3.058322117980000199e-01
3.042596853840000004e-01
5.656123991699999465e-01
1.193314512589999987e+00
1.454259911619999901e+00
1.937828125190000028e+00
2.154345827759999832e+00
2.453176038310000084e+00
2.685652004230000056e+00
2.929875005300000002e+00
3.136372513219999991e+00
3.529045167210000056e+00
3.789597474899999874e+00
4.317148161929999617e+00
4.580255014609999620e+00
5.094488981369999614e+00
5.258006241440000395e+00
5.587934375049999680e+00
5.644240821120000362e+00
5.779329818529999940e+00
5.834819403650000069e+00
5.985226462930000046e+00
6.135245866230000011e+00
6.381592788529999893e+00
6.582311323069999887e+00
6.961742417680000017e+00
7.142293295240000006e+00
7.523863550869999806e+00
7.656163643260000207e+00
7.973774534690000415e+00
8.097038869449999510e+00
8.287125750839999583e+00
8.443044546150000329e+00
8.514929669520000743e+00
8.686096501610000686e+00
8.714764486340000005e+00
8.811417920289999373e+00
8.855879408519999885e+00
9.022136458300000328e+00
9.292639270829999631e+00
9.634620656290000085e+00
1.008894995180000009e+01
1.045522076259999977e+01
1.089345276140000074e+01
1.121821539299999948e+01
1.176456411999999929e+01
1.234541110490000015e+01
1.302723236479999969e+01
1.372166087509999954e+01
1.445821064959999980e+01
1.520344371979999920e+01
1.597981826400000038e+01
1.656788990860000155e+01
1.714306824519999850e+01
1.749309299660000150e+01
1.783818300040000082e+01
1.812575846880000086e+01
1.833010397540000014e+01
1.860584369949999939e+01
1.868586044959999981e+01
1.896112593719999850e+01
1.901822048269999854e+01
1.925274767490000016e+01
1.932294207569999855e+01
1.949223036769999950e+01
1.958014424930000175e+01
1.971295905639999901e+01
1.979298705700000127e+01
1.988960219189999989e+01
1.991716152309999899e+01
1.998921832670000143e+01
1.999381453310000012e+01
2.009229665599999848e+01
2.008652240809999867e+01
2.019630825679999830e+01
2.021934508040000011e+01
2.025296453940000063e+01
2.029439634370000078e+01
2.030862160699999919e+01
2.031382813209999938e+01
2.034005651160000028e+01
2.025345004169999896e+01
2.033534249970000118e+01
2.021208717809999911e+01
2.032255687849999859e+01
2.020311326919999928e+01
2.030090412450000059e+01
2.022105231840000172e+01
2.030430933319999909e+01
2.027748472169999872e+01
2.034486639329999846e+01
2.032351216260000015e+01
2.035671595899999886e+01
2.031937114830000013e+01
2.033668111640000120e+01
2.027921780899999860e+01
2.029609071329999992e+01
2.021094519269999878e+01
2.023674141640000101e+01
2.016175032030000125e+01
2.020029483969999973e+01
2.017337379030000122e+01
2.015254229019999954e+01
2.015721006689999939e+01
2.010839578370000069e+01
2.007341952710000044e+01
2.005999539669999976e+01
1.995985519970000155e+01
2.000948861319999850e+01
1.989857478589999928e+01
1.994493523790000111e+01
1.984888319990000127e+01
1.989946872810000045e+01
1.983501554780000120e+01
1.986664649729999965e+01
1.980049326509999830e+01
1.984294176319999892e+01
1.981154959510000069e+01
1.983450179609999964e+01
1.979865186139999977e+01
1.981609641120000020e+01
1.976781630620000030e+01
1.978312458050000089e+01
1.972765650139999849e+01
1.976730804560000010e+01
1.973956545349999914e+01
1.974087957320000086e+01
1.973033676740000075e+01
1.971912471439999948e+01
1.972383738999999991e+01
1.969244155490000026e+01
1.967966205109999933e+01
1.967593295449999857e+01
1.963471596979999845e+01
1.963558640029999935e+01
1.961268424269999855e+01
1.960871003449999961e+01
1.959512954930000106e+01
1.959876328609999874e+01
1.959768158809999861e+01
1.959728652880000155e+01
1.959668686179999852e+01
1.959453054669999972e+01
1.956935576980000135e+01
1.958564312760000092e+01
1.955905456889999883e+01
1.956178463199999840e+01
1.954659916849999846e+01
1.954860490740000145e+01
1.952391152079999870e+01
1.952303884350000018e+01
1.951456566359999911e+01
1.950438431859999966e+01
1.950343903490000130e+01
1.948785878409999839e+01
1.948095744740000157e+01
1.944965879740000148e+01
1.943963824160000087e+01
1.942216098620000153e+01
1.939577150959999940e+01
1.936508848520000114e+01
1.935763950679999823e+01
1.933422865689999881e+01
1.931692396500000086e+01
1.929215844260000168e+01
1.926894650279999865e+01
1.922498785009999978e+01
1.920893145990000050e+01
1.918357778820000092e+01
1.915313087110000012e+01
1.913503371910000084e+01
1.908826015040000001e+01
1.906966171710000069e+01
1.904761771920000157e+01
1.901241454099999828e+01
1.900129264819999975e+01
1.897097528850000003e+01
1.895794716860000051e+01
1.893581163129999823e+01
1.892758283330000069e+01
1.889709330009999988e+01
1.887851803990000121e+01
1.885793377930000148e+01
1.881586768409999877e+01
1.879136049879999959e+01
1.876167413510000159e+01
1.873684239720000022e+01
1.872777303339999833e+01
1.869825989630000151e+01
1.870350131220000023e+01
1.867555051449999937e+01
1.867495575330000079e+01
1.866849588239999846e+01
1.865725129349999989e+01
1.865158039459999983e+01
1.863188958929999828e+01
1.860187344910000107e+01
1.859486636709999985e+01
1.855699732809999958e+01
1.855348608770000141e+01
1.853033226040000159e+01
1.852078534660000031e+01
1.852309126440000142e+01
1.850987818790000006e+01
1.851412787929999837e+01
1.851726567389999900e+01
1.851383844520000110e+01
1.854145581399999898e+01
1.853062741780000167e+01
1.852092129740000104e+01
1.852277247980000041e+01
1.849373697500000091e+01
1.849258773489999896e+01
1.847399888389999845e+01
1.848583975549999892e+01
1.850064166099999952e+01
1.850547164019999968e+01
1.850311371989999998e+01
1.850618863429999905e+01
1.850676769640000074e+01
1.851567115590000157e+01
1.850409564559999964e+01
1.848856049760000175e+01
1.849096514240000033e+01
1.846701609979999859e+01
1.843539566609999980e+01
1.846334302980000075e+01
1.839160266769999907e+01
1.845597329379999962e+01
1.839692467409999921e+01
1.841458241839999843e+01
1.843620466289999982e+01
1.841694314929999976e+01
1.845947612839999863e+01
1.841390064149999972e+01
1.839798276779999853e+01
1.841325654750000140e+01
1.835853101660000064e+01
1.838409740330000020e+01
1.835075520850000075e+01
1.833884437920000110e+01
1.834203439799999913e+01
1.833985960520000091e+01
1.834139503749999989e+01
1.832199396460000074e+01
1.831330973429999887e+01
1.828593800490000021e+01
1.830091267899999963e+01
1.825555031500000069e+01
1.823802839460000058e+01
1.822395040350000173e+01
1.813572463619999908e+01
1.822581777239999923e+01
1.813131888539999892e+01
1.819951115239999950e+01
1.816751559600000121e+01
1.816040027569999893e+01
1.821139721409999979e+01
1.815957497599999826e+01
1.818750695989999855e+01
1.815949516839999944e+01
1.811971030979999853e+01
1.812131550349999998e+01
1.807457405190000088e+01
1.806800246639999941e+01
1.804387003309999926e+01
1.801681393610000015e+01
1.800063613649999894e+01
1.798951133919999990e+01
1.799800959250000076e+01
1.796101195900000036e+01
1.799357619930000141e+01
1.791756387330000067e+01
1.796757150230000022e+01
1.791360736549999899e+01
1.791343279899999885e+01
1.792898601939999992e+01
1.785729496409999939e+01
1.793834409629999982e+01
1.785701518680000177e+01
1.792603392999999912e+01
1.789589734710000002e+01
1.789665078109999996e+01
1.790731970259999883e+01
1.788576201009999878e+01
1.787397844559999882e+01
1.785190014890000043e+01
1.782420303789999849e+01
1.780264955210000011e+01
1.776868148619999843e+01
1.775083167200000034e+01
1.772841349160000135e+01
1.770507835649999961e+01
1.767957900940000115e+01
1.766183255629999849e+01
1.768610511689999854e+01
1.759197520560000072e+01
1.772066540369999998e+01
1.757608237930000072e+01
1.768922975290000110e+01
1.759599225819999901e+01
1.759610343470000160e+01
1.764796139450000112e+01
1.751734775810000144e+01
1.761507878340000133e+01
1.751941384679999913e+01
1.751271629929999918e+01
1.752777978419999982e+01
1.746766461949999893e+01
1.748910014679999847e+01
1.745800359929999956e+01
1.739747356939999889e+01
1.739687331200000031e+01
1.732642806080000142e+01
1.729471696279999904e+01
1.726906492619999867e+01
1.721884863909999908e+01
1.716518787780000110e+01
1.717657221199999995e+01
1.709329959709999969e+01
1.707275720080000170e+01
1.711602436860000154e+01
1.692405655379999985e+01
1.715069382820000143e+01
1.689506606080000140e+01
1.710667161470000153e+01
1.697241000009999823e+01
1.701837790189999922e+01
1.702644134239999829e+01
1.696130889939999875e+01
1.695129514939999993e+01
1.693238292770000086e+01
1.685997760500000098e+01
1.687932877929999975e+01
1.680433467359999966e+01
1.677654293470000013e+01
1.676396743280000123e+01
1.670259410470000105e+01
1.665429960770000051e+01
1.665662026160000053e+01
1.655626385509999920e+01
1.658516477370000075e+01
1.652481790219999880e+01
1.647978064610000004e+01
1.651895169470000013e+01
1.641481191680000151e+01
1.642194297580000040e+01
1.643271825220000082e+01
1.629419408640000100e+01
1.641617356980000153e+01
1.623679092989999972e+01
1.634114044209999861e+01
1.625523313389999913e+01
1.628265762659999893e+01
1.623562091690000031e+01
1.623824381809999906e+01
1.615431507290000113e+01
1.617153052649999978e+01
1.608692393029999934e+01
1.609557643169999963e+01
1.607448228430000015e+01
1.601682410220000108e+01
1.600124250580000052e+01
1.597386336990000011e+01
1.586008625020000018e+01
1.594270156490000012e+01
1.577585860589999989e+01
1.586926136279999966e+01
1.578814399540000046e+01
1.578432498409999951e+01
1.581218944829999984e+01
1.577575786749999942e+01
1.575557804560000008e+01
1.577810848969999924e+01
1.565624647539999970e+01
1.572769847850000069e+01
1.561791690729999971e+01
1.564376999699999971e+01
1.558610877719999976e+01
1.558163225670000074e+01
1.549085470990000069e+01
1.550738735080000019e+01
1.543687145240000014e+01
1.538153001400000086e+01
1.540187312599999991e+01
1.530459175810000083e+01
1.539209522059999991e+01
1.529321760780000083e+01
1.530197253050000050e+01
1.531396129580000043e+01
1.518704919670000031e+01
1.524141906010000014e+01
1.511734242480000034e+01
1.511431004369999975e+01
1.511328860389999917e+01
1.504831524449999947e+01
1.509707008500000036e+01
1.504636937939999974e+01
1.503295891890000036e+01
1.499512110550000088e+01
1.496328106430000027e+01
1.488758662639999919e+01
1.486217384579999923e+01
1.478808204929999981e+01
1.472475403570000019e+01
1.467606426370000072e+01
1.459025274090000046e+01
1.447118696889999967e+01
1.450544870150000065e+01
1.423203175549999955e+01
1.445323623089999998e+01
1.410874983689999951e+01
1.436243205569999937e+01
1.412917777510000050e+01
1.419500789059999946e+01
1.412888774359999999e+01
1.403756807709999954e+01
1.399857667070000034e+01
1.386252706089999975e+01
1.376405969970000065e+01
1.367465701889999963e+01
1.354575168589999912e+01
1.349966959140000000e+01
1.333939732109999987e+01
1.329382439689999984e+01
1.304907676820000084e+01
1.303807207939999913e+01
1.272401824890000022e+01
1.268835941490000074e+01
1.244103581040000073e+01
1.227920807900000000e+01
1.213910002989999981e+01
1.184172403100000004e+01
1.162524169880000002e+01
1.136046437929999975e+01
1.087703821530000070e+01
1.079980816810000022e+01
1.009060997229999934e+01
1.006146326650000056e+01
9.350341860329999477e+00
9.279629297419999645e+00
8.708930078190000756e+00
8.524464906760000460e+00
8.094247725889999856e+00
7.734386384929999636e+00
7.052587541000000293e+00
5.891699680810000395e+00
4.113496500900000186e+00
1.732248666969999906e+00
-9.123196612909999503e-01
-3.462226941429999982e+00
-5.888858024050000139e+00
-7.727946181580000129e+00
-9.317278245509999834e+00
-1.025560965929999924e+01
-1.087928253379999965e+01
-1.115374630420000024e+01
-1.117938396429999948e+01
-1.128469046630000072e+01
-1.108556685109999940e+01
-1.107872200669999962e+01
-1.116684701049999973e+01
-1.081233602240000025e+01
-1.118022621439999931e+01
-1.089044173109999925e+01
-1.109878804390000084e+01
-1.078449821839999956e+01
-1.096571367800000019e+01
-1.080029854940000078e+01
-1.073543944080000045e+01
-1.070164912110000088e+01
-1.060255794440000088e+01
-1.066348206740000037e+01
-1.054280295869999939e+01
-1.067779399710000021e+01
-1.059179236479999986e+01
-1.071410567999999941e+01
-1.066101543229999926e+01
-1.059380558330000000e+01
-1.065393301669999992e+01
-1.073231931219999957e+01
-1.053302415239999945e+01
-1.066690243400000071e+01
-1.044647613309999912e+01
-1.053876408510000040e+01
-1.041447646009999950e+01
-1.050635308710000082e+01
-1.060557065549999933e+01
-1.057956565619999978e+01
-1.066034975140000007e+01
-1.043253192369999915e+01
-1.064781511910000056e+01
-1.061477171830000010e+01
-1.062797557260000048e+01
-1.045475531680000003e+01
-1.043204980129999981e+01
-1.025771093850000071e+01
-1.011925583040000021e+01
-1.003657980740000077e+01
-1.004600549379999919e+01
-9.789125652270000089e+00
-9.570925712150000209e+00
-9.412286736209999560e+00
-9.159063322479999769e+00
-9.093481664149999588e+00
-8.625922394130000725e+00
-8.603931050670000857e+00
-8.009129948860000070e+00
-7.947288692409999911e+00
-7.348301018289999931e+00
-7.199570725970000140e+00
-6.554517154700000070e+00
-6.264019897889999910e+00
-5.701244937110000244e+00
-5.275094592750000366e+00
-4.861173596589999590e+00
-4.349257320869999610e+00
-3.967517477089999911e+00
-3.604228876230000100e+00
-3.476585606420000030e+00
-3.557697803729999997e+00
-3.614173416439999897e+00
-4.155900032459999949e+00
-4.587601987970000295e+00
-5.299457546720000245e+00
-5.943558814970000270e+00
-6.480944676750000077e+00
-7.285272903480000117e+00
-7.925001945059999997e+00
-8.570208701889999503e+00
-9.250742765040000037e+00
-9.865505088520000854e+00
-1.059073253749999921e+01
-1.107600007399999953e+01
-1.161127888679999920e+01
-1.224355874249999943e+01
-1.280415314360000067e+01
-1.318312744390000013e+01
-1.358691571930000030e+01
-1.394616793219999984e+01
-1.428522927979999935e+01
-1.455475359719999950e+01
-1.468420376389999937e+01
-1.527876268209999999e+01
-1.515290256780000000e+01
-1.536431515820000016e+01
-1.562955808789999956e+01
-1.591941675660000044e+01
-1.613234092560000121e+01
-1.609152615509999862e+01
-1.653642234189999982e+01
-1.652178689369999987e+01
-1.683341722509999983e+01
-1.700117011169999870e+01
-1.725800227079999871e+01
-1.759401360749999910e+01
-1.736325202889999986e+01
-1.742637321569999997e+01
-1.769121951079999988e+01
-1.754974195169999973e+01
-1.788968039790000120e+01
-1.788194233489999974e+01
-1.799212148439999837e+01
-1.791265716150000031e+01
-1.772590918499999901e+01
-1.798126618150000056e+01
-1.819262535949999915e+01
-1.817762904250000133e+01
-1.819210348680000067e+01
-1.841009497780000004e+01
-1.814148660380000067e+01
-1.826023015299999841e+01
-1.801206966459999848e+01
-1.848830742570000041e+01
-1.838485644369999861e+01
-1.835565965429999835e+01
-1.868458869270000022e+01
-1.865267507589999951e+01
-1.913885310290000064e+01
-1.928248534300000117e+01
-1.934624592280000144e+01
-1.973642488819999841e+01
-1.979719239199999947e+01
-2.040247626909999923e+01
-2.041319139530000015e+01
-2.044438419189999934e+01
-2.124873492049999868e+01
-2.099615379979999830e+01
-2.140744685090000132e+01
-2.122434499150000065e+01
-2.256832361860000091e+01
-2.295914457279999965e+01
-2.321523756519999893e+01
-2.355400416659999863e+01
-2.377495100910000048e+01
-2.403730166700000126e+01
-2.503581708369999959e+01
-2.537113113679999898e+01
-2.713919563649999844e+01
-2.675484613800000133e+01
-2.786977803150000099e+01
-2.705790145110000111e+01
-2.915064994509999963e+01
-2.883562887000000075e+01
-3.048059780979999900e+01
-3.168855206470000141e+01
-3.095898311290000038e+01
-3.193757670029999929e+01
-3.307280005660000199e+01
-3.513640319219999952e+01
-3.460865342849999848e+01
-3.536298776139999944e+01
-3.697420764089999778e+01
-3.414439813810000146e+01
-3.781096969850000278e+01
-3.880979194780000086e+01
-4.003303553639999990e+01
-3.748795754900000077e+01
-4.179975879650000081e+01
-4.420300717749999819e+01
-3.983995343600000183e+01
-4.034863536849999832e+01
-4.387778108439999869e+01
-4.577985145390000099e+01
-5.078276389420000214e+01
-4.698510309659999962e+01
-4.321591077290000271e+01
-5.261765923339999773e+01
-5.942302272980000311e+01
-6.105833672090000164e+01
-5.241429643600000077e+01
-4.584818606870000224e+01
-5.427872584299999659e+01
-4.950997855079999965e+01
-5.158536135909999842e+01
-4.725549846629999706e+01
-5.282461250149999898e+01
-5.707584095629999865e+01
-4.531239512089999977e+01
-5.177580425250000218e+01
-4.476167668890000328e+01
-4.387049487529999681e+01
-4.475834215329999921e+01
-5.410816131859999700e+01
-4.732164729269999981e+01
-4.969412517060000312e+01
-4.879441011870000011e+01
-5.162355027520000306e+01
-5.263245063269999946e+01
-4.049690154929999863e+01
-5.745228538039999933e+01
-5.568107963469999788e+01
-4.619718726149999810e+01
-4.588648843770000241e+01
-4.448463157439999804e+01
-5.020754386109999956e+01
-4.899333932380000078e+01
-5.281031710069999718e+01
-4.763482329120000003e+01
-4.396881526389999806e+01
-4.977756274539999737e+01
-4.494876053050000309e+01
-4.495513659249999705e+01
-5.579899250519999754e+01
-4.887008088040000331e+01
-4.332071853989999966e+01
-4.594827425169999913e+01
-4.437494362399999659e+01
-4.475046062370000044e+01
-3.946946130290000099e+01
-4.599538100609999702e+01
-4.680153250210000238e+01
-5.291654784419999658e+01
-4.095245039619999972e+01
-4.703784356620000295e+01
-3.979669317679999807e+01
-4.920275325400000099e+01
-3.769314756920000065e+01
-3.985645403840000256e+01
-3.593594450180000166e+01
-3.878032246130000260e+01
-3.725891386650000214e+01
-3.926767702179999731e+01
-4.432934741740000106e+01
-4.015765098250000165e+01
-4.039552589539999872e+01
-3.699295826569999690e+01
-3.991458555930000074e+01
-3.700541008790000319e+01
-3.392492896779999967e+01
-3.438637852960000174e+01
-3.488672149979999659e+01
-3.398786053469999757e+01
-3.342096485009999896e+01
-3.146255662989999990e+01
-3.105143703899999963e+01
-3.201312405910000081e+01
-3.017036138989999827e+01
-2.897376267799999994e+01
-3.031101338959999936e+01
-2.919552973709999932e+01
-2.831204702180000154e+01
-2.733875486399999843e+01
-2.769597088500000126e+01
-2.657916363429999862e+01
-2.564251721810000006e+01
-2.609385524440000026e+01
-2.584382552339999961e+01
-2.526784859030000163e+01
-2.361743172810000146e+01
-2.432202566710000013e+01
-2.368870540740000052e+01
-2.436298147830000005e+01
-2.399673986910000067e+01
-2.418130376799999937e+01
-2.328956452750000139e+01
-2.386456793929999876e+01
-2.391113131610000053e+01
-2.560272462909999902e+01
-2.746904303239999834e+01
-2.640994695839999906e+01
-3.092962636380000063e+01
-3.444623915310000228e+01
-4.969042452179999714e+01
-3.401705163639999796e+01
-2.926113827429999859e+01
-2.619987856659999892e+01
-2.521731225290000111e+01
-2.642714067680000056e+01
-2.755401892980000156e+01
-3.120315197180000055e+01
-3.526668703560000040e+01
-5.418315051110000269e+01
-3.202148348440000092e+01
-2.606106064980000170e+01
-2.297837223419999830e+01
-2.260867619600000111e+01
-2.192041047220000038e+01
-2.223344417539999895e+01
-2.182624988519999931e+01
-2.194793860880000125e+01
-2.261281056300000003e+01
-2.171189524300000073e+01
-2.180859325400000159e+01
-2.215252036529999913e+01
-2.150560638070000152e+01
-2.175027663159999847e+01
-2.241505725580000075e+01
-2.169005900069999981e+01
-2.124693302369999870e+01
-2.165178147729999836e+01
-2.048052885670000123e+01
-2.032916469730000131e+01
-1.946344523899999857e+01
-1.967141925339999986e+01
-1.961747660429999840e+01
-2.062327675510000091e+01
-2.194861405079999983e+01
-2.320485946850000047e+01
-2.313064569009999971e+01
-2.429271395580000004e+01
-2.565913017360000126e+01
-2.705975813459999912e+01
-2.836258946410000092e+01
-2.742547645610000018e+01
-2.905978853039999876e+01
-2.957464440169999875e+01
-3.118712412749999885e+01
-3.351371850560000354e+01
-3.338883576130000108e+01
-3.394118181359999653e+01
-3.293909451950000289e+01
-3.269491114939999932e+01
-3.533356884770000050e+01
-3.438438074679999801e+01
-3.590455986020000267e+01
-3.777558493170000276e+01
-3.379807278860000253e+01
-4.042535923679999854e+01
-3.484512725239999753e+01
-4.195379581750000142e+01
-3.364101990409999843e+01
-3.609085592419999955e+01
-3.603658657849999969e+01
-3.713545710169999836e+01
-3.886561500709999706e+01
-3.736570002149999681e+01
-3.930115960330000036e+01
-3.492669286910000181e+01
-3.969443815710000223e+01
-3.590495806570000070e+01
-3.530804554739999901e+01
-3.696852645730000120e+01
-3.676826604400000065e+01
-3.300578253770000003e+01
-3.285886289049999931e+01
-3.011126915699999884e+01
-2.930403044659999878e+01
-3.159190596270000029e+01
-3.013731660679999891e+01
-2.985044094570000084e+01
-3.058036233380000013e+01
-2.938339832859999845e+01
-2.840755406690000129e+01
-2.829267024050000146e+01
-2.706279216069999904e+01
-2.665159586580000095e+01
-2.754058316069999890e+01
-3.084224015170000044e+01
-2.960440427380000017e+01
-3.089930840930000144e+01
-3.349343991239999951e+01
-3.377090787099999858e+01
-3.715165317630000175e+01
-3.235093884620000182e+01
-3.884317977530000121e+01
-3.157302822580000168e+01
-3.380048280519999793e+01
-3.300677462000000162e+01
-3.276297248800000261e+01
-3.247062769429999918e+01
-3.381534639040000201e+01
-3.514116265130000016e+01
-3.376371889410000193e+01
-4.198160513069999666e+01
-3.616234341540000230e+01
-3.403066188399999703e+01
-3.174533369830000140e+01
-3.675960899870000276e+01
-3.610934545370000137e+01
-3.219507963649999738e+01
-3.057869265369999923e+01
-3.161845380480000145e+01
-2.878522376909999991e+01
-3.137715708160000005e+01
-2.799248990510000112e+01
-2.706082559700000090e+01
-2.808213840419999840e+01
-2.897785889289999872e+01
-3.182054199250000082e+01
-3.054794318700000133e+01
-3.508959927360000108e+01
-3.543252180740000057e+01
-3.799305904629999731e+01
-3.709478821990000341e+01
-3.939177837929999981e+01
-4.943904505529999938e+01
-4.497415817630000134e+01
-4.743073384160000217e+01
-4.290009501069999942e+01
-3.949151969980000132e+01
-4.604121745550000355e+01
-4.527902206209999747e+01
-4.392230863609999858e+01
-5.111906134710000060e+01
-4.230728316740000139e+01
-4.542200400629999990e+01
-3.788092991010000077e+01
-5.815227528009999958e+01
-4.977469418319999761e+01
-4.215785801580000225e+01
-4.851030543560000297e+01
-3.956611463040000132e+01
-3.901944565430000011e+01
-4.448245381529999776e+01
-4.597309018520000023e+01
-4.420479038199999877e+01
-4.172287038340000009e+01
-3.970705965650000024e+01
-4.483771423419999991e+01
-4.283158237149999792e+01
-4.045319964330000317e+01
-4.081398377619999707e+01
-4.104369891820000049e+01
-4.717452145330000235e+01
-4.565894982089999843e+01
-5.029457794300000018e+01
-4.681780897630000027e+01
-4.000465629770000220e+01
-4.062453072520000319e+01
-4.187955320300000039e+01
-5.036087466429999893e+01
-4.813440685070000313e+01
-4.264075138620000160e+01
-4.680264059080000294e+01
-5.083744405219999862e+01
-4.176650890060000165e+01
-4.590277125490000287e+01
-4.300365007210000101e+01
-4.621621816740000099e+01
-4.962958439270000355e+01
-4.004301254840000013e+01
-4.366302804930000292e+01
-3.946098470500000133e+01
-5.286853916270000298e+01
-4.602381249780000161e+01
-3.941141652299999976e+01
-3.979298528719999695e+01
-3.771000226700000013e+01
-3.815869519719999658e+01
-3.384635611979999936e+01
-3.991377896689999716e+01
-3.979096944199999797e+01
-4.023513935039999723e+01
-3.825250848679999649e+01
-3.844488422799999938e+01
-3.874147595200000183e+01
-3.790741136790000354e+01
-3.354640449000000046e+01
-3.423055416350000257e+01
-3.358215631240000221e+01
-3.265017813090000232e+01
-3.440503732530000036e+01
-3.193007947050000084e+01
-3.341872887920000323e+01
-3.146813220550000167e+01
-3.143244701129999896e+01
-2.979665173769999953e+01
-3.238379191060000295e+01
-2.984327892800000015e+01
-2.702126066989999842e+01
-2.700476545640000126e+01
-2.757864460260000072e+01
-2.756193573399999863e+01
-2.668539531540000098e+01
-2.454504824469999846e+01
-2.551056093929999946e+01
-2.392600334560000164e+01
-2.205419371749999868e+01
-2.232513837260000145e+01
-2.341242528740000139e+01
-2.298043887689999920e+01
-2.328663042040000164e+01
-2.415456433470000164e+01
-2.457690895949999899e+01
-2.427727916590000135e+01
-2.563257235449999882e+01
-2.750117505009999874e+01
-2.903467962830000104e+01
-2.923849058840000126e+01
-2.855272816629999966e+01
-3.120382158469999823e+01
-3.054251844830000095e+01
-3.463907060359999690e+01
-3.250441911680000118e+01
-3.340028038629999685e+01
-3.496588404999999966e+01
-3.377496868450000278e+01
-3.325420939880000049e+01
-3.403559371829999947e+01
-3.282397681610000006e+01
-3.699141638700000101e+01
-3.718766364849999917e+01
-3.990776133899999678e+01
-5.459764786880000287e+01
-4.453904394580000314e+01
-3.391761562779999650e+01
-4.633101838380000004e+01
-4.128099217380000141e+01
-3.587878220049999811e+01
-3.900689007329999924e+01
-4.859877081930000031e+01
-3.516520231009999975e+01
-3.407328659920000291e+01
-3.681323850929999963e+01
-4.150150314380000083e+01
-4.690756767060000243e+01
-3.667054149009999975e+01
-3.853961732919999861e+01
-3.771101066090000131e+01
-3.622746880220000065e+01
-3.713792440489999791e+01
-4.991908876779999815e+01
-3.810459039999999931e+01
-3.925508353699999731e+01
-3.664829158330000070e+01
-3.928082588739999892e+01
-3.711627721490000198e+01
-3.918201222679999773e+01
-4.013528205920000147e+01
-4.814934498520000261e+01
-3.687830164879999728e+01
-4.006453508549999754e+01
-4.544403541350000353e+01
-3.981268001650000343e+01
-5.368152748149999809e+01
-4.418152366340000015e+01
-4.396503046309999974e+01
-4.944162539250000066e+01
-6.050900458619999966e+01
-4.981100722760000110e+01
-5.110663503909999861e+01
-3.913589542089999895e+01
-4.516352228379999900e+01
-4.211974503839999784e+01
-4.842212347830000141e+01
-4.730780598519999813e+01
-4.595746929860000307e+01
-4.338005507199999755e+01
-5.209877957390000347e+01
-4.061593802409999654e+01
-4.900897259930000160e+01
-4.505335019719999679e+01
-5.150774008620000188e+01
-3.886229985450000157e+01
-4.409103185149999860e+01
-4.364259640000000218e+01
-4.086307662059999757e+01
-4.383804995989999753e+01
-4.550617236610000305e+01
-4.196258259110000211e+01
-5.370205073019999986e+01
-4.649160214919999845e+01
-3.754551288999999770e+01
-5.372228701520000271e+01
-5.638497914660000276e+01
-4.761728088640000323e+01
-4.882959040109999904e+01
-4.628507534250000077e+01
-4.828386683149999925e+01
-4.796965729139999723e+01
-4.475034874480000013e+01
-3.859350707400000147e+01
-5.003975154060000108e+01
-4.062711015080000010e+01
-4.400728858640000141e+01
-5.540433191409999836e+01
-4.529969344359999894e+01
-3.971392363729999886e+01
-4.845635980600000181e+01
-4.390911140160000059e+01
-4.167312650950000119e+01
-4.093960226099999744e+01
-4.717020627160000146e+01
-4.397360851820000249e+01
-4.701215152460000013e+01
-4.912620989949999739e+01
-3.787198168230000306e+01
-4.503515628110000080e+01
-4.144810079129999991e+01
-5.153692091170000111e+01
-4.762622188550000146e+01
-4.855832661190000010e+01
-4.690691275329999854e+01
-3.994045913410000281e+01
-4.472488621690000343e+01
-4.529744422800000336e+01
-4.488351978120000041e+01
-5.168134041039999715e+01
-5.132936855460000203e+01
-4.989718776330000338e+01
-4.931377606520000256e+01
-4.740823782399999686e+01
-4.399948486049999730e+01
-3.860230699160000256e+01
-4.682609003230000155e+01
-4.665818519150000299e+01
-4.715729246509999939e+01
-4.840890685749999989e+01
-5.034008012470000182e+01
-4.945251121630000313e+01
-4.904282201769999716e+01
-5.377517769140000325e+01
-6.035815712459999816e+01
-5.989425059850000110e+01
-4.356339690720000135e+01
-4.653287757649999890e+01
-4.208251421229999778e+01
-4.006691459230000163e+01
-4.019024313260000270e+01
-4.791918175120000001e+01
-5.155576589529999865e+01
-4.098599010440000256e+01
-4.435741361419999862e+01
-3.987206882329999758e+01
-4.080496646219999946e+01
-3.747601890229999810e+01
-3.999785633660000173e+01
-4.199349313999999822e+01
-4.643889430560000164e+01
-5.704712322099999966e+01
-4.664167417929999715e+01
-4.220410681060000258e+01
-4.968992024930000184e+01
-4.772476639479999960e+01
-5.477791638970000321e+01
-4.619425565470000095e+01
-4.144743277869999787e+01
-4.583303535150000130e+01
-4.413978786930000098e+01
-4.403914664919999922e+01
-4.620395282829999672e+01
-5.273607136750000279e+01
-4.278364651630000282e+01
-4.099836338050000251e+01
-5.190259519949999856e+01
-3.756646466130000306e+01
-5.274913048199999821e+01
-4.541747423449999843e+01
-4.157480162390000089e+01
-4.608252622359999862e+01
-5.114448274629999958e+01
-4.885767132510000010e+01
-4.508490414090000087e+01
-4.652925575350000287e+01
-5.710558632709999927e+01
-4.235073865140000038e+01
-4.625309304409999811e+01
-5.336786729640000004e+01
-3.694336533349999740e+01
-4.173995483729999734e+01
-3.802334391670000002e+01
-4.708805514830000050e+01
-4.156230644890000292e+01
-4.307287905100000103e+01
-4.942177557969999668e+01
-4.877217467679999885e+01
-5.188084367889999982e+01
-3.749761424369999929e+01
-4.368193822970000184e+01
-4.958128732090000312e+01
-3.795063078969999992e+01
-4.221277648289999718e+01
-4.410287778240000023e+01
-4.665897158399999967e+01
-4.958621070459999913e+01
-4.394766646509999930e+01
-4.467310160440000288e+01
-4.241512668749999904e+01
-5.558546933169999704e+01
-5.609706027859999722e+01
-4.039908305109999986e+01
-4.430852944610000321e+01
-4.298746159449999737e+01
-4.990284703350000228e+01
-3.720495407359999973e+01
-4.267544712370000326e+01
-4.317708433309999805e+01
-4.023916447399999896e+01
-4.485650320970000138e+01
-5.276556183080000295e+01
-3.983238310240000146e+01
-3.987318726510000033e+01
-4.274477683370000136e+01
-4.234793947179999662e+01
-4.389083463570000276e+01
-5.004060008910000334e+01
-3.920904007770000277e+01
-4.364008704580000142e+01
-3.947104364289999978e+01
-5.187014605070000073e+01
-4.027116110269999893e+01
-4.485022159670000264e+01
-4.376111161530000260e+01
-4.291704756850000280e+01
-4.712469256320000000e+01
-4.404124558510000043e+01
-4.692908681800000181e+01
-4.360977461179999892e+01
-3.898884422729999955e+01
-6.283452242549999767e+01
-4.569166224229999784e+01
-6.217553456459999950e+01
-4.439911571319999695e+01
-4.104089193640000133e+01
-5.767840410130000350e+01
-4.004538926130000220e+01
-4.403679871460000328e+01
-4.370397415459999735e+01
-4.531040552580000025e+01
-4.427411188450000168e+01
-4.537594457309999996e+01
-4.275400367590000172e+01
-4.727224910929999879e+01
-3.791819152040000063e+01
-4.089312542719999755e+01
-5.458775852509999993e+01
-4.003696239039999938e+01
-4.406395765460000291e+01
-3.613537534569999821e+01
-4.743065300730000189e+01
-4.240303292219999776e+01
-4.608892130169999746e+01
-4.439156775259999677e+01
-4.822230057840000228e+01
-4.300300194089999906e+01
-4.681279238709999646e+01
-5.039249248219999799e+01
-4.569445785140000282e+01
-4.309229109780000044e+01
-4.023941730530000171e+01
-4.474724193889999668e+01
-5.687317981080000351e+01
-4.927862103580000053e+01
-4.307349351319999897e+01
-3.415877712030000168e+01
-4.461658848670000310e+01
-4.605260591860000119e+01
-5.180008054249999816e+01
-4.714973635780000194e+01
-4.024336187010000288e+01
-4.518756444059999922e+01
-3.867106301310000305e+01
-5.604176563499999730e+01
-4.001467240790000091e+01
-4.760981387489999861e+01
-3.900330300289999741e+01
-4.077628500920000221e+01
-3.861237309749999724e+01
-3.577810476289999997e+01
-3.881752702149999834e+01
-3.549923490340000143e+01
-4.595850793630000197e+01
-3.382829239760000206e+01
-4.584465411419999725e+01
-4.308885384090000059e+01
-4.001966957869999675e+01
-3.901191243049999713e+01
-4.695946276850000345e+01
-3.922129567289999841e+01
-4.170186415810000113e+01
-4.385104940579999777e+01
-5.363742978209999990e+01
-3.898407017139999908e+01
-5.020905427980000013e+01
-4.712980472270000121e+01
-4.992961521649999668e+01
-4.712682551049999802e+01
-4.151567231749999820e+01
-4.192520048709999969e+01
-5.053385999959999708e+01
-4.355861125919999921e+01
-6.231059580729999681e+01
-4.922133875459999786e+01
-4.499287386919999676e+01
-5.088139210960000014e+01
-3.886297385609999822e+01
-4.155411045550000182e+01
-3.785281625999999733e+01
-4.211709211990000057e+01
-3.685039294589999770e+01
-3.627394463790000145e+01
-3.781282511589999729e+01
-4.480014501379999814e+01
-4.470458981040000168e+01
-4.670827722149999772e+01
-3.775650172289999773e+01
-4.870490613489999987e+01
-3.529776264080000203e+01
-4.038698132159999687e+01
-4.347552445640000229e+01
-3.716192654419999997e+01
-5.314662982360000143e+01
-5.147106328710000156e+01
-4.554586249989999658e+01
-3.206516380730000293e+01
-4.227075527270000066e+01
-4.913044361370000246e+01
-4.240387748620000252e+01
-3.629992989550000004e+01
-3.582095799150000204e+01
-4.033608782160000317e+01
-3.931877237020000138e+01
-4.313500803840000231e+01
-4.705424995220000284e+01
-4.376743421909999654e+01
-4.166571492359999951e+01
-4.902883718750000241e+01
-5.739238657460000326e+01
-3.958465701869999975e+01
-4.192109702129999960e+01
-4.403591748059999844e+01
-4.414489709619999758e+01
-4.358033050200000247e+01
-5.400527650850000327e+01
-3.500278503589999701e+01
-3.484349072410000048e+01
-4.131811475709999826e+01
-4.272515115089999682e+01
-3.992484689140000143e+01
-4.261954896280000327e+01
-3.458419885039999997e+01
-3.743793016840000121e+01
-5.387707327500000076e+01
-4.384416931999999889e+01
-5.563037780230000351e+01
-3.885564121190000009e+01
-4.988439724780000262e+01
-4.212318035159999852e+01
-3.675065792969999734e+01
-4.504089919850000001e+01
-4.598311702219999830e+01
-4.042806507619999934e+01
-3.988506282750000054e+01
-5.848322172990000212e+01
-3.967445800899999853e+01
-4.337055930500000045e+01
-3.490600097440000127e+01
-4.709462993049999824e+01
-5.163060714779999927e+01
-3.783503335289999825e+01
-3.623530168559999964e+01
-4.115102119449999662e+01
-4.324630534180000296e+01
-4.381976770079999994e+01
-3.916198295320000256e+01
-4.506187286480000154e+01
-4.427632159390000055e+01
-3.829288161979999927e+01
-3.715373696449999841e+01
-5.232541748109999702e+01
-4.068706173390000203e+01
-4.114516596429999851e+01
-3.909094478739999801e+01
-4.276404895769999825e+01
-4.530179032160000219e+01
-4.177712879949999802e+01
-4.148647509650000131e+01
-3.797660312379999681e+01
-3.617521723509999987e+01
-3.853283901590000227e+01
-3.856864350650000262e+01
-3.899890771239999765e+01
-5.213813958709999952e+01
-4.172675381660000227e+01
-4.316933120950000102e+01
-4.775585841950000088e+01
-3.646116521980000158e+01
-3.946515922039999680e+01
-5.684678739729999819e+01
-3.915988865050000101e+01
-4.490236824870000021e+01
-4.170942786780000233e+01
-4.833567482019999773e+01
-4.035990195320000140e+01
-3.756877031850000037e+01
-3.714030126290000311e+01
-3.989668560639999839e+01
-4.631118267299999758e+01
-3.852992666600000149e+01
-3.664179449030000058e+01
-4.149052396439999768e+01
-4.835744084089999717e+01
-3.666258748309999760e+01
-4.234610273250000034e+01
-3.737654143440000354e+01
-4.021624356099999886e+01
-3.732569863439999835e+01
-3.983057389959999739e+01
-4.677975541410000204e+01
-4.876650283490000248e+01
-4.274952923949999928e+01
-3.494108868890000252e+01
-4.061958637949999940e+01
-3.418973442890000314e+01
-3.433097755979999732e+01
-3.710345327760000345e+01
-5.073206339379999719e+01
-3.550955622869999928e+01
-4.507195888270000239e+01
-4.505883780319999943e+01
-3.988800933880000343e+01
-4.015689651110000113e+01
-3.613127905980000065e+01
-4.246588657720000271e+01
-3.391538498530000112e+01
-4.856729614289999830e+01
-3.724791905920000090e+01
-3.686973785760000055e+01
-3.593511896060000055e+01
-3.775886261200000149e+01
-3.960386184469999904e+01
-3.512089251679999791e+01
-4.021304714050000229e+01
-4.235522555429999869e+01
-4.574793149919999991e+01
-4.326732974109999930e+01
