-4.223084416969999921e+01
-2.977524253789999875e+01
-2.903780012789999887e+01
-3.096268674899999951e+01
-3.582703220270000344e+01
-4.727399915889999704e+01
-3.792363320220000134e+01
-3.463846628950000195e+01
-3.528323731870000302e+01
-3.844967488860000060e+01
-4.507771127809999712e+01
-4.090941326680000145e+01
-3.752203934269999763e+01
-3.648674266359999763e+01
-3.764654820839999871e+01
-3.855536211729999962e+01
-3.689094216680000216e+01
-3.478787562330000327e+01
-3.479082589229999911e+01
-3.566416757649999880e+01
-3.704588434040000067e+01
-3.760516237390000072e+01
-3.692349998600000305e+01
-3.685252125969999781e+01
-3.773015451490000061e+01
-3.853631140600000293e+01
-3.731104769209999716e+01
-3.556267880189999886e+01
-3.454725333300000045e+01
-3.385548679920000126e+01
-3.392295192280000293e+01
-3.485971433760000338e+01
-3.596138965659999798e+01
-3.699625906090000171e+01
-3.901525106169999901e+01
-3.946403254509999670e+01
-3.891225151190000275e+01
-3.771807111279999702e+01
-3.684397248839999861e+01
-3.573752272320000145e+01
-3.578446017520000311e+01
-3.563687227660000190e+01
-3.554750250530000244e+01
-3.619310174750000186e+01
-3.711608610399999719e+01
-3.805689159549999800e+01
-3.711135434789999721e+01
-3.548730248060000037e+01
-3.350243736070000011e+01
-3.255435620640000138e+01
-3.214517815699999659e+01
-3.223197408029999877e+01
-3.262619360149999892e+01
-3.368761137650000137e+01
-3.532028644799999739e+01
-3.785928626890000004e+01
-4.208938678500000208e+01
-4.530469497539999679e+01
-4.819427109739999793e+01
-4.567013519399999666e+01
-4.198539712240000199e+01
-3.722984618670000145e+01
-3.469951877180000110e+01
-3.225946591849999834e+01
-3.116731224789999999e+01
-3.076120621940000177e+01
-3.120771396310000156e+01
-3.189164109560000071e+01
-3.223996257409999799e+01
-3.266023163010000019e+01
-3.249118506800000006e+01
-3.284844932850000276e+01
-3.388410400410000278e+01
-3.555538722280000030e+01
-3.835320295799999712e+01
-3.977864808350000203e+01
-3.951356453070000185e+01
-3.760454762300000198e+01
-3.662082654980000029e+01
-3.685088275270000224e+01
-3.728152920320000163e+01
-3.844760006679999975e+01
-3.760704454740000102e+01
-3.642573804300000262e+01
-3.500839788249999884e+01
-3.442369363769999779e+01
-3.486908265179999944e+01
-3.616357221140000178e+01
-3.735469394639999763e+01
-3.850555431859999800e+01
-3.836074109989999670e+01
-3.877814016739999659e+01
-3.938439730430000196e+01
-4.082914388340000045e+01
-4.093700560730000149e+01
-3.978735976259999774e+01
-3.795078473329999724e+01
-3.602552376879999940e+01
-3.504940949000000217e+01
-3.400052648470000349e+01
-3.366372242260000291e+01
-3.368971009980000275e+01
-3.449316668090000348e+01
-3.560288333750000334e+01
-3.638016704019999992e+01
-3.672781527109999899e+01
-3.583516955340000010e+01
-3.491974584319999764e+01
-3.561058709480000317e+01
-3.705663473410000108e+01
-4.275948599110000004e+01
-5.890003596409999886e+01
-4.052662810759999701e+01
-3.447794597970000297e+01
-3.180575734840000024e+01
-2.967962639099999933e+01
-2.902727631529999996e+01
-2.816574737119999838e+01
-2.787866122169999983e+01
-2.750811280090000110e+01
-2.748434698510000018e+01
-2.756110181009999849e+01
-2.799139181560000011e+01
-2.901582945130000013e+01
-2.990248363099999906e+01
-3.125979056919999977e+01
-3.240802716230000158e+01
-3.420645797699999946e+01
-3.744383501739999787e+01
-4.365085429429999664e+01
-4.808166752879999706e+01
-3.612918626980000170e+01
-3.062192847729999912e+01
-2.719713342420000046e+01
-2.510507669389999919e+01
-2.371788877959999908e+01
-2.332126692849999827e+01
-2.333991232119999992e+01
-2.420033002190000104e+01
-2.537369572280000085e+01
-2.713733785899999873e+01
-2.900143825740000025e+01
-3.109979976960000059e+01
-3.344423330050000231e+01
-3.478120112989999768e+01
-3.758413353950000158e+01
-3.945274871209999645e+01
-4.490815153519999825e+01
-5.654947676460000139e+01
-4.703703170819999713e+01
-4.003181632689999958e+01
-3.698076974479999990e+01
-3.263909427069999936e+01
-3.026681725459999939e+01
-2.782636526190000126e+01
-2.651910524830000071e+01
-2.632127906039999843e+01
-2.695230656929999924e+01
-2.964660352299999957e+01
-3.356762827880000088e+01
-4.500361592529999655e+01
-3.856108415010000101e+01
-3.268500500140000042e+01
-3.180422996669999947e+01
-3.063823725250000152e+01
-3.176406754139999933e+01
-3.119453338840000001e+01
-3.250732942900000211e+01
-3.311209609800000209e+01
-3.427682848250000092e+01
-3.400226061290000246e+01
-3.026397632600000165e+01
-2.927357920309999884e+01
-2.858282772809999983e+01
-2.978866643379999957e+01
-3.390167527460000230e+01
-3.916256878480000125e+01
-4.476481003370000167e+01
-3.926220738149999789e+01
-3.344520985599999818e+01
-3.017334276700000117e+01
-2.737031348760000071e+01
-2.458565334649999912e+01
-2.354745782470000037e+01
-2.297220232929999995e+01
-2.375742503820000096e+01
-2.534297141720000113e+01
-2.784690630300000080e+01
-3.169764047489999825e+01
-3.437591599929999830e+01
-3.677840955199999939e+01
-3.402845581089999882e+01
-3.240718547760000234e+01
-2.972087098249999926e+01
-2.924832459210000124e+01
-2.940877505579999962e+01
-3.099512445399999905e+01
-3.197112498639999956e+01
-3.108366515899999882e+01
-2.874856860739999931e+01
-2.650347066879999858e+01
-2.459564736120000106e+01
-2.274572394739999837e+01
-2.181486774909999937e+01
-2.104726103899999856e+01
-2.139562994270000118e+01
-2.245411714959999827e+01
-2.469649821570000015e+01
-2.808838937399999836e+01
-3.083669397439999926e+01
-3.268595560610000206e+01
-3.237260384390000212e+01
-3.300356838239999746e+01
-3.219486153169999909e+01
-3.078029368389999831e+01
-2.918038564920000155e+01
-2.929506987270000096e+01
-3.071269359429999923e+01
-3.355757873190000140e+01
-3.279881914229999751e+01
-3.102855274719999912e+01
-2.847466705000000076e+01
-2.752856267199999962e+01
-2.670519921809999886e+01
-2.529573806180000162e+01
-2.525737463049999931e+01
-2.483098845359999984e+01
-2.628366138089999993e+01
-2.809379946450000176e+01
-2.741674895310000082e+01
-2.616225776479999965e+01
-2.420721579969999837e+01
-2.403100166260000137e+01
-2.517756517449999976e+01
-2.768125090490000062e+01
-3.393879216140000210e+01
-4.426240444260000118e+01
-3.600784488210000234e+01
-3.426065690210000270e+01
-3.102451315420000100e+01
-3.015856407869999956e+01
-2.753923046059999891e+01
-2.755855420139999978e+01
-2.720053888150000176e+01
-3.002279458119999944e+01
-3.281465761470000331e+01
-3.538225386450000087e+01
-3.430497687270000284e+01
-2.961744890670000174e+01
-2.659686955160000110e+01
-2.438111710309999935e+01
-2.193412821649999955e+01
-2.119526520759999855e+01
-2.080320132479999984e+01
-2.198182605950000124e+01
-2.411771032040000051e+01
-2.736481223530000051e+01
-3.109687599029999916e+01
-2.947539413870000047e+01
-2.781788265020000139e+01
-2.682824010299999884e+01
-2.653416959930000019e+01
-2.671278753589999866e+01
-2.699131359309999922e+01
-2.792581636059999894e+01
-3.010791920719999837e+01
-3.585380365870000219e+01
-4.066741269970000161e+01
-3.259559382679999828e+01
-2.809886105589999872e+01
-2.500436002329999852e+01
-2.304431815979999953e+01
-2.188384141490000090e+01
-2.111328403010000088e+01
-2.141185745290000142e+01
-2.244061222590000071e+01
-2.461293128370000005e+01
-2.722632743240000153e+01
-2.694761814139999956e+01
-2.520078069559999889e+01
-2.394268462839999856e+01
-2.366969467470000055e+01
-2.425210438859999940e+01
-2.520878473610000015e+01
-2.686020186140000021e+01
-2.796909928719999883e+01
-3.097736049810000125e+01
-3.504407698699999685e+01
-5.136612913230000288e+01
-3.606976980769999841e+01
-2.981611323890000165e+01
-2.764787622189999894e+01
-2.639425954649999895e+01
-2.570123138829999832e+01
-2.627159799080000013e+01
-2.648200581500000084e+01
-2.917168123820000147e+01
-3.111056723120000100e+01
-2.850329449990000086e+01
-2.558649063109999844e+01
-2.261665362060000106e+01
-2.161024391580000170e+01
-2.172830688830000057e+01
-2.267527601429999962e+01
-2.550091371499999937e+01
-2.894874680570000081e+01
-3.793106146800000289e+01
-4.995255565549999943e+01
-3.649200152470000091e+01
-3.590867316660000341e+01
-3.168750166119999889e+01
-3.135765907140000053e+01
-2.906365955329999906e+01
-3.047597286170000075e+01
-3.062707727080000097e+01
-3.361555421260000287e+01
-3.923563281210000042e+01
-4.276499935340000036e+01
-3.486237373289999653e+01
-2.998710176939999883e+01
-2.575724560600000146e+01
-2.469058581779999884e+01
-2.358008751739999909e+01
-2.439597492629999920e+01
-2.577913320009999865e+01
-2.921538913159999851e+01
-3.640433939319999723e+01
-3.741058908779999825e+01
-3.273207416329999830e+01
-3.044944676880000145e+01
-2.924774672350000060e+01
-3.075056622450000177e+01
-3.121517480289999824e+01
-3.391647242730000045e+01
-3.415236408079999819e+01
-3.766313149970000040e+01
-3.727318714889999995e+01
-3.781743927800000193e+01
-3.896485224100000266e+01
-3.693587527799999748e+01
-3.674524334499999867e+01
-3.476635649400000005e+01
-3.197363134049999900e+01
-3.160744264379999890e+01
-3.115052588280000023e+01
-3.345942101189999818e+01
-3.652128672319999936e+01
-4.632504971049999654e+01
-3.823190969640000247e+01
-3.588051858189999876e+01
-3.284324351850000312e+01
-3.335293579780000073e+01
-3.352234414800000195e+01
-3.610870139339999696e+01
-3.512811914560000304e+01
-3.548064145440000061e+01
-3.343882717439999652e+01
-3.298547223439999954e+01
-3.152797018329999901e+01
-3.157515536540000056e+01
-3.184591940729999848e+01
-3.187358492599999948e+01
-3.345459438009999786e+01
-3.207892502259999645e+01
-3.190368596020000069e+01
-3.138262689849999987e+01
-3.105585197719999968e+01
-3.275677673420000247e+01
-3.443592308179999861e+01
-4.050091060860000169e+01
-4.136528007030000254e+01
-3.664832457379999653e+01
-3.439402489190000267e+01
-3.307296874610000259e+01
-3.277949720579999848e+01
-3.359787110690000134e+01
-3.249048385639999736e+01
-3.413776004399999664e+01
-3.184751195060000128e+01
-3.190424254779999913e+01
-2.972389273510000152e+01
-3.005525619590000019e+01
-2.923957210460000056e+01
-3.106605490100000111e+01
-3.122452799779999921e+01
-3.136992848079999874e+01
-3.185999930659999890e+01
-2.941548913680000155e+01
-3.075675211680000132e+01
-3.148276270819999922e+01
-3.252294069210000060e+01
-3.465810850839999802e+01
-3.090829900800000019e+01
-2.992116218960000040e+01
-2.884169665399999971e+01
-2.767626401709999939e+01
-2.881858581130000019e+01
-2.760964998660000091e+01
-2.849955124359999914e+01
-2.763876565380000017e+01
-2.824600425290000061e+01
-2.838822153830000161e+01
-2.883958741909999901e+01
-2.986230847279999878e+01
-2.921497038960000125e+01
-3.309045230219999922e+01
-3.294809510910000228e+01
-3.284383977089999718e+01
-3.120758206629999876e+01
-2.743330718149999825e+01
-2.664108890409999830e+01
-2.495637238879999842e+01
-2.426720671309999844e+01
-2.408190043220000121e+01
-2.373673524390000011e+01
-2.492675085730000006e+01
-2.513725921159999999e+01
-2.574534458580000162e+01
-2.581602737540000092e+01
-2.562170893849999942e+01
-2.683775774600000119e+01
-2.730164183899999841e+01
-2.963255930929999948e+01
-3.170608757269999955e+01
-3.671842629140000014e+01
-4.049429029280000236e+01
-4.460347189179999816e+01
-3.429858890490000078e+01
-3.024687934079999962e+01
-2.703284020570000123e+01
-2.488140692680000043e+01
-2.267283790069999938e+01
-2.180461431539999850e+01
-2.141075230039999866e+01
-2.111571700369999860e+01
-2.157394802250000154e+01
-2.225467579040000032e+01
-2.352719951579999957e+01
-2.454422748189999837e+01
-2.359975069549999915e+01
-2.309808080559999865e+01
-2.347704659489999912e+01
-2.424514015109999931e+01
-2.833437334630000137e+01
-3.247140022210000154e+01
-3.247361224889999676e+01
-2.936921642740000138e+01
-2.666504382449999966e+01
-2.644609099790000073e+01
-2.606374162070000011e+01
-2.395484847330000022e+01
-2.350720269320000000e+01
-2.265872047299999892e+01
-2.225084939879999979e+01
-2.185339817070000024e+01
-2.230647463749999915e+01
-2.331745594610000083e+01
-2.394446588370000129e+01
-2.495445598739999937e+01
-2.432022905750000064e+01
-2.190649799450000046e+01
-2.083648682280000131e+01
-2.043800529800000021e+01
-2.080861708819999834e+01
-2.250411246219999839e+01
-2.373050465149999866e+01
-2.414072440099999994e+01
-2.332426183000000108e+01
-2.224631764680000146e+01
-2.203537596529999831e+01
-2.193654784849999828e+01
-2.358496636179999939e+01
-2.357587479040000034e+01
-2.377846555509999860e+01
-2.352071469439999873e+01
-2.370128265070000140e+01
-2.485453623249999922e+01
-2.671309206769999989e+01
-3.358720720769999701e+01
-3.527277289260000259e+01
-2.637232549939999871e+01
-2.274882299060000079e+01
-2.057662326219999827e+01
-2.017758968289999899e+01
-2.052334058319999954e+01
-2.125416530689999917e+01
-2.232624777939999916e+01
-2.112642310560000070e+01
-1.958114886679999955e+01
-1.889403582819999983e+01
-1.855888703509999971e+01
-1.994960904539999902e+01
-2.190933045870000129e+01
-2.567666849340000113e+01
-2.921171281149999999e+01
-3.232507645729999979e+01
-3.125422388630000015e+01
-3.261148599570000073e+01
-3.798705535389999710e+01
-4.834297612579999992e+01
-3.137461425409999904e+01
-2.593545487060000099e+01
-2.267092732929999954e+01
-2.140708725949999902e+01
-2.075647824940000064e+01
-2.171421400639999888e+01
-2.375774863770000067e+01
-2.400383588940000124e+01
-2.194969077460000051e+01
-1.962757548329999935e+01
-1.812891702679999995e+01
-1.837649554700000110e+01
-1.954634304609999873e+01
-2.233090801060000175e+01
-2.588792250039999843e+01
-2.688700122919999913e+01
-2.511313492769999911e+01
-2.342362131679999848e+01
-2.346450425849999988e+01
-2.473339992609999882e+01
-2.676268788329999992e+01
-2.801884918080000020e+01
-2.514207863940000109e+01
-2.307371589179999916e+01
-2.127096644350000076e+01
-2.105643058920000144e+01
-2.147022165479999956e+01
-2.487867442659999995e+01
-2.942903960639999994e+01
-2.851236113399999894e+01
-2.426611971519999855e+01
-2.101807124300000140e+01
-2.024359203570000076e+01
-2.154286325329999841e+01
-2.231756023020000157e+01
-2.310360053739999842e+01
-2.134992073740000151e+01
-1.895882472459999946e+01
-1.878001937339999827e+01
-1.866563240039999982e+01
-2.067484626250000090e+01
-2.287443381079999938e+01
-2.688259985979999911e+01
-2.718969911259999961e+01
-2.503946825690000111e+01
-2.188859361249999935e+01
-2.077518206479999918e+01
-2.087092693729999837e+01
-2.205382817570000142e+01
-2.712633242109999898e+01
-3.304015018020000127e+01
-3.053709888839999920e+01
-2.691217825720000079e+01
-2.462594171559999978e+01
-2.452320179339999839e+01
-2.459463415849999990e+01
-2.150382307679999982e+01
-1.920877932790000031e+01
-1.757721268939999959e+01
-1.667793194689999936e+01
-1.732946397710000142e+01
-1.841222942770000159e+01
-2.157468395049999899e+01
-2.629995194569999839e+01
-3.872169425940000309e+01
-3.146330069300000076e+01
-2.604867182399999948e+01
-2.316430097110000119e+01
-2.289705211729999945e+01
-2.360154884030000133e+01
-2.611624558240000127e+01
-3.051719695430000101e+01
-2.855031156009999904e+01
-2.501635269160000163e+01
-2.441682012929999956e+01
-2.536919915949999904e+01
-3.030501663280000102e+01
-3.219308010470000170e+01
-2.469708533400000050e+01
-2.105696868049999892e+01
-1.994203071609999967e+01
-1.964302019410000000e+01
-2.108745829509999936e+01
-2.267828930199999959e+01
-2.315055716910000072e+01
-2.286606022630000012e+01
-2.150591939479999937e+01
-2.100517326780000005e+01
-2.181365725479999895e+01
-2.257443068250000096e+01
-2.591723660050000078e+01
-3.140427808970000001e+01
-3.314390298010000180e+01
-2.655752168840000138e+01
-2.287237433210000148e+01
-2.025598027919999922e+01
-2.069648164839999893e+01
-2.093834193920000075e+01
-2.362953167410000077e+01
-2.697845880850000100e+01
-2.748398071309999935e+01
-2.989994364249999848e+01
-3.185096559759999835e+01
-2.998479500379999863e+01
-2.570762868979999993e+01
-2.218396900790000004e+01
-1.894962375249999909e+01
-1.847760928710000172e+01
-1.751707407119999971e+01
-1.839148025300000100e+01
-1.987893621499999952e+01
-2.107751293360000133e+01
-2.589748394920000152e+01
-3.019981186769999937e+01
-2.823401368829999925e+01
-2.438883037440000123e+01
-2.091294087989999895e+01
-1.893667877200000049e+01
-1.931822231210000140e+01
-1.881966666450000147e+01
-2.032309815640000039e+01
-2.121131397659999962e+01
-2.245537770600000016e+01
-2.614090558639999884e+01
-2.932870253220000123e+01
-3.434308985540000236e+01
-2.609721768200000014e+01
-2.248858812750000169e+01
-2.006948879569999988e+01
-2.030200998249999955e+01
-1.948890420389999889e+01
-2.056137682390000165e+01
-2.150445237419999955e+01
-2.188483373229999884e+01
-2.452626693559999893e+01
-2.519819083870000043e+01
-2.486039100289999837e+01
-2.387587212789999924e+01
-2.112559349080000004e+01
-2.010946475500000119e+01
-1.992018701789999824e+01
-1.906562535429999983e+01
-1.988218702800000059e+01
-2.015374794270000081e+01
-2.083708686880000016e+01
-2.342284512479999847e+01
-2.524677017189999972e+01
-2.996837712909999851e+01
-3.379415574859999793e+01
-3.102103950640000107e+01
-3.178973298600000064e+01
-3.283595581090000337e+01
-2.666136584890000094e+01
-2.262162162110000097e+01
-2.114615611340000001e+01
-1.964891465999999909e+01
-2.035298823309999960e+01
-2.088684448680000116e+01
-2.116625864639999932e+01
-2.239674884040000080e+01
-2.177214539279999883e+01
-2.210341942739999865e+01
-2.323308834379999865e+01
-2.215479894330000121e+01
-2.213336372430000054e+01
-2.173261621489999840e+01
-2.001293496259999927e+01
-2.012648517039999874e+01
-1.905895908740000166e+01
-1.895328623580000027e+01
-2.005710390340000160e+01
-2.060783346090000023e+01
-2.460300369710000012e+01
-2.538916507060000072e+01
-2.706307685530000029e+01
-2.245050577190000141e+01
-2.214349492790000085e+01
-2.031703926539999827e+01
-2.084035959230000046e+01
-2.092180751860000143e+01
-1.985978485529999915e+01
-2.080494613870000009e+01
-2.006108450050000158e+01
-2.166154886989999895e+01
-2.470398307259999982e+01
-2.604088279839999842e+01
-2.559068470100000070e+01
-2.234681560849999826e+01
-1.849841622199999946e+01
-1.768195694499999959e+01
-1.650154336350000150e+01
-1.681667703500000144e+01
-1.800637490960000164e+01
-1.928139931859999834e+01
-2.402271540399999949e+01
-2.714653675810000166e+01
-4.160387309050000226e+01
-3.612244232890000006e+01
-3.876918412180000217e+01
-2.899428501559999916e+01
-2.620169938069999915e+01
-2.304590828319999929e+01
-2.006864957570000030e+01
-2.009669289760000055e+01
-1.921104553589999853e+01
-2.133281749700000063e+01
-2.441701475280000011e+01
-2.665307481600000017e+01
-2.574799737849999914e+01
-2.203242378450000061e+01
-1.894391608999999832e+01
-1.864443961230000113e+01
-1.794714835539999953e+01
-1.929867012429999917e+01
-2.106637264740000148e+01
-2.223744716530000076e+01
-2.445001009130000114e+01
-2.302752906299999935e+01
-2.254379372449999863e+01
-2.380062624909999869e+01
-2.398255741910000083e+01
-2.758926815690000112e+01
-2.549763426029999991e+01
-2.512719689129999878e+01
-2.239272060940000131e+01
-2.324369606480000172e+01
-2.302224044800000158e+01
-2.631927160340000071e+01
-2.975868952589999950e+01
-2.538826734299999899e+01
-2.322136038169999850e+01
-2.151603167669999905e+01
-2.060717462010000034e+01
-2.271620817730000041e+01
-2.386493510960000108e+01
-2.752109132829999893e+01
-2.706238019090000080e+01
-2.173281788930000147e+01
-2.013240536880000064e+01
-1.915159456789999837e+01
-1.888377867919999886e+01
-2.053339698099999922e+01
-2.122917575059999962e+01
-2.585000491179999926e+01
-2.876695055620000119e+01
-4.185316232680000326e+01
-3.718683594899999889e+01
-4.860334757369999892e+01
-3.719743465770000057e+01
-2.760242350889999940e+01
-2.528611201169999845e+01
-2.111256391470000082e+01
-2.055578300559999860e+01
-2.018278588369999937e+01
-2.125853106590000152e+01
-2.481818946559999972e+01
-3.086758638519999920e+01
-3.155351869080000071e+01
-2.571825637179999902e+01
-2.111051858660000136e+01
-2.056714556569999885e+01
-2.016975890040000152e+01
-2.092664029670000048e+01
-2.314970593509999830e+01
-2.383967876370000027e+01
-2.619948015410000153e+01
-2.513955185249999857e+01
-2.427556084240000089e+01
-2.519685987960000162e+01
-2.459014197440000160e+01
-2.701989687729999901e+01
-2.542010464879999887e+01
-2.572887610560000127e+01
-2.319978147979999861e+01
-2.389071376240000077e+01
-2.363711022609999901e+01
-2.700178399489999848e+01
-3.168681061339999872e+01
-4.569190197630000227e+01
-2.962115371479999837e+01
-2.667173612619999901e+01
-2.417719139429999942e+01
-2.537146180770000115e+01
-2.599326238409999945e+01
-2.880178943820000015e+01
-2.951973485679999953e+01
-2.513680178370000107e+01
-2.377444189610000080e+01
-2.274611031950000140e+01
-2.196668863349999867e+01
-2.326552019280000039e+01
-2.424471352620000175e+01
-2.833173185669999938e+01
-3.355375809699999934e+01
-4.298819016480000244e+01
-3.106810478279999899e+01
-2.922919796580000096e+01
-2.781560992680000055e+01
-2.945811955210000121e+01
-3.128549018160000017e+01
-3.441162658070000191e+01
-3.014332985429999923e+01
-2.798909935040000008e+01
-2.732809697960000150e+01
-2.962266374680000069e+01
-3.298086135850000034e+01
-4.095695371690000286e+01
-3.272722305069999749e+01
-2.673387048520000064e+01
-2.605400030639999898e+01
-2.558655113129999847e+01
-2.536569119090000157e+01
-2.800247104689999844e+01
-2.799537631120000114e+01
-2.878200850909999886e+01
-2.862248785470000101e+01
-2.560290398340000095e+01
-2.483218197960000140e+01
-2.332476608260000006e+01
-2.340914409910000060e+01
-2.598599398420000028e+01
-2.856754796150000075e+01
-3.636454995719999772e+01
-3.062059251049999986e+01
-2.618654805810000141e+01
-2.593402484619999981e+01
-2.722919628760000066e+01
-3.141813970349999963e+01
-4.962364276870000168e+01
-3.502365315570000348e+01
-2.877961136180000068e+01
-3.110748207159999978e+01
-3.081507776200000137e+01
-3.625070468679999891e+01
-3.585060065550000274e+01
-2.773301624739999838e+01
-2.559129479779999983e+01
-2.457192610130000077e+01
-2.227205775319999859e+01
-2.277754636230000074e+01
-2.173573979500000064e+01
-2.420309935639999921e+01
-2.862201129849999859e+01
-3.243765664170000207e+01
-2.903169977960000026e+01
-2.519381334970000097e+01
-2.253598699000000138e+01
-2.458730936939999978e+01
-2.644410011760000145e+01
-3.164412659770000147e+01
-3.072877525590000047e+01
-2.472361667379999872e+01
-2.478427091920000080e+01
-2.617098484499999955e+01
-2.861550510880000076e+01
-3.499543322070000073e+01
-2.908752418199999923e+01
-2.520709519229999884e+01
-2.517692323249999831e+01
-2.450327368969999853e+01
-2.542415780580000018e+01
-2.637409991319999847e+01
-2.469107967069999887e+01
-2.591125628780000056e+01
-2.486402753200000149e+01
-2.159076850090000121e+01
-2.048534106230000162e+01
-1.916872201869999870e+01
-1.918088796320000000e+01
-2.112595276929999955e+01
-2.315325633160000152e+01
-2.529252368279999885e+01
-2.458895807780000098e+01
-2.273259726150000049e+01
-2.401072833079999924e+01
-2.656132049789999883e+01
-2.781822284500000109e+01
-2.470428857730000161e+01
-2.124155198920000132e+01
-2.008200915580000157e+01
-2.108920942199999971e+01
-2.268582441679999917e+01
-2.674170284270000053e+01
-3.021571947489999843e+01
-2.870556579610000014e+01
-2.594977270889999943e+01
-2.289893045570000041e+01
-1.986723137379999926e+01
-1.840352795180000101e+01
-1.781492099760000158e+01
-1.861245553839999900e+01
-2.003396760900000118e+01
-2.103859819890000082e+01
-2.072580128190000082e+01
-1.997951484969999925e+01
-2.111321233700000022e+01
-2.492745144790000111e+01
-2.735873211950000083e+01
-2.246937547219999942e+01
-1.901034543560000145e+01
-1.739044125239999872e+01
-1.774006926290000052e+01
-1.898991179340000102e+01
-2.149319140500000103e+01
-2.368283504349999902e+01
-2.330096291039999912e+01
-2.362284740730000010e+01
-2.459596711609999886e+01
-2.303812858299999888e+01
-2.118511458929999947e+01
-2.024597470439999825e+01
-1.951703900980000128e+01
-1.974225409059999947e+01
-1.932558296979999923e+01
-1.823301956759999953e+01
-1.766949261179999908e+01
-1.754436777080000098e+01
-1.933682309889999829e+01
-2.238871698770000052e+01
-2.277826371700000152e+01
-2.023534741909999823e+01
-1.858366639460000158e+01
-1.824095296650000009e+01
-1.996023399539999943e+01
-2.162398723640000142e+01
-2.072920691299999874e+01
-1.874468388700000077e+01
-1.739424454979999979e+01
-1.793398806780000143e+01
-1.936930807810000132e+01
-2.033900355500000146e+01
-2.092691655360000169e+01
-2.160875258100000096e+01
-2.223538402819999860e+01
-2.161099852350000106e+01
-1.908215821399999967e+01
-1.710530767810000086e+01
-1.621263494389999948e+01
-1.636025585350000000e+01
-1.763537224099999889e+01
-1.837638167620000118e+01
-1.772774476369999874e+01
-1.703142239010000125e+01
-1.784301634730000075e+01
-2.092415025009999852e+01
-2.545507867350000097e+01
-2.159252084519999926e+01
-1.756682211120000048e+01
-1.562264197520000053e+01
-1.509376205020000050e+01
-1.555380259430000045e+01
-1.652628552450000043e+01
-1.733988437540000049e+01
-1.771507953909999955e+01
-1.902848045969999902e+01
-2.162321791529999970e+01
-2.276355048590000152e+01
-2.023585296059999905e+01
-1.792943824039999967e+01
-1.703185542969999844e+01
-1.670210217309999834e+01
-1.632356913910000173e+01
-1.575035247129999938e+01
-1.522889463449999958e+01
-1.575789526700000032e+01
-1.798074544580000023e+01
-2.263977154040000173e+01
-2.511481795599999955e+01
-1.976255167960000136e+01
-1.640656335770000140e+01
-1.571932439679999938e+01
-1.589230706510000068e+01
-1.610307685209999917e+01
-1.580226971009999914e+01
-1.467282097240000027e+01
-1.481617294730000012e+01
-1.587445845799999944e+01
-1.762582519800000114e+01
-1.999329912560000011e+01
-1.921325497109999958e+01
-1.785921959479999899e+01
-1.850335981719999978e+01
-1.809501259780000026e+01
-1.677014190979999952e+01
-1.589248162700000044e+01
-1.492710390050000058e+01
-1.605218001449999932e+01
-1.819923928980000127e+01
-1.977834825749999936e+01
-1.990704489499999852e+01
-1.839762012439999950e+01
-1.774034749200000149e+01
-1.933184652370000123e+01
-1.925586685209999871e+01
-1.679863133310000123e+01
-1.485940026689999982e+01
-1.351985780659999925e+01
-1.372254561979999998e+01
-1.439580620059999916e+01
-1.501737365770000032e+01
-1.561662189910000009e+01
-1.520980198650000048e+01
-1.573712091340000008e+01
-1.769926999839999837e+01
-1.889756786530000099e+01
-1.885099291350000072e+01
-1.779493061049999980e+01
-1.660230336449999911e+01
-1.726429893419999928e+01
-1.739626312260000063e+01
-1.642735214010000178e+01
-1.599097171490000058e+01
-1.608112802029999955e+01
-1.850310439269999918e+01
-2.342384989050000144e+01
-2.204941699369999952e+01
-1.769237694530000127e+01
-1.572601782649999969e+01
-1.443217128779999925e+01
-1.455705947160000058e+01
-1.417858481789999914e+01
-1.283929690449999939e+01
-1.234355015400000077e+01
-1.216970363749999962e+01
-1.306319891230000074e+01
-1.519030222239999972e+01
-1.762357781709999927e+01
-1.922225859230000111e+01
-1.906352399960000099e+01
-1.841784864050000081e+01
-1.835675468120000176e+01
-1.699514241780000035e+01
-1.554431570799999918e+01
-1.561542689650000071e+01
-1.633043991819999974e+01
-1.904768259529999952e+01
-2.231656282490000009e+01
-2.064274544590000104e+01
-1.868981581890000143e+01
-1.843626106449999824e+01
-1.783320543379999989e+01
-1.647956348840000018e+01
-1.421947365079999948e+01
-1.210938115139999915e+01
-1.148878989950000040e+01
-1.148975346880000004e+01
-1.265865339449999993e+01
-1.450520950710000001e+01
-1.530666611650000064e+01
-1.575831217560000042e+01
-1.620071791579999854e+01
-1.718633501080000059e+01
-1.890732802400000168e+01
-1.849100598840000131e+01
-1.751011162140000010e+01
-1.783272553620000167e+01
-1.847551784350000048e+01
-1.935333798150000106e+01
-1.874689548519999960e+01
-1.751345385950000022e+01
-1.908260709460000015e+01
-2.186783623230000018e+01
-2.171405187579999918e+01
-1.756721147089999846e+01
-1.436719734300000084e+01
-1.259874357870000061e+01
-1.273066046759999992e+01
-1.315553247449999930e+01
-1.376059558180000053e+01
-1.356459260819999990e+01
-1.262789602780000031e+01
-1.261159368190000052e+01
-1.307040007059999986e+01
-1.450957071710000079e+01
-1.688910678290000078e+01
-1.845137860599999868e+01
-1.958682855780000054e+01
-2.074656186169999827e+01
-2.042542063899999860e+01
-1.891756851190000077e+01
-1.792436974609999822e+01
-1.789269143039999932e+01
-1.972911003789999995e+01
-2.281665182060000063e+01
-2.143492587289999918e+01
-1.802955774659999832e+01
-1.623484865560000046e+01
-1.611572318789999869e+01
-1.714233261160000055e+01
-1.674210665880000093e+01
-1.434373260139999928e+01
-1.242112438710000077e+01
-1.120031066389999985e+01
-1.122515528009999919e+01
-1.208042489350000004e+01
-1.331461429810000041e+01
-1.532415300629999955e+01
-1.662964745280000045e+01
-1.813067577170000177e+01
-2.075633570930000005e+01
-2.119099095540000022e+01
-2.015864733800000153e+01
-2.037109279030000053e+01
-2.022527407540000155e+01
-2.184165173139999894e+01
-2.151420712999999907e+01
-1.799447422229999916e+01
-1.726290828229999974e+01
-1.839130110460000012e+01
-2.067310504550000161e+01
-2.233040134979999891e+01
-1.742352361189999854e+01
-1.349452855660000061e+01
-1.242961095090000079e+01
-1.161975378290000016e+01
-1.207768353039999987e+01
-1.316660242630000077e+01
-1.356976793960000016e+01
-1.455181708819999997e+01
-1.464056391859999984e+01
-1.526193867849999997e+01
-1.732471901639999956e+01
-1.890127936400000053e+01
-2.190956866240000167e+01
-2.456781362339999930e+01
-2.389194501729999942e+01
-2.244302594430000042e+01
-2.052298268070000020e+01
-1.758977076089999869e+01
-1.862691865760000098e+01
-2.120278027839999879e+01
-2.503187949209999985e+01
-2.113550535319999923e+01
-1.670312147799999991e+01
-1.419648949349999967e+01
-1.426882926510000082e+01
-1.447072705649999946e+01
-1.534335943319999984e+01
-1.550187560390000030e+01
-1.443994428699999943e+01
-1.397736565980000023e+01
-1.345348713339999946e+01
-1.396975995520000069e+01
-1.556258769909999984e+01
-1.689336893429999975e+01
-1.878973303200000089e+01
-2.135437767679999865e+01
-2.365808340650000119e+01
-2.433792010359999836e+01
-2.271309895119999922e+01
-2.212790102570000172e+01
-2.467022230219999912e+01
-2.669640388859999902e+01
-2.175717298060000005e+01
-1.818548065730000118e+01
-1.640147952110000062e+01
-1.625759134460000155e+01
-1.800963314759999889e+01
-2.032220756579999943e+01
-1.927907764980000138e+01
-1.666484089309999916e+01
-1.477379129850000083e+01
-1.399818365059999969e+01
-1.447272636749999997e+01
-1.503127907320000034e+01
-1.561067369979999953e+01
-1.613763696610000054e+01
-1.661327068550000163e+01
-1.884791966039999878e+01
-2.067446784759999900e+01
-2.245319223879999981e+01
-2.626402760959999938e+01
-2.982915388250000177e+01
-2.979893267079999930e+01
-2.340496671349999858e+01
-1.924320601260000174e+01
-1.739136068619999875e+01
-1.784564804709999919e+01
-1.882569063509999907e+01
-2.293468199619999837e+01
-2.394900141420000139e+01
-1.906481911299999865e+01
-1.728970497090000080e+01
-1.612720876790000091e+01
-1.593759967929999988e+01
-1.716882753910000048e+01
-1.630435790419999975e+01
-1.584731016169999940e+01
-1.624572122980000088e+01
-1.636915110529999851e+01
-1.860323533229999882e+01
-1.987706275989999938e+01
-2.143704901839999977e+01
-2.526164679700000093e+01
-2.716503072529999940e+01
-2.722491985290000116e+01
-2.491083509950000163e+01
-2.147251093150000045e+01
-2.123478623529999965e+01
-2.417576456480000147e+01
-2.580297195340000016e+01
-2.375642774359999976e+01
-2.008526280250000084e+01
-1.701041061860000170e+01
-1.742408272089999954e+01
-1.779797864800000085e+01
-1.860188666559999859e+01
-1.948293105739999831e+01
-1.819536768240000058e+01
-1.811806808009999870e+01
-1.858684781130000019e+01
-1.913562759570000082e+01
-2.115833347079999882e+01
-2.057208358609999976e+01
-1.985802384409999988e+01
-2.152291180070000109e+01
-2.164633718980000054e+01
-2.289548621009999962e+01
-2.507840265040000105e+01
-2.607723036870000044e+01
-3.461619241479999687e+01
-3.534188781129999768e+01
-2.304549626440000054e+01
-1.936270081609999849e+01
-1.798939382829999900e+01
-1.717746600730000139e+01
-1.899462947800000023e+01
-1.987264247190000077e+01
-2.076413940730000007e+01
-2.133820705839999832e+01
-1.984729192920000074e+01
-2.181463963670000084e+01
-2.462305260930000017e+01
-2.271059384819999849e+01
-2.098783104669999844e+01
-1.939593798210000131e+01
-1.820645968390000036e+01
-1.937573044699999869e+01
-1.931042443660000174e+01
-2.190069116140000105e+01
-2.509623229940000044e+01
-2.660916822229999923e+01
-3.792481491310000052e+01
-2.951021737749999829e+01
-2.255590054680000023e+01
-2.093542884829999906e+01
-2.098573185460000090e+01
-2.046282031349999997e+01
-2.217667063780000092e+01
-2.094972331940000032e+01
-1.946225640160000125e+01
-1.995441407679999912e+01
-1.998299213490000170e+01
-2.372490979519999854e+01
-2.537069220560000105e+01
-2.148110440290000156e+01
-2.092069548299999937e+01
-2.043467900770000156e+01
-2.031874756870000098e+01
-2.318630906779999989e+01
-2.313808431669999877e+01
-2.364592789639999992e+01
-2.534836085490000102e+01
-2.392238109039999827e+01
-2.419058351840000043e+01
-2.470065056110000157e+01
-2.395496327469999898e+01
-2.640288600290000076e+01
-2.925667068270000115e+01
-2.617128999010000001e+01
-2.275321167319999915e+01
-1.998099184109999982e+01
-1.850350060570000110e+01
-1.999102884039999850e+01
-2.078463993500000129e+01
-2.181411993360000068e+01
-2.141656732679999919e+01
-2.028508585990000057e+01
-2.199624525160000132e+01
-2.410185940219999878e+01
-2.988496059159999874e+01
-3.127127388039999900e+01
-2.701270199040000008e+01
-2.187176607299999986e+01
-2.033974662400000000e+01
-2.014859433739999872e+01
-2.055387437130000094e+01
-2.207025263059999887e+01
-2.305760796119999867e+01
-3.167025991239999883e+01
-3.911410329729999802e+01
-2.617703516999999991e+01
-2.148272261079999979e+01
-2.108009031510000142e+01
-1.969671878180000135e+01
-2.051578799840000045e+01
-1.963845578089999933e+01
-1.785675388860000012e+01
-1.862249581729999903e+01
-1.810106187410000089e+01
-2.102129580780000140e+01
-2.523103681979999990e+01
-3.418300609140000290e+01
-2.576651840739999955e+01
-2.419811911309999886e+01
-2.078461556239999908e+01
-2.171342562259999909e+01
-2.092666122039999976e+01
-2.118391946079999855e+01
-2.473575694190000007e+01
-2.473243922569999853e+01
-2.795311980829999854e+01
-3.025624536080000127e+01
-2.445103533099999993e+01
-2.426493249379999995e+01
-2.550429714590000074e+01
-2.327570317249999832e+01
-2.216950349189999869e+01
-1.826630336859999915e+01
-1.652300582699999865e+01
-1.804295842999999877e+01
-1.825341047450000076e+01
-2.134961031499999962e+01
-2.325456278969999957e+01
-2.403729709299999939e+01
-2.634544492999999932e+01
-2.587778323290000060e+01
-2.776007203880000063e+01
-3.281733804120000286e+01
-2.794059299210000091e+01
-2.468598795739999829e+01
-2.456791521730000127e+01
-2.196863615810000070e+01
-2.192315604070000035e+01
-2.205237873580000141e+01
-2.273801524880000002e+01
-2.800839113150000159e+01
-3.249168268980000107e+01
-2.649915115570000168e+01
-2.230176068600000150e+01
-1.965463334969999920e+01
-1.857812150419999853e+01
-1.850064144050000081e+01
-1.790235284070000077e+01
-1.902440801010000015e+01
-1.912651466060000160e+01
-1.797151180339999854e+01
-1.899105311330000134e+01
-1.991508297069999855e+01
-2.348823008809999990e+01
-3.071021864500000120e+01
-3.201811399160000349e+01
-2.479073804180000096e+01
-2.311771940559999905e+01
-2.190898050179999856e+01
-2.055384415529999842e+01
-2.166544869959999886e+01
-2.158147366329999883e+01
-2.576860847400000054e+01
-3.169719056339999952e+01
-2.803539778129999860e+01
-2.461204897589999874e+01
-2.254092675100000065e+01
-1.994418864960000093e+01
-2.046691749169999852e+01
-1.868477620159999830e+01
-1.666527018389999881e+01
-1.640661218929999876e+01
-1.521047279949999975e+01
-1.647657768710000070e+01
-1.782430707239999990e+01
-2.097851848939999897e+01
-2.586868059909999928e+01
-2.902650515419999877e+01
-3.879848541390000349e+01
-3.242564150750000351e+01
-2.861109821490000016e+01
-2.312797592009999903e+01
-2.506481055589999940e+01
-2.242079591230000091e+01
-2.372882406640000141e+01
-2.405604930029999977e+01
-2.194478579660000150e+01
-2.440240455400000030e+01
-2.357602473160000045e+01
-2.313439662520000084e+01
-2.383860869760000156e+01
-1.915425754429999827e+01
-1.749589767850000044e+01
-1.698607474470000156e+01
-1.577877065090000031e+01
-1.714796381149999860e+01
-1.628881610859999896e+01
-1.753070257119999908e+01
-1.856883615980000002e+01
-1.832757791010000048e+01
-2.168364441599999992e+01
-2.200574022969999888e+01
-2.725401498780000153e+01
-2.688747837080000025e+01
-2.878863796490000126e+01
-2.413099191359999907e+01
-2.399710824960000011e+01
-2.227392007419999942e+01
-2.098081281019999977e+01
-2.249348365099999825e+01
-2.210248536079999937e+01
-2.494617010669999857e+01
-2.511575397249999853e+01
-2.116084678600000046e+01
-2.055448921640000037e+01
-1.864073620650000151e+01
-1.727892984369999851e+01
-1.754068620170000159e+01
-1.613196882820000155e+01
-1.601107845019999942e+01
-1.611974658329999954e+01
-1.592035575889999954e+01
-1.758373762300000109e+01
-1.883940252020000017e+01
-2.135207096819999961e+01
-2.412616029699999842e+01
-2.546161049359999851e+01
-2.507857302820000100e+01
-2.354099255310000061e+01
-2.257896376720000120e+01
-2.046759525139999880e+01
-2.138125603010000120e+01
-2.119037206009999963e+01
-2.199422486279999944e+01
-2.308640517230000100e+01
-2.114669565539999851e+01
-2.116188611809999998e+01
-2.032343527400000127e+01
-1.826848863900000097e+01
-1.780653487720000072e+01
-1.643665099289999887e+01
-1.607270055369999895e+01
-1.611360348219999850e+01
-1.553434578349999917e+01
-1.689266445679999862e+01
-1.657141144719999915e+01
-1.707202808650000136e+01
-1.706604209529999849e+01
-1.667911975959999893e+01
-1.894664256020000082e+01
-1.896622317730000162e+01
-2.207818495349999921e+01
-2.125083609149999830e+01
-2.383151711329999856e+01
-2.241743801169999983e+01
-2.186865427480000079e+01
-2.128951701409999941e+01
-1.906597987589999832e+01
-2.047500169670000147e+01
-1.903845798509999909e+01
-1.983588551189999905e+01
-2.156653048909999981e+01
-1.881309595040000104e+01
-1.910325700399999960e+01
-1.789968876780000073e+01
-1.633794614840000037e+01
-1.591928741379999934e+01
-1.387311736780000082e+01
-1.434763171400000026e+01
-1.392988339430000089e+01
-1.452778577680000005e+01
-1.631863550599999968e+01
-1.727633862849999957e+01
-2.194782009360000075e+01
-2.142153865799999934e+01
-2.317329508219999923e+01
-2.282470829580000071e+01
-2.152833521359999835e+01
-1.979527179869999998e+01
-1.818290908750000057e+01
-1.878978228460000111e+01
-1.826185051739999921e+01
-2.046245793419999970e+01
-2.026759655860000109e+01
-1.994189171280000039e+01
-2.013554810540000162e+01
-1.830047046969999869e+01
-1.717857792819999929e+01
-1.518578059879999920e+01
-1.411081173230000019e+01
-1.461579783620000050e+01
-1.478738171700000059e+01
-1.600095119839999924e+01
-1.670601861740000160e+01
-1.708224625660000129e+01
-1.727509652730000056e+01
-1.649427730329999875e+01
-1.687930896660000002e+01
-1.755613062970000016e+01
-1.843721613190000141e+01
-1.955087480610000128e+01
-2.091978588599999966e+01
-2.077661808139999877e+01
-2.170213902409999918e+01
-2.086220115600000113e+01
-1.961121816580000043e+01
-1.836309075690000014e+01
-1.753367597389999943e+01
-1.730692099710000065e+01
-1.586394094149999923e+01
-1.624129148820000168e+01
-1.593452438919999992e+01
-1.584174057569999938e+01
-1.779567530919999996e+01
-1.732691978849999970e+01
-1.620666084120000150e+01
-1.472700664769999968e+01
-1.311627305250000042e+01
-1.336318005220000060e+01
-1.343171234779999956e+01
-1.608994873059999975e+01
-1.753944457229999898e+01
-2.084563291979999988e+01
-2.570297977139999901e+01
-2.584176074679999857e+01
-2.399778491700000060e+01
-1.956364868309999849e+01
-1.994699005049999840e+01
-1.726367546070000003e+01
-1.743385074780000110e+01
-1.542404244609999964e+01
-1.570423144459999953e+01
-1.685028416069999935e+01
-1.564404090100000033e+01
-1.888543344949999891e+01
-1.919159982349999893e+01
-1.623799359990000113e+01
-1.562917084659999922e+01
-1.313797351250000034e+01
-1.291323718579999991e+01
-1.344322761879999995e+01
-1.399373523989999946e+01
-1.804214818590000036e+01
-1.791608471620000032e+01
-1.791669432180000143e+01
-1.861962295109999843e+01
-1.655752180620000047e+01
-2.080009678360000080e+01
-2.012461549080000012e+01
-2.158648175249999923e+01
-1.841069975779999979e+01
-1.928787300169999952e+01
-1.716415535699999850e+01
-1.678335353880000014e+01
-1.847897675020000108e+01
-1.633002171880000120e+01
-1.670439109280000167e+01
-1.647000293429999829e+01
-1.428086829599999952e+01
-1.398867008270000056e+01
-1.299271991680000049e+01
-1.370055717430000009e+01
-1.643412593049999870e+01
-1.736457759370000176e+01
-1.701534000859999907e+01
-1.623182689429999925e+01
-1.471926329499999930e+01
-1.404514416359999984e+01
-1.542697622280000047e+01
-1.811605221099999952e+01
-1.981579617199999888e+01
-2.604855120399999890e+01
-4.422546456500000289e+01
-3.239793766620000071e+01
-2.752771626070000011e+01
-2.049173147679999829e+01
-1.695792623239999841e+01
-1.611831675650000051e+01
-1.575702320239999921e+01
-1.277279645289999976e+01
-1.315217289889999996e+01
-1.319810533939999964e+01
-1.206781748579999913e+01
-1.554212457919999935e+01
-1.651248682969999848e+01
-1.611855665850000108e+01
-1.672699324019999878e+01
-1.312362373360000056e+01
-1.258830616300000038e+01
-1.460718002029999951e+01
-1.462845113020000021e+01
-2.015903115680000113e+01
-1.836459701780000131e+01
-1.689747084089999873e+01
-2.160047030879999852e+01
-1.951195948839999872e+01
-4.025128035000000182e+01
-2.279340156310000154e+01
-2.217717426020000104e+01
-1.536194369849999930e+01
-1.674495836479999866e+01
-1.305355332399999924e+01
-1.239578502640000046e+01
-1.361819655679999919e+01
-1.251681290510000011e+01
