-3.336562211089999863e+01
-3.604619986760000216e+01
-3.209339030369999790e+01
-3.885366264710000195e+01
-2.826397099660000123e+01
-3.174463204410000117e+01
-3.123531542759999979e+01
-3.031411132050000035e+01
-2.998940118319999826e+01
-2.882618631549999932e+01
-3.651424931569999899e+01
-3.298636997709999719e+01
-3.557679552300000125e+01
-2.981419773600000056e+01
-3.267596970240000331e+01
-3.133885726200000121e+01
-2.675536042890000132e+01
-2.949040113150000053e+01
-3.339509249200000340e+01
-2.975675341479999858e+01
-3.574940086440000186e+01
-3.230070502179999892e+01
-3.167039466649999824e+01
-3.176675792549999855e+01
-3.297941326990000022e+01
-3.396717182700000137e+01
-2.887321711390000090e+01
-3.352342284859999921e+01
-2.972183387629999984e+01
-2.773436633640000082e+01
-3.416557268649999912e+01
-2.637553960889999871e+01
-3.092192016730000148e+01
-2.927358676469999921e+01
-3.327729872359999774e+01
-3.026208435279999875e+01
-3.285246206480000097e+01
-3.121009614189999937e+01
-2.705844800470000067e+01
-3.430300932250000301e+01
-2.867955741269999947e+01
-3.070684618230000140e+01
-2.946789441539999999e+01
-3.346839406450000354e+01
-3.507097390599999898e+01
-2.927667614239999949e+01
-3.082466768080000108e+01
-3.568601127619999858e+01
-3.341742680139999777e+01
-3.096427731609999867e+01
-2.984668992670000165e+01
-3.198861538239999902e+01
-3.468400796619999937e+01
-4.454001306279999994e+01
-2.712127011009999933e+01
-2.860931645619999841e+01
-3.145245764330000071e+01
-2.913053296460000041e+01
-3.762612987499999662e+01
-3.204449749639999823e+01
-3.000642892649999993e+01
-3.232854663519999860e+01
-3.153087517390000016e+01
-3.080708796940000127e+01
-3.298618072469999873e+01
-2.889617027619999945e+01
-3.518714719169999938e+01
-3.118549615190000068e+01
-3.355704742940000074e+01
-2.913373224709999931e+01
-3.679807118219999751e+01
-3.258189370499999882e+01
-2.943558493960000177e+01
-2.801775451860000032e+01
-3.203473095919999736e+01
-2.889831936279999880e+01
-3.014888365859999908e+01
-2.938118297660000167e+01
-2.894919464239999840e+01
-2.845147529959999844e+01
-2.990703304750000058e+01
-2.950243129560000099e+01
-2.955584724479999892e+01
-2.892624298750000023e+01
-3.236243662689999923e+01
-3.168472754309999928e+01
-2.969773764889999867e+01
-2.735671607280000117e+01
-2.849021260940000033e+01
-3.202698379760000336e+01
-2.980552359940000073e+01
-3.002671071259999991e+01
-3.296843074209999713e+01
-2.516493961349999964e+01
-3.182207328369999999e+01
-2.890287454179999926e+01
-2.820407239729999915e+01
-2.600079319050000137e+01
-2.702920022079999995e+01
-2.777374413069999903e+01
-2.587937190910000140e+01
-3.016653532819999839e+01
-2.753462340440000133e+01
-2.871131612210000128e+01
-2.660705920179999850e+01
-2.749337485350000065e+01
-2.657311826289999956e+01
-2.722248823050000155e+01
-2.831420427389999972e+01
-2.718040030150000064e+01
-2.967921995289999870e+01
-2.508018063540000142e+01
-2.863737614320000091e+01
-2.597233356270000115e+01
-2.526897901079999897e+01
-2.631562652459999896e+01
-2.513237594630000160e+01
-2.888981429109999866e+01
-2.995509763100000100e+01
-2.655177049230000108e+01
-2.652586191460000009e+01
-2.990145865370000067e+01
-2.676720057820000065e+01
-2.701485845439999878e+01
-2.884751757620000134e+01
-2.644673924050000124e+01
-2.532033056950000116e+01
-2.644077245249999919e+01
-2.812080355819999866e+01
-2.604369657439999841e+01
-2.869149367589999855e+01
-2.836355688720000146e+01
-2.539981179979999837e+01
-2.696127647420000173e+01
-2.602725557409999979e+01
-2.694155122560000137e+01
-2.980857165919999829e+01
-2.666771781710000155e+01
-2.768032853229999901e+01
-2.836417353499999905e+01
-2.645863026059999967e+01
-2.599984742810000071e+01
-2.419802378259999998e+01
-2.662203668680000135e+01
-2.596088071910000039e+01
-2.609449763550000156e+01
-2.559771105369999944e+01
-2.502143010269999834e+01
-3.043799122320000095e+01
-2.839181514750000090e+01
-2.399258488379999932e+01
-2.590126311999999942e+01
-2.650866716790000055e+01
-2.622510782630000037e+01
-2.667839509350000071e+01
-2.376602571529999963e+01
-2.613726102149999875e+01
-2.473490337069999967e+01
-2.386163721409999994e+01
-2.544778666270000045e+01
-2.558529568430000012e+01
-2.565277563400000105e+01
-2.462878224079999967e+01
-2.680197428039999963e+01
-2.469518180129999863e+01
-2.603454850259999986e+01
-2.582626277869999853e+01
-2.445813770879999893e+01
-2.646091610339999889e+01
-2.341944235929999962e+01
-2.621724724039999899e+01
-2.307962085750000014e+01
-2.366262965969999854e+01
-2.367992018030000168e+01
-2.585973129050000097e+01
-2.325377487589999959e+01
-2.263690102280000005e+01
-2.342689858929999858e+01
-2.074291761259999944e+01
-2.243792000659999886e+01
-2.411599246600000157e+01
-2.236953002339999941e+01
-2.357420414290000110e+01
-2.378461080179999954e+01
-2.335315570770000093e+01
-2.469619756199999827e+01
-2.408262622950000065e+01
-2.339190366980000135e+01
-2.371728316160000105e+01
-2.381882537359999930e+01
-2.250232670249999956e+01
-2.337463966119999981e+01
-2.341496873070000007e+01
-2.319451048559999862e+01
-2.363746786389999954e+01
-2.394954608829999998e+01
-2.168575491020000001e+01
-2.396837264199999851e+01
-2.427615469159999861e+01
-2.268900808409999925e+01
-2.132195484660000062e+01
-2.228871263330000119e+01
-2.431069573830000152e+01
-2.183963383680000092e+01
-2.200346619990000008e+01
-2.184325027159999877e+01
-2.297060645879999896e+01
-2.296481002049999987e+01
-2.358984385700000175e+01
-2.140932391990000028e+01
-2.252247281680000057e+01
-2.263031202310000012e+01
-2.184135270459999845e+01
-2.258049562669999943e+01
-2.157761845550000146e+01
-2.134843252059999941e+01
-2.213651848299999969e+01
-2.140532828259999931e+01
-2.134791256429999962e+01
-2.146099614459999927e+01
-2.179660771560000043e+01
-2.144956135190000168e+01
-2.104299993980000139e+01
-2.270364870970000126e+01
-2.183466030119999957e+01
-2.176164605399999985e+01
-2.127012304959999867e+01
-2.370062541669999945e+01
-2.171109600759999836e+01
-2.211452857949999995e+01
-1.975100258419999832e+01
-2.228509769529999929e+01
-2.109121100320000153e+01
-2.180833351360000094e+01
-2.075844886000000145e+01
-2.097227016989999981e+01
-2.161799716390000015e+01
-2.277510221649999878e+01
-2.143630904220000133e+01
-2.063047936559999940e+01
-2.038396524310000046e+01
-2.153465688920000076e+01
-2.091567255249999846e+01
-2.079887277239999932e+01
-2.032517932849999909e+01
-1.948831316669999936e+01
-1.999464284180000107e+01
-1.909355825009999919e+01
-2.057089861469999903e+01
-1.981557758199999952e+01
-2.110666681980000092e+01
-2.137144453830000046e+01
-1.959292340580000058e+01
-2.121495116419999860e+01
-1.967984239089999932e+01
-1.980900961669999916e+01
-1.958107271629999957e+01
-2.025367373410000127e+01
-2.028453098170000146e+01
-1.902022734090000000e+01
-2.015959963530000110e+01
-2.069252549340000158e+01
-1.896837014899999829e+01
-1.925362446899999824e+01
-1.838320268689999892e+01
-1.817726685950000132e+01
-1.861035804269999971e+01
-2.068027816349999881e+01
-1.945573460829999846e+01
-1.851233589130000112e+01
-1.903213393160000066e+01
-1.843533811420000035e+01
-1.783827714839999956e+01
-1.872364505570000048e+01
-1.902184342829999864e+01
-1.989725308299999895e+01
-1.859025583720000085e+01
-1.801790515089999900e+01
-1.899304579820000072e+01
-1.765654910099999952e+01
-1.760609071589999886e+01
-1.841015841049999935e+01
-1.810474819870000118e+01
-1.781183388930000078e+01
-1.782339401999999851e+01
-1.814383326320000123e+01
-1.789560068560000161e+01
-1.755220424779999888e+01
-1.771085160790000046e+01
-1.816277280419999940e+01
-1.829336436159999835e+01
-1.792337644790000084e+01
-1.750739829260000135e+01
-1.790691779830000030e+01
-1.742891153240000079e+01
-1.611404897630000121e+01
-1.577987800180000022e+01
-1.658611044250000077e+01
-1.621005535189999947e+01
-1.563383434810000061e+01
-1.616801274370000030e+01
-1.679415817699999991e+01
-1.665768007189999977e+01
-1.669982255060000043e+01
-1.668374179899999987e+01
-1.557701090680000000e+01
-1.602650179500000149e+01
-1.658310319770000163e+01
-1.690094698860000122e+01
-1.560836083370000082e+01
-1.617141480129999920e+01
-1.620239585099999857e+01
-1.671533426199999894e+01
-1.573315950299999955e+01
-1.549652177289999955e+01
-1.600545820480000003e+01
-1.515622067750000035e+01
-1.550658209760000084e+01
-1.510039665799999931e+01
-1.553031992290000041e+01
-1.541595962010000065e+01
-1.487506446449999942e+01
-1.496259179039999943e+01
-1.548402931050000042e+01
-1.460763085830000030e+01
-1.432472613999999922e+01
-1.486398814780000066e+01
-1.464003229240000081e+01
-1.448667764290000015e+01
-1.472702043439999997e+01
-1.399321590059999920e+01
-1.406189588189999995e+01
-1.427992239169999955e+01
-1.405141654360000025e+01
-1.390672586690000045e+01
-1.404757226769999967e+01
-1.417399177899999962e+01
-1.384774754600000080e+01
-1.344468518949999947e+01
-1.306626735000000039e+01
-1.360027799270000060e+01
-1.308913329319999974e+01
-1.312438947709999937e+01
-1.319291991300000078e+01
-1.346374472439999970e+01
-1.283566310159999979e+01
-1.292764846809999923e+01
-1.265166159250000000e+01
-1.240260463919999978e+01
-1.258998387519999973e+01
-1.210191183929999958e+01
-1.253227227650000053e+01
-1.255623763810000071e+01
-1.191526705449999923e+01
-1.200084336870000001e+01
-1.186260751040000017e+01
-1.198018359559999979e+01
-1.148054983819999997e+01
-1.199393058020000069e+01
-1.080296272580000050e+01
-1.126927366720000023e+01
-1.084981877260000083e+01
-1.141644093270000049e+01
-1.131572704320000078e+01
-1.073740746350000030e+01
-1.101672480889999939e+01
-1.069144253730000038e+01
-1.071617800079999938e+01
-1.055768015479999988e+01
-1.003479938669999960e+01
-9.998757999800000462e+00
-1.016048096879999996e+01
-9.958850271950000277e+00
-9.799256270320000795e+00
-9.994457867179999511e+00
-9.606684743269999771e+00
-9.303509565369999734e+00
-9.348960073140000659e+00
-9.708397358730000093e+00
-8.790721184289999712e+00
-9.213639009559999593e+00
-9.011786437730000543e+00
-8.665299740349999169e+00
-8.705587439309999453e+00
-8.881185469349999195e+00
-8.552918902280000069e+00
-8.511850029210000557e+00
-8.285789219970000730e+00
-8.026256237269999261e+00
-8.167922397059999895e+00
-7.792319845939999823e+00
-7.831566328060000082e+00
-7.308870826679999766e+00
-7.661083480240000299e+00
-7.158986996740000386e+00
-7.093858449589999893e+00
-7.241084522230000431e+00
-6.953706517249999663e+00
-7.230309701800000433e+00
-7.049964851959999557e+00
-6.608689377810000209e+00
-6.834372232529999813e+00
-6.472405542129999745e+00
-6.734269585749999898e+00
-6.408019652240000141e+00
-6.412923819399999559e+00
-6.445892453559999957e+00
-6.294560169310000397e+00
-6.301722761169999742e+00
-6.549559518159999705e+00
-6.277696130109999828e+00
-6.118454437069999585e+00
-6.278001166770000196e+00
-6.507916840940000114e+00
-6.227738092070000064e+00
-6.223487289570000414e+00
-6.251577639789999807e+00
-6.309252028699999570e+00
-6.216248828400000370e+00
-6.577901022889999894e+00
-6.601220064509999652e+00
-6.457975268600000263e+00
-6.539943647870000376e+00
-6.572210391059999601e+00
-6.631095170020000040e+00
-6.577730508520000186e+00
-6.911995787110000400e+00
-6.854542490030000046e+00
-6.859610710700000169e+00
-7.193352569169999988e+00
-7.027132346350000169e+00
-7.049918598389999680e+00
-7.556269983339999996e+00
-7.665122267550000146e+00
-7.776318385169999736e+00
-8.074629926269999203e+00
-8.166392174129999404e+00
-8.160815156159999972e+00
-8.104376295059999791e+00
-8.357298091669999707e+00
-8.650503113859999260e+00
-8.601770827970000255e+00
-8.540823651400000216e+00
-8.736795044009999955e+00
-8.966887200149999515e+00
-8.948065547549999721e+00
-9.368757592799999756e+00
-9.391383985490000086e+00
-9.625597407909999959e+00
-9.598070804460000716e+00
-9.564154190449999149e+00
-1.001954436059999942e+01
-1.009694353439999936e+01
-1.010114092629999938e+01
-1.025807174000000010e+01
-1.008673190800000086e+01
-1.063799855219999912e+01
-1.104678296940000060e+01
-1.097094494459999936e+01
-1.086999231619999939e+01
-1.167470083629999955e+01
-1.070220332889999959e+01
-1.144408043820000032e+01
-1.142383929989999913e+01
-1.151602686800000086e+01
-1.109550166440000041e+01
-1.218456697050000059e+01
-1.158408980059999926e+01
-1.212212906599999940e+01
-1.200689805620000072e+01
-1.225553091039999920e+01
-1.266158583800000059e+01
-1.278773194919999945e+01
-1.216835525249999961e+01
-1.310247488509999947e+01
-1.298710858759999986e+01
-1.353304493499999950e+01
-1.317243102049999948e+01
-1.322679659609999980e+01
-1.321530577050000055e+01
-1.349736501009999934e+01
-1.338479044960000053e+01
-1.351073132870000038e+01
-1.301467658079999978e+01
-1.398365487749999936e+01
-1.383630080820000074e+01
-1.387031721379999993e+01
-1.397330676720000042e+01
-1.411645081520000033e+01
-1.473602019309999989e+01
-1.434763543859999935e+01
-1.426208003089999998e+01
-1.407582036290000005e+01
-1.499441294340000042e+01
-1.478219553239999939e+01
-1.452530338869999937e+01
-1.542847976810000077e+01
-1.570633530009999923e+01
-1.493481849980000042e+01
-1.498728343259999995e+01
-1.574210926519999987e+01
-1.543832409290000030e+01
-1.575906768449999973e+01
-1.621848209539999885e+01
-1.629472444789999841e+01
-1.656382489379999967e+01
-1.569885926809999965e+01
-1.643723947060000157e+01
-1.631889228569999872e+01
-1.668827362809999926e+01
-1.636458272819999848e+01
-1.713258592440000072e+01
-1.701819599559999929e+01
-1.594377958429999964e+01
-1.630287793420000142e+01
-1.658479114260000031e+01
-1.657127346080000052e+01
-1.685737585360000068e+01
-1.730266263620000089e+01
-1.748715007110000030e+01
-1.816168170930000159e+01
-1.736980417110000019e+01
-1.777853746659999956e+01
-1.761349066169999844e+01
-1.770201083330000102e+01
-1.730026500099999964e+01
-1.773462152580000151e+01
-1.748825020159999966e+01
-1.772312246230000099e+01
-1.784122795520000082e+01
-1.706735910829999980e+01
-1.822520560899999964e+01
-1.865315547959999876e+01
-1.804241258440000095e+01
-1.889117963600000039e+01
-1.846802974590000090e+01
-1.880672608840000137e+01
-1.796461384350000046e+01
-1.893939233240000064e+01
-1.811946641769999999e+01
-1.864086885500000079e+01
-1.778059769900000120e+01
-1.962256204970000084e+01
-1.790865672440000012e+01
-2.017253374830000112e+01
-1.967996591540000040e+01
-2.069944875850000088e+01
-2.016703443149999941e+01
-1.993082073429999923e+01
-1.840284870389999838e+01
-1.995556948089999949e+01
-1.949727821280000128e+01
-2.074174880079999994e+01
-2.058160528060000161e+01
-1.895122032020000091e+01
-2.062131081749999950e+01
-1.989565691299999983e+01
-1.912348353200000162e+01
-2.007652010119999986e+01
-1.991102482930000050e+01
-2.037554979529999954e+01
-2.078099201090000037e+01
-1.983171041070000129e+01
-2.036716465470000159e+01
-2.108466622659999956e+01
-2.047816137830000116e+01
-2.002884980460000008e+01
-2.086070717899999849e+01
-2.102908715259999894e+01
-2.158883818820000045e+01
-2.154190243360000068e+01
-2.080542325789999936e+01
-2.037427685549999978e+01
-2.119966630049999878e+01
-2.073308007589999846e+01
-2.275146264250000172e+01
-2.141595463659999865e+01
-2.221281031459999866e+01
-2.112679205719999942e+01
-2.160981282639999890e+01
-2.061749424350000126e+01
-2.026303828609999869e+01
-2.231995131289999890e+01
-2.103039362810000057e+01
-2.098131875740000041e+01
-2.293086224569999843e+01
-2.082325678759999832e+01
-2.278126412219999963e+01
-2.328188720050000171e+01
-2.203822537949999827e+01
-2.222289483320000159e+01
-2.099383558450000109e+01
-2.297643226779999992e+01
-2.286353197120000047e+01
-2.143662747289999970e+01
-2.301198788030000131e+01
-2.191372436740000040e+01
-2.225318739109999910e+01
-2.148516270389999860e+01
-2.242858622469999830e+01
-2.232873972180000166e+01
-2.129254090959999957e+01
-2.437791927419999993e+01
-2.183859847600000137e+01
-2.198441122890000088e+01
-2.291976044740000162e+01
-2.327172486430000120e+01
-2.264354539700000046e+01
-2.223471562610000163e+01
-2.191990695490000007e+01
-2.279375337769999987e+01
-2.245321743410000082e+01
-2.031658867169999994e+01
-2.345137289999999908e+01
-2.264312893900000034e+01
-2.296124202780000090e+01
-2.393138363250000111e+01
-2.473004003659999839e+01
-2.356143117870000125e+01
-2.215935861000000173e+01
-2.489175524550000063e+01
-2.275737604260000069e+01
-2.298212177479999951e+01
-2.587033382910000157e+01
-2.430379110859999869e+01
-2.399847476080000064e+01
-2.368147493020000027e+01
-2.546169960350000139e+01
-2.503577608109999986e+01
-2.463921004379999857e+01
-2.312976726140000139e+01
-2.301563870780000087e+01
-2.478126818619999838e+01
-2.365060303359999949e+01
-2.254119242539999846e+01
-2.387402932839999892e+01
-2.280767933359999944e+01
-2.255338753559999887e+01
-2.392229518490000117e+01
-2.364753571669999843e+01
-2.547785768059999967e+01
-2.445587911419999827e+01
-2.452322279550000061e+01
-2.462303150259999995e+01
-2.382275639410000068e+01
-2.232963692199999883e+01
-2.410159234480000023e+01
-2.329911232099999907e+01
-2.514514486639999902e+01
-2.476087075979999952e+01
-2.526701057800000072e+01
-2.743044567420000135e+01
-2.311229771029999824e+01
-2.606061222159999957e+01
-2.656625136419999933e+01
-2.294534144749999882e+01
-2.377238842950000119e+01
-2.509889817199999840e+01
-2.591465933450000136e+01
-2.508700531970000114e+01
-2.659392152639999907e+01
-2.635656626520000145e+01
-2.443645040759999887e+01
-2.436254090459999944e+01
-2.451200572719999826e+01
-2.425438883220000008e+01
-2.363686862739999839e+01
-2.756149331299999972e+01
-2.578049274460000007e+01
-2.412143925020000168e+01
-2.655400659429999877e+01
-2.608301955780000014e+01
-2.529356665390000103e+01
-2.778737353400000032e+01
-2.633775462050000016e+01
-2.587864072780000058e+01
-2.592934647539999915e+01
-2.505487465419999893e+01
-2.369675241699999901e+01
-2.779303703489999933e+01
-2.470866744159999939e+01
-2.451368653629999983e+01
-2.629661546699999874e+01
-2.727771755059999848e+01
-2.656845758669999924e+01
-2.778317478490000170e+01
-2.730838823279999872e+01
-2.572550021320000013e+01
-2.812810008399999973e+01
-2.718041073450000056e+01
-2.717683693220000052e+01
-2.788312888369999953e+01
-2.662933087929999942e+01
-2.657081402760000088e+01
-2.577885327219999922e+01
-2.981548727310000046e+01
-2.528861065830000143e+01
-2.648368397679999831e+01
-2.696905455370000126e+01
-2.782147389620000055e+01
-2.505471181580000106e+01
-2.697860008829999856e+01
-2.688157763070000073e+01
-2.850470405540000129e+01
-2.983492954990000001e+01
-2.908814576449999834e+01
-2.662310037929999851e+01
-2.413620388760000068e+01
-2.711803571480000130e+01
-2.586682475070000109e+01
-3.296241475080000072e+01
-2.535374509000000032e+01
-2.832476874119999977e+01
-2.887115668719999917e+01
-2.975124832490000060e+01
-2.991695376710000076e+01
-2.936709623770000022e+01
-2.734803897480000145e+01
-2.742901327479999907e+01
-2.837842913620000118e+01
-2.625835732919999899e+01
-3.263161051550000025e+01
-2.700343888469999953e+01
-2.709331950609999851e+01
-2.455462362029999923e+01
-2.673867863999999983e+01
-2.622688310290000047e+01
-2.907152732549999996e+01
-2.712206174410000159e+01
-2.557738332410000126e+01
-2.716949598120000076e+01
-2.701742148230000140e+01
-2.698172553430000065e+01
-2.714076959169999981e+01
-2.719546299710000170e+01
-2.813278766150000010e+01
-2.678845631129999916e+01
-2.591104166639999917e+01
-2.493898045639999950e+01
-2.581297560020000148e+01
-3.078112958299999846e+01
-2.818677231310000053e+01
-2.971665600149999875e+01
-2.893381361029999965e+01
-2.930310879649999833e+01
-3.424175876179999989e+01
-2.727958325810000062e+01
-2.854731502279999944e+01
-3.020632936149999992e+01
-3.118322966130000040e+01
-3.026635059839999897e+01
-2.905127295549999999e+01
-2.953437736649999934e+01
-3.115919760610000111e+01
-3.095478140979999893e+01
-2.419503390130000042e+01
-2.510015591490000020e+01
-2.724385406409999888e+01
-2.889925136240000114e+01
-3.148754378199999948e+01
-2.935148353250000142e+01
-2.899006643679999939e+01
-3.177828905300000173e+01
-2.997422953779999943e+01
-2.938042480280000035e+01
-2.749968721420000151e+01
-2.837393899459999957e+01
-2.996799151669999972e+01
-2.918860273210000145e+01
-2.722996312640000127e+01
-3.014167673549999904e+01
-3.155461719439999868e+01
-2.965600104470000176e+01
-2.761334854469999911e+01
-3.131018176290000099e+01
-3.010028229519999954e+01
-2.878716685859999913e+01
-3.094678464149999897e+01
-3.174447127390000034e+01
-3.022229373169999889e+01
-3.245143432950000317e+01
-3.220945234610000085e+01
-3.165996804859999969e+01
-2.857479870330000082e+01
-3.165006827350000052e+01
-3.128467639819999846e+01
-3.098817280209999936e+01
-2.869277597960000037e+01
-3.436493284550000027e+01
-2.682036992029999922e+01
-2.908763496239999924e+01
-2.783567135679999893e+01
-2.842515499019999936e+01
-2.866865884050000091e+01
-2.669659304190000171e+01
-3.082188936029999837e+01
-2.709265463030000021e+01
-2.923253458869999832e+01
-3.257057519520000000e+01
-2.875952571499999877e+01
-2.900823474670000124e+01
