-9.589999999999999636e-01
-8.599999999999999867e-01
-7.798000000000000487e-01
-6.999999999999999556e-01
-6.185000000000000497e-01
-5.597999999999999643e-01
-4.198000000000000065e-01
-2.993000000000000105e-01
-1.990000000000000102e-01
8.213000000000000300e-01
1.000000000000000000e+00
1.118999999999999995e+00
1.262000000000000011e+00
-1.217999999999999972e+00
-1.207999999999999963e+00
-1.197999999999999954e+00
-1.187999999999999945e+00
-1.177999999999999936e+00
-1.167999999999999927e+00
-1.157999999999999918e+00
-1.147999999999999909e+00
-1.137999999999999901e+00
-1.127999999999999892e+00
-1.117999999999999883e+00
-1.107999999999999874e+00
-1.097999999999999865e+00
-1.520000000000000018e+00
-1.518000000000000016e+00
-1.516000000000000014e+00
-1.514000000000000012e+00
-1.512000000000000011e+00
-1.510000000000000009e+00
-1.508000000000000007e+00
-1.506000000000000005e+00
-1.504000000000000004e+00
-1.502000000000000002e+00
-1.500000000000000000e+00
-1.497999999999999998e+00
-1.495999999999999996e+00
-1.493999999999999995e+00
-1.491999999999999993e+00
-1.489999999999999991e+00
-1.487999999999999989e+00
-1.485999999999999988e+00
-1.483999999999999986e+00
-1.481999999999999984e+00
-1.479999999999999982e+00
-1.477999999999999980e+00
-1.475999999999999979e+00
-1.473999999999999977e+00
-1.520000000000000018e+00
-1.518000000000000016e+00
-1.516000000000000014e+00
-1.514000000000000012e+00
-1.512000000000000011e+00
-1.510000000000000009e+00
-1.508000000000000007e+00
-1.506000000000000005e+00
-1.504000000000000004e+00
-1.502000000000000002e+00
-1.500000000000000000e+00
-1.497999999999999998e+00
-1.495999999999999996e+00
-1.493999999999999995e+00
-1.491999999999999993e+00
-1.489999999999999991e+00
-1.487999999999999989e+00
-1.485999999999999988e+00
-1.483999999999999986e+00
-1.481999999999999984e+00
-1.479999999999999982e+00
-1.477999999999999980e+00
-1.475999999999999979e+00
-1.473999999999999977e+00
-1.635999999999999899e+00
-1.633999999999999897e+00
-1.631999999999999895e+00
-1.629999999999999893e+00
-1.627999999999999892e+00
-1.625999999999999890e+00
-1.623999999999999888e+00
-1.621999999999999886e+00
-1.619999999999999885e+00
-1.617999999999999883e+00
-1.615999999999999881e+00
-1.613999999999999879e+00
-1.611999999999999877e+00
-1.609999999999999876e+00
-1.607999999999999874e+00
-1.605999999999999872e+00
-1.603999999999999870e+00
-1.601999999999999869e+00
-1.599999999999999867e+00
-1.597999999999999865e+00
-1.595999999999999863e+00
-1.593999999999999861e+00
-1.591999999999999860e+00
-1.589999999999999858e+00
-1.587999999999999856e+00
-1.585999999999999854e+00
-1.583999999999999853e+00
-1.581999999999999851e+00
-1.579999999999999849e+00
-1.577999999999999847e+00
-1.575999999999999845e+00
-1.573999999999999844e+00
-1.571999999999999842e+00
-1.569999999999999840e+00
-1.567999999999999838e+00
-1.565999999999999837e+00
-1.563999999999999835e+00
-1.561999999999999833e+00
-1.559999999999999831e+00
-1.557999999999999829e+00
-1.555999999999999828e+00
-1.553999999999999826e+00
-1.551999999999999824e+00
-1.549999999999999822e+00
-1.547999999999999821e+00
-1.545999999999999819e+00
-1.543999999999999817e+00
-1.541999999999999815e+00
-1.539999999999999813e+00
-1.537999999999999812e+00
-1.535999999999999810e+00
-1.533999999999999808e+00
-1.531999999999999806e+00
-1.529999999999999805e+00
-1.527999999999999803e+00
-1.525999999999999801e+00
-1.523999999999999799e+00
-1.521999999999999797e+00
-1.519999999999999796e+00
-1.517999999999999794e+00
-2.000000000000000000e+00
-1.997999999999999998e+00
-1.995999999999999996e+00
-1.993999999999999995e+00
-1.991999999999999993e+00
-1.989999999999999991e+00
-1.987999999999999989e+00
-1.985999999999999988e+00
-1.983999999999999986e+00
-1.981999999999999984e+00
-1.979999999999999982e+00
-1.977999999999999980e+00
-1.975999999999999979e+00
-1.973999999999999977e+00
-1.971999999999999975e+00
-1.969999999999999973e+00
-1.967999999999999972e+00
-1.965999999999999970e+00
-1.963999999999999968e+00
-1.961999999999999966e+00
-1.959999999999999964e+00
-1.957999999999999963e+00
-1.955999999999999961e+00
-1.953999999999999959e+00
-1.951999999999999957e+00
-1.949999999999999956e+00
-1.947999999999999954e+00
-1.945999999999999952e+00
-1.943999999999999950e+00
-1.941999999999999948e+00
-1.939999999999999947e+00
-1.937999999999999945e+00
-1.935999999999999943e+00
-1.933999999999999941e+00
-1.931999999999999940e+00
-1.929999999999999938e+00
-1.927999999999999936e+00
-1.925999999999999934e+00
-1.923999999999999932e+00
-1.921999999999999931e+00
-1.919999999999999929e+00
-1.917999999999999927e+00
-1.915999999999999925e+00
-1.913999999999999924e+00
-1.911999999999999922e+00
-1.909999999999999920e+00
-1.907999999999999918e+00
-1.905999999999999917e+00
-1.903999999999999915e+00
-1.901999999999999913e+00
-1.899999999999999911e+00
-1.897999999999999909e+00
-1.895999999999999908e+00
-1.893999999999999906e+00
-1.891999999999999904e+00
-1.889999999999999902e+00
-1.887999999999999901e+00
-1.885999999999999899e+00
-1.883999999999999897e+00
-1.881999999999999895e+00
-1.879999999999999893e+00
-1.877999999999999892e+00
-1.875999999999999890e+00
-1.873999999999999888e+00
-1.871999999999999886e+00
-1.869999999999999885e+00
-1.867999999999999883e+00
-1.865999999999999881e+00
-1.863999999999999879e+00
-1.861999999999999877e+00
-1.859999999999999876e+00
-1.857999999999999874e+00
-1.855999999999999872e+00
-1.853999999999999870e+00
-1.851999999999999869e+00
-1.849999999999999867e+00
-1.847999999999999865e+00
-1.845999999999999863e+00
-1.843999999999999861e+00
-1.841999999999999860e+00
-1.839999999999999858e+00
-1.837999999999999856e+00
-1.835999999999999854e+00
-1.833999999999999853e+00
-1.831999999999999851e+00
-1.829999999999999849e+00
-1.827999999999999847e+00
-1.825999999999999845e+00
-1.823999999999999844e+00
-1.821999999999999842e+00
-1.819999999999999840e+00
-1.817999999999999838e+00
-1.815999999999999837e+00
-1.813999999999999835e+00
-1.811999999999999833e+00
-1.809999999999999831e+00
-1.807999999999999829e+00
-1.805999999999999828e+00
-1.803999999999999826e+00
-1.801999999999999824e+00
-1.799999999999999822e+00
-1.797999999999999821e+00
-1.795999999999999819e+00
-1.793999999999999817e+00
-1.791999999999999815e+00
-1.789999999999999813e+00
-1.787999999999999812e+00
-1.785999999999999810e+00
-1.783999999999999808e+00
-1.781999999999999806e+00
-1.779999999999999805e+00
-1.777999999999999803e+00
-1.775999999999999801e+00
-1.773999999999999799e+00
-1.771999999999999797e+00
-1.769999999999999796e+00
-1.767999999999999794e+00
-1.765999999999999792e+00
-1.763999999999999790e+00
-1.761999999999999789e+00
-1.759999999999999787e+00
-1.757999999999999785e+00
-1.755999999999999783e+00
-1.753999999999999782e+00
-1.751999999999999780e+00
-1.749999999999999778e+00
-1.747999999999999776e+00
-1.745999999999999774e+00
-1.743999999999999773e+00
-1.741999999999999771e+00
-1.739999999999999769e+00
-1.737999999999999767e+00
-1.735999999999999766e+00
-1.733999999999999764e+00
-1.731999999999999762e+00
-1.729999999999999760e+00
-1.727999999999999758e+00
-1.725999999999999757e+00
-1.723999999999999755e+00
-1.721999999999999753e+00
-1.719999999999999751e+00
-1.717999999999999750e+00
-1.715999999999999748e+00
-1.713999999999999746e+00
-1.711999999999999744e+00
-1.709999999999999742e+00
-1.707999999999999741e+00
-1.705999999999999739e+00
-1.703999999999999737e+00
-1.701999999999999735e+00
-1.699999999999999734e+00
-1.697999999999999732e+00
-1.695999999999999730e+00
-1.693999999999999728e+00
-1.691999999999999726e+00
-1.689999999999999725e+00
-1.687999999999999723e+00
-1.685999999999999721e+00
-1.683999999999999719e+00
-1.681999999999999718e+00
-1.679999999999999716e+00
-1.677999999999999714e+00
-1.675999999999999712e+00
-1.673999999999999710e+00
-1.671999999999999709e+00
-1.669999999999999707e+00
-1.667999999999999705e+00
-1.665999999999999703e+00
-1.663999999999999702e+00
-1.661999999999999700e+00
-1.659999999999999698e+00
-1.657999999999999696e+00
-1.655999999999999694e+00
-1.653999999999999693e+00
-1.651999999999999691e+00
-1.649999999999999689e+00
-1.647999999999999687e+00
-1.645999999999999686e+00
-1.643999999999999684e+00
-1.641999999999999682e+00
-1.639999999999999680e+00
-1.637999999999999678e+00
