-3.002547838939999991e+01
-2.412216148899999979e+01
-6.769621435840000423e+00
1.951403002649999996e+00
7.244537252929999838e+00
1.089671524719999951e+01
1.357000188910000027e+01
1.568514566560000034e+01
1.722206891220000102e+01
1.848774045060000049e+01
1.936883765540000013e+01
2.010950078240000138e+01
2.061489873449999877e+01
2.116108330919999858e+01
2.146311916559999844e+01
2.191751438089999837e+01
2.207456103000000169e+01
2.228315714169999850e+01
2.224053920420000097e+01
2.231983427629999994e+01
2.213220256680000020e+01
2.213263724899999829e+01
2.192608415999999849e+01
2.188221370830000012e+01
2.163006640980000128e+01
2.160249964020000135e+01
2.136238359489999894e+01
2.129722549839999957e+01
2.108345711759999830e+01
2.099608436830000002e+01
2.078232570149999958e+01
2.070567593730000056e+01
2.046706698339999875e+01
2.031850818290000049e+01
2.001191890160000142e+01
1.978502413809999894e+01
1.939905433290000047e+01
1.910873745219999975e+01
1.872369633219999940e+01
1.840303046209999849e+01
1.801280237730000167e+01
1.766068171199999881e+01
1.718885960909999966e+01
1.671461608659999953e+01
1.619996792799999952e+01
1.563341326069999937e+01
1.502903809909999922e+01
1.443677551739999920e+01
1.378378520459999912e+01
1.313302166229999912e+01
1.244171100039999978e+01
1.169290996730000032e+01
1.094790065239999954e+01
1.019793696500000024e+01
9.508189775920000031e+00
8.815488394300000863e+00
8.248078366110000559e+00
7.632250294850000394e+00
7.123516987870000428e+00
6.682549876919999576e+00
6.315247414779999957e+00
6.092571630760000190e+00
6.024760828609999841e+00
6.132922035890000068e+00
6.355162853170000403e+00
6.767036292750000293e+00
7.213178593640000358e+00
7.809358073230000308e+00
8.372355257009999718e+00
8.975985441709999790e+00
9.531740876780000704e+00
1.015632441300000011e+01
1.063064712219999919e+01
1.113876784530000030e+01
1.152617451649999936e+01
1.193582900250000023e+01
1.224523037360000011e+01
1.263684085679999924e+01
1.293159446219999964e+01
1.331891245379999944e+01
1.363894468860000053e+01
1.402457657140000080e+01
1.435929769670000056e+01
1.465743675779999933e+01
1.496676890990000075e+01
1.523052069260000074e+01
1.543738127409999983e+01
1.567654384279999924e+01
1.587069251259999980e+01
1.605172687299999978e+01
1.628058402350000122e+01
1.644857497370000132e+01
1.669822456869999883e+01
1.687629915650000001e+01
1.721957398369999837e+01
1.741295360490000022e+01
1.778934947850000015e+01
1.800665817439999827e+01
1.839362759699999827e+01
1.851748745180000100e+01
1.889285918659999908e+01
1.894891386629999985e+01
1.928046849949999952e+01
1.929855483189999887e+01
1.964210576589999846e+01
1.964174297659999979e+01
1.995044395980000118e+01
1.993048255929999968e+01
2.026744198469999958e+01
2.027054399460000056e+01
2.060749214870000046e+01
2.068958589520000046e+01
2.100148699229999849e+01
2.108978954650000048e+01
2.134341896349999956e+01
2.138479688880000040e+01
2.153073010969999856e+01
2.150200298169999868e+01
2.166208528470000161e+01
2.163798928790000176e+01
2.183846623020000166e+01
2.188005311679999920e+01
2.217301732949999860e+01
2.221695808029999952e+01
2.251144810210000102e+01
2.258418755779999998e+01
2.283808422570000118e+01
2.289480471619999946e+01
2.316533482619999873e+01
2.321836820340000074e+01
2.350883872100000005e+01
2.355914332709999925e+01
2.381641127609999842e+01
2.388103241059999959e+01
2.415435686500000045e+01
2.421386202829999945e+01
2.452765845149999890e+01
2.467968524659999829e+01
2.493816003079999888e+01
2.504744797809999923e+01
2.524575425920000171e+01
2.527935376829999825e+01
2.539441460049999932e+01
2.533697842810000012e+01
2.546256938679999848e+01
2.542562508239999985e+01
2.561181870229999902e+01
2.559060101000000031e+01
2.583076512570000105e+01
2.581831706339999855e+01
2.602520871740000175e+01
2.604781721259999827e+01
2.629612457669999870e+01
2.629190177179999921e+01
2.654510975770000059e+01
2.654019822229999903e+01
2.675230000919999895e+01
2.672781292020000166e+01
2.688339833930000111e+01
2.690248938179999882e+01
2.708193040999999823e+01
2.727224792739999870e+01
2.752454979330000029e+01
2.783196820410000072e+01
2.803250809629999907e+01
2.828415707699999970e+01
2.836430745230000028e+01
2.845436093649999876e+01
2.846126441019999831e+01
2.851037162200000097e+01
2.853564212030000036e+01
2.870029467759999875e+01
2.882932078800000042e+01
2.904802140239999986e+01
2.917642485929999907e+01
2.931400535930000117e+01
2.940299420250000040e+01
2.948892821800000164e+01
2.958688317560000058e+01
2.966406626059999851e+01
2.977014327699999896e+01
2.976814867970000122e+01
2.983376282489999909e+01
2.981707308680000068e+01
2.983749448709999896e+01
2.982981192269999937e+01
2.990935535370000053e+01
3.005941693790000002e+01
3.016854607559999835e+01
3.042910474869999859e+01
3.055371073079999888e+01
3.082568304209999965e+01
3.084676815590000132e+01
3.105125594089999908e+01
3.107360334670000057e+01
3.124360901660000067e+01
3.128307837259999857e+01
3.150263387649999913e+01
3.160473396529999945e+01
3.180334831229999892e+01
3.188368959530000168e+01
3.202248508139999927e+01
3.205571592340000109e+01
3.213904293779999932e+01
3.221660079659999809e+01
3.228726072020000259e+01
3.228544233209999703e+01
3.232114080769999731e+01
3.220779858080000224e+01
3.221425714859999800e+01
3.211174582630000174e+01
3.226246435550000058e+01
3.223479440850000088e+01
3.252892638080000154e+01
3.259183979209999649e+01
3.290078912250000087e+01
3.294888566310000044e+01
3.320006223259999700e+01
3.312468944990000352e+01
3.328785867340000237e+01
3.317674680670000242e+01
3.337051322050000124e+01
3.326597960489999650e+01
3.352284373469999679e+01
3.344005047889999815e+01
3.366775442320000167e+01
3.357736133009999691e+01
3.380513684289999787e+01
3.377604906599999879e+01
3.401385178329999803e+01
3.408416804929999699e+01
3.425847889890000175e+01
3.430788810579999648e+01
3.431476987509999788e+01
3.420938902289999817e+01
3.419492971689999905e+01
3.399396225990000175e+01
3.408745220299999801e+01
3.396336550849999725e+01
3.416709968859999691e+01
3.417274270659999758e+01
3.440166418630000322e+01
3.444605938339999796e+01
3.450531694450000231e+01
3.456638993060000331e+01
3.452752151170000161e+01
3.453648746839999717e+01
3.457848024359999783e+01
3.455529258459999653e+01
3.460718832829999769e+01
3.451570299549999987e+01
3.460715668840000347e+01
3.449810712810000268e+01
3.460919115930000345e+01
3.459478476879999675e+01
3.474736581250000000e+01
3.491620083640000161e+01
3.499298140669999668e+01
3.515521708779999699e+01
3.512452693800000247e+01
3.514911226910000153e+01
3.507070363230000254e+01
3.500141173659999794e+01
3.496472529780000116e+01
3.489216185269999926e+01
3.490941435060000231e+01
3.489806789800000075e+01
3.491710072109999885e+01
3.494632660290000103e+01
3.498141580019999708e+01
3.497954160940000179e+01
3.498411099930000034e+01
3.506066497279999794e+01
3.507132325940000328e+01
3.502942987000000130e+01
3.500006579040000076e+01
3.489248646629999939e+01
3.486822525219999847e+01
3.475750525530000345e+01
3.476055997880000348e+01
3.478538285909999672e+01
3.477598683309999927e+01
3.491543601920000128e+01
3.492419804970000285e+01
3.506159294860000131e+01
3.503823994649999918e+01
3.511722226090000021e+01
3.508166641100000049e+01
3.506551438519999664e+01
3.505994076889999889e+01
3.502508204010000270e+01
3.500833337280000279e+01
3.499254852880000044e+01
3.494539126600000145e+01
3.497256514370000247e+01
3.489122097789999799e+01
3.493841645210000024e+01
3.493171404259999946e+01
3.499227562019999738e+01
3.496013961740000298e+01
3.496913203449999941e+01
3.496821065500000003e+01
3.491557594990000268e+01
3.486635073669999940e+01
3.481982541960000077e+01
3.474791448460000254e+01
3.479414528190000055e+01
3.470812158199999686e+01
3.477436727349999757e+01
3.471853561060000004e+01
3.479335881219999749e+01
3.476600502200000165e+01
3.481210529540000209e+01
3.479727595500000348e+01
3.483796529370000172e+01
3.481167252769999720e+01
3.481018819159999822e+01
3.481201566939999736e+01
3.478222118789999939e+01
3.477445745410000200e+01
3.477368162820000208e+01
3.468705292239999949e+01
3.472898934039999830e+01
3.468388511469999713e+01
3.471077494909999928e+01
3.470866096030000136e+01
3.469239933560000111e+01
3.471628260029999780e+01
3.468039189000000277e+01
3.469550282250000350e+01
3.468836583560000264e+01
3.463315578009999740e+01
3.470767387179999730e+01
3.458085435320000300e+01
3.463621985630000211e+01
3.457968695870000175e+01
3.460940922150000176e+01
3.455980196609999666e+01
3.457413283700000051e+01
3.454927716720000319e+01
3.457978315670000313e+01
3.456482061759999880e+01
3.456041328959999959e+01
3.455271257479999747e+01
3.454898303910000124e+01
3.452584779490000244e+01
3.454057856629999890e+01
3.450530004990000066e+01
3.450876063799999827e+01
3.449006113400000118e+01
3.448599627480000152e+01
3.449766034639999646e+01
3.447538227620000129e+01
3.449675994060000050e+01
3.445488062999999812e+01
3.448705324000000161e+01
3.447742001419999980e+01
3.445417540310000248e+01
3.446228846119999645e+01
3.443876200889999950e+01
3.442898851919999714e+01
3.443627289949999692e+01
3.442787800690000211e+01
3.440892443500000297e+01
3.443756213639999686e+01
3.440668860310000099e+01
3.441758026330000320e+01
3.439595943329999983e+01
3.439764603980000146e+01
3.438090407410000182e+01
3.438255650939999697e+01
3.437202819640000229e+01
3.436585116530000050e+01
3.435825390269999957e+01
3.434565703330000019e+01
3.433781831769999826e+01
3.435150366999999960e+01
3.434797940020000340e+01
3.434927841910000268e+01
3.434132720270000050e+01
3.435188200070000164e+01
3.434685146919999710e+01
3.433331693830000120e+01
3.432105993500000096e+01
3.431895696410000340e+01
3.431944826219999811e+01
3.431062686570000153e+01
3.431211555440000183e+01
3.431695377310000339e+01
3.433439597089999751e+01
3.430737798860000254e+01
3.429460278399999851e+01
3.429607208440000221e+01
3.426078467530000182e+01
3.428515035760000274e+01
3.425790830910000295e+01
3.426551378679999971e+01
3.428193119059999816e+01
3.425034850120000129e+01
3.426151803550000352e+01
3.427312276920000045e+01
3.425457460519999842e+01
3.427179342449999666e+01
3.424671131550000069e+01
3.427112811779999646e+01
3.424689011849999787e+01
3.424796046170000352e+01
3.426190360039999661e+01
3.424890413970000225e+01
3.425506354670000064e+01
3.423386669530000148e+01
3.425478546650000311e+01
3.424792386640000075e+01
3.426360496990000115e+01
3.423487558379999740e+01
3.424092366520000041e+01
3.423765289130000156e+01
3.423150984899999827e+01
3.422852218959999959e+01
3.419942420280000306e+01
3.416904758590000313e+01
3.416321875890000115e+01
3.415344296709999838e+01
3.416659004339999939e+01
3.417960247959999975e+01
3.417270435700000064e+01
3.422140851120000349e+01
3.421355342129999855e+01
3.420891847250000239e+01
3.422617402400000231e+01
3.420563281380000120e+01
3.421056088520000316e+01
3.418453816889999786e+01
3.419171641949999696e+01
3.420096070419999990e+01
3.419571620119999977e+01
3.417641711830000162e+01
3.415707270829999942e+01
3.414422619949999671e+01
3.416152856699999774e+01
3.416970034860000283e+01
3.418568816930000054e+01
3.421652568289999863e+01
3.420560648829999906e+01
3.421863205159999666e+01
3.419170637479999897e+01
3.413926305540000072e+01
3.413834075860000183e+01
3.410984841999999873e+01
3.408850522710000064e+01
3.411864587449999675e+01
3.409754261329999991e+01
3.414020481250000216e+01
3.408815319020000345e+01
3.411951801640000070e+01
3.417074134100000293e+01
3.413922523990000002e+01
3.419667855769999676e+01
3.416811743000000234e+01
3.416836088630000035e+01
3.414817158230000160e+01
3.409831244720000143e+01
3.407462177189999863e+01
3.399309499019999947e+01
3.398631422649999934e+01
3.400201459289999661e+01
3.399978590319999938e+01
3.405432963690000037e+01
3.408586726370000264e+01
3.416607408419999814e+01
3.415785657219999649e+01
3.417732113619999978e+01
3.414543294189999756e+01
3.411181817450000153e+01
3.410655775469999895e+01
3.400780166220000211e+01
3.410895872460000078e+01
3.399491247160000285e+01
3.404827867689999721e+01
3.399336313620000283e+01
3.400967939089999703e+01
3.406224932920000015e+01
3.405488566230000202e+01
3.412345948229999948e+01
3.413754576480000225e+01
3.414842352809999682e+01
3.414900971130000329e+01
3.406629451650000107e+01
3.402740815490000159e+01
3.393633274740000161e+01
3.387097690590000099e+01
3.385355616369999865e+01
3.386828013950000127e+01
3.391823635760000144e+01
3.395821225830000145e+01
3.404113807920000312e+01
3.402813656099999662e+01
3.407375709099999739e+01
3.406000249139999880e+01
3.406029525259999957e+01
3.409094402969999749e+01
3.402015453469999784e+01
3.412587646589999935e+01
3.400044521929999775e+01
3.401725216669999696e+01
3.394177946269999779e+01
3.390078781900000138e+01
3.387790743130000237e+01
3.389879071659999710e+01
3.394279821450000156e+01
3.403257631870000210e+01
3.407207321949999823e+01
3.412283795839999812e+01
3.410305666819999715e+01
3.407302849940000300e+01
3.397097758999999684e+01
3.392866126850000086e+01
3.385550601300000295e+01
3.383629434910000100e+01
3.387206038250000262e+01
3.378095549369999873e+01
3.389354395590000024e+01
3.376323274309999789e+01
3.386670312390000248e+01
3.381361043719999770e+01
3.382753479130000329e+01
3.400847786570000153e+01
3.393094824149999766e+01
3.412181091749999950e+01
3.404013100249999724e+01
3.404259670180000086e+01
3.400917913220000344e+01
3.389603238429999976e+01
3.386796612679999896e+01
3.384496597020000053e+01
3.384506945180000059e+01
3.396181231639999965e+01
3.399895217630000133e+01
3.405052570059999795e+01
3.407609159630000306e+01
3.403500196089999719e+01
3.401165153310000022e+01
3.401743301650000006e+01
3.395163938249999802e+01
3.392609764419999863e+01
3.398133358959999839e+01
3.371474384049999884e+01
3.391473181189999764e+01
3.356519218310000241e+01
3.370093701180000068e+01
3.359312080290000324e+01
3.365200009029999961e+01
3.378864017050000257e+01
3.383508746990000304e+01
3.397042632849999677e+01
3.404374124760000342e+01
3.398600158890000245e+01
3.398548022540000346e+01
3.390014356849999899e+01
3.385319042209999907e+01
3.385937175979999836e+01
3.385259455239999937e+01
3.388511673880000075e+01
3.394793779409999956e+01
3.390004990669999785e+01
3.397885486469999705e+01
3.391831189660000234e+01
3.388916475789999794e+01
3.395133799420000287e+01
3.394605362840000140e+01
3.396004027059999686e+01
3.405630233800000184e+01
3.384462574909999688e+01
3.393375873240000118e+01
3.367929850489999666e+01
3.370481946369999804e+01
3.359962371200000320e+01
3.364824408009999956e+01
3.368185398370000172e+01
3.378856070060000150e+01
3.376144232419999724e+01
3.383874267680000258e+01
3.374468079119999686e+01
3.373816019830000101e+01
3.369000856459999937e+01
3.366803923719999858e+01
3.369539394320000270e+01
3.379122746190000015e+01
3.370093387490000225e+01
3.385130445970000324e+01
3.364699154689999716e+01
3.370490622269999648e+01
3.358586295389999776e+01
3.360946384870000259e+01
3.364450112539999793e+01
3.373668228420000048e+01
3.377298877260000154e+01
3.391182108760000347e+01
3.379942514540000076e+01
3.387043470399999734e+01
3.368716671770000204e+01
3.369478877979999965e+01
3.359349220219999665e+01
3.360915429250000130e+01
3.355634479670000303e+01
3.359295801060000031e+01
3.351230999010000033e+01
3.342724226290000189e+01
3.339801846369999794e+01
3.325245300960000350e+01
3.334474013359999844e+01
3.333521377750000170e+01
3.341306195650000177e+01
3.354056690379999850e+01
3.345493518010000145e+01
3.351670725879999679e+01
3.336668105790000283e+01
3.326068925700000278e+01
3.325719165049999759e+01
3.315202525969999670e+01
3.327401875340000004e+01
3.331659276460000285e+01
3.341979910149999711e+01
3.345139247040000186e+01
3.347043754900000323e+01
3.339826048700000172e+01
3.341147274850000315e+01
3.338725665519999808e+01
3.340841668550000065e+01
3.343710147179999836e+01
3.344739869139999655e+01
3.328359438209999865e+01
3.332020473210000233e+01
3.292445319619999822e+01
3.312613477690000252e+01
3.275239690469999942e+01
3.303104558249999911e+01
3.293640949150000097e+01
3.315414352389999664e+01
3.322552961840000307e+01
3.320957498170000122e+01
3.320986664149999967e+01
3.311276326830000016e+01
3.299193314579999736e+01
3.296836880810000281e+01
3.292862816969999784e+01
3.302816915359999683e+01
3.300464968739999705e+01
3.309437074819999935e+01
3.293376748170000212e+01
3.301467254210000135e+01
3.282897462369999886e+01
3.299614198329999937e+01
3.302572431349999960e+01
3.314887495549999841e+01
3.329580731339999744e+01
3.325901080340000249e+01
3.317796885559999964e+01
3.310116118479999869e+01
3.266569164439999895e+01
3.285279008269999679e+01
3.236738148879999954e+01
3.278047382249999941e+01
3.250718801560000060e+01
3.285257498349999850e+01
3.268115238259999700e+01
3.282857496380000129e+01
3.269316106450000348e+01
3.268763391640000293e+01
3.263710960809999762e+01
3.266973676960000006e+01
3.268226910180000289e+01
3.265628637999999739e+01
3.253566643119999924e+01
3.243470286630000032e+01
3.211804976250000010e+01
3.209839852870000243e+01
3.188085079509999886e+01
3.199866581450000069e+01
3.214004869539999731e+01
3.227817935209999689e+01
3.257743154319999945e+01
3.256918711290000346e+01
3.249638777700000247e+01
3.246799883170000101e+01
3.211700001380000202e+01
3.225942390619999856e+01
3.183337132180000140e+01
3.206016887549999694e+01
3.172304645919999899e+01
3.184473031010000099e+01
3.152056359239999850e+01
3.153671727980000128e+01
3.133627667149999851e+01
3.139717285089999876e+01
3.144583620950000125e+01
3.147307161129999997e+01
3.155960046619999915e+01
3.143436778850000124e+01
3.123546999619999909e+01
3.091053981199999967e+01
3.054747359770000159e+01
3.033215916580000027e+01
3.017151247350000176e+01
3.010253802960000158e+01
3.037919457919999999e+01
3.032683011729999834e+01
3.071848334830000127e+01
3.065104571999999905e+01
3.072241108569999923e+01
3.074127475930000131e+01
3.063002884269999981e+01
3.069179067279999984e+01
3.050186858229999842e+01
3.051184487189999928e+01
3.014796131099999954e+01
2.993910308739999948e+01
2.960956540289999950e+01
2.936405714429999847e+01
2.932240197189999975e+01
2.917330886890000130e+01
2.928281656340000083e+01
2.925111882650000084e+01
2.917333018229999908e+01
2.902238317140000134e+01
2.870542399429999847e+01
2.830973576450000095e+01
2.793543728119999869e+01
2.753958632819999863e+01
2.749064081850000107e+01
2.708063132530000061e+01
2.731699699460000019e+01
2.698220156640000056e+01
2.719428309219999917e+01
2.703330756920000155e+01
2.720228759729999979e+01
2.719511462530000045e+01
2.730135379440000065e+01
2.740517325829999962e+01
2.724554762709999878e+01
2.721803105780000109e+01
2.683234619719999969e+01
2.660560807390000093e+01
2.633452172140000158e+01
2.598292508970000014e+01
2.595766038860000080e+01
2.569468969449999918e+01
2.567393392239999983e+01
2.563286391209999948e+01
2.548742895250000018e+01
2.542375089529999954e+01
2.502755490119999848e+01
2.484056346610000077e+01
2.444484300190000070e+01
2.416226078289999890e+01
2.391075971560000113e+01
2.353096779939999905e+01
2.336955697109999974e+01
2.294079403350000135e+01
2.281366668349999927e+01
2.252956582590000068e+01
2.249663353709999924e+01
2.238936577719999832e+01
2.239022928540000024e+01
2.241838481339999944e+01
2.237223798549999998e+01
2.240056671589999837e+01
2.216517879530000101e+01
2.203598775120000042e+01
2.175789541130000160e+01
2.144951900770000108e+01
2.130293452880000160e+01
2.106388904139999951e+01
2.088359955510000177e+01
2.082396887630000037e+01
2.065756063519999941e+01
2.063290225249999921e+01
2.032540505440000089e+01
2.025299497600000009e+01
1.993277308769999934e+01
1.980061477690000160e+01
1.937699345869999945e+01
1.917749460399999961e+01
1.886329932230000139e+01
1.856298383929999929e+01
1.820945712019999974e+01
1.786327865069999987e+01
1.748818897860000021e+01
1.710450696330000042e+01
1.689230170969999989e+01
1.671208281470000045e+01
1.651696243039999956e+01
1.653708746850000111e+01
1.637345854930000044e+01
1.633420664590000015e+01
1.608387068940000120e+01
1.594123054369999970e+01
1.570299180199999967e+01
1.543948915640000052e+01
1.518822108260000014e+01
1.509581069490000083e+01
1.483296609179999948e+01
1.466568234170000018e+01
1.441621253269999947e+01
1.421742075400000083e+01
1.387653842739999988e+01
1.370358165360000058e+01
1.343844161220000011e+01
1.327956264870000069e+01
1.305033248450000016e+01
1.287674349539999952e+01
1.257728592700000014e+01
1.219106032850000076e+01
1.172466326159999994e+01
1.121104644150000063e+01
1.071571102110000062e+01
1.027226448929999947e+01
9.865100166779999569e+00
9.691672123909999215e+00
9.412991750990000739e+00
9.074594228380000516e+00
8.856277584340000786e+00
8.489034810330000624e+00
8.235048587250000551e+00
7.867479009450000227e+00
7.693183415050000029e+00
7.393467813670000055e+00
7.147761485360000222e+00
6.840117629829999935e+00
6.463052654100000183e+00
5.835279368590000182e+00
5.230908831849999885e+00
4.577338144839999678e+00
4.066283334989999609e+00
3.705763832720000206e+00
3.393300606880000014e+00
3.208787338090000052e+00
2.841650534619999835e+00
2.536736165349999794e+00
1.795620136309999948e+00
1.074340357689999914e+00
3.099900964980000229e-01
-4.640540227880000090e-01
-1.209618630960000107e+00
-1.892801521210000004e+00
-2.818332251140000189e+00
-4.161678916789999683e+00
-5.333596154860000382e+00
-6.295099824000000233e+00
-7.819316442429999903e+00
-9.059928129830000287e+00
-1.034757562150000076e+01
-1.156394349520000020e+01
-1.154038526020000077e+01
-1.261485175169999984e+01
-1.231956717069999918e+01
-1.168474918110000083e+01
-1.130038094840000085e+01
-1.004148089749999961e+01
-9.506674859389999455e+00
-8.199397456030000697e+00
-6.817563173239999941e+00
-6.092607151080000172e+00
-5.195401068469999828e+00
-3.871029485129999781e+00
-3.348777758080000222e+00
-2.377281714880000063e+00
-2.119097533210000162e+00
-1.337206209699999926e+00
-6.826059205119999751e-01
-1.654722541469999877e-02
4.200480999630000212e-01
7.823191804919999992e-01
9.649524791319999961e-01
1.117295543110000011e+00
9.780535445569999986e-01
1.242000255440000034e+00
1.400113523839999985e+00
1.907543758150000102e+00
2.581447862880000166e+00
3.199244664190000087e+00
3.752108402460000214e+00
4.058788180769999698e+00
4.066151646449999824e+00
4.135490763610000009e+00
4.260488869639999621e+00
4.359152958340000161e+00
4.838400403529999672e+00
5.034214252800000011e+00
5.340881909690000207e+00
5.426972351309999887e+00
5.369306200869999657e+00
5.568104754370000187e+00
5.866084897030000356e+00
5.973038163430000047e+00
6.532453849939999557e+00
7.040970506199999868e+00
7.606424285050000123e+00
7.703239715719999658e+00
7.638998207850000277e+00
7.379354734809999705e+00
7.045102181979999934e+00
7.022049658660000304e+00
7.067467365929999801e+00
7.233293270059999891e+00
7.568862092559999866e+00
7.844633792889999846e+00
8.086881943090000746e+00
8.297883848039999677e+00
8.201120543129999163e+00
8.358751581139999942e+00
8.467930878920000737e+00
8.747322733349999879e+00
9.068792918270000669e+00
9.336029006540000452e+00
9.265844107990000467e+00
9.195268353259999472e+00
8.880227675420000466e+00
8.707809427830000004e+00
8.671345574949999246e+00
8.680753652639999984e+00
9.268949300430000093e+00
9.729200884600000876e+00
1.043989090660000052e+01
1.079423161090000072e+01
1.097242942169999935e+01
1.081118963049999948e+01
1.073994889999999991e+01
1.055843181090000016e+01
1.060587357780000062e+01
1.062872531820000077e+01
1.082018181549999980e+01
1.083009777690000064e+01
1.083471198590000029e+01
1.067498238429999979e+01
1.061957159530000006e+01
1.037801214179999931e+01
1.065111914689999928e+01
1.081967150300000036e+01
1.133215741040000069e+01
1.154857707610000084e+01
1.176560141150000049e+01
1.164751148909999934e+01
1.138027078320000030e+01
1.083379140819999975e+01
1.080501628350000054e+01
1.039057288050000061e+01
1.100288411010000011e+01
1.091062199799999988e+01
1.163468463489999927e+01
1.185248940910000037e+01
1.217806519920000063e+01
1.221498568610000035e+01
1.242373862650000049e+01
1.239308937810000089e+01
1.277839996069999984e+01
1.279846717480000073e+01
1.330553011349999970e+01
1.316676203399999956e+01
1.307415776280000053e+01
1.269947265689999938e+01
1.248988432169999996e+01
1.222821877039999983e+01
1.224920907639999967e+01
1.242900003579999968e+01
1.282466294399999995e+01
1.322654655240000032e+01
1.338053319129999963e+01
1.334086050510000021e+01
1.315663688589999936e+01
1.279792541459999988e+01
1.268246788679999959e+01
1.224899958570000003e+01
1.271637114009999969e+01
1.239686265809999988e+01
1.280681225270000034e+01
1.261764581119999917e+01
1.267897720080000035e+01
1.251400146309999961e+01
1.236801479670000070e+01
1.234193660460000075e+01
1.272640208790000038e+01
1.300957058940000088e+01
1.384017569270000081e+01
1.418596179929999934e+01
1.447568501489999981e+01
1.427921256940000028e+01
1.412821817410000058e+01
1.380528285820000001e+01
1.380546439569999961e+01
1.383939074449999929e+01
1.396715270259999997e+01
1.435358922780000057e+01
1.445448084859999938e+01
1.467734141170000051e+01
1.457132370349999917e+01
1.439120319200000075e+01
1.452080458910000083e+01
1.410998109550000024e+01
1.461221654959999938e+01
1.438681411730000015e+01
1.447166529549999936e+01
1.412223979600000057e+01
1.364062233069999941e+01
1.323264940009999968e+01
1.289544796630000079e+01
1.261696547570000071e+01
1.273181439769999912e+01
1.294464891760000036e+01
1.331714561889999970e+01
1.374053211909999916e+01
1.403860819710000030e+01
1.429911028229999914e+01
1.409125992909999958e+01
1.429554991660000063e+01
1.399141942710000031e+01
1.442930130929999955e+01
1.417116925969999919e+01
1.483250055739999951e+01
1.452613157559999912e+01
1.487205208960000036e+01
1.469234696370000037e+01
1.464464041579999964e+01
1.476693153779999967e+01
1.484802583039999924e+01
1.515251004859999995e+01
1.552093719410000006e+01
1.566248034650000065e+01
1.561394074670000087e+01
1.540296311170000010e+01
1.500478197330000008e+01
1.466591427590000052e+01
1.435552686880000017e+01
1.412504205629999987e+01
1.417086688320000043e+01
1.414518427009999968e+01
1.420877167649999961e+01
1.407381218449999949e+01
1.406593254829999928e+01
1.379369596069999915e+01
1.396350588409999993e+01
1.366314425819999911e+01
1.426935462760000028e+01
1.408072296099999932e+01
1.471357550319999952e+01
1.434809486560000025e+01
1.464947571629999956e+01
1.427147164960000048e+01
1.418594138939999993e+01
1.403112723029999920e+01
1.409731052100000070e+01
1.417629423600000038e+01
1.482421678540000087e+01
1.495610834230000030e+01
1.566493809259999992e+01
1.582034868779999925e+01
1.593899616819999920e+01
1.593549987990000005e+01
1.586143347490000011e+01
1.569788523499999933e+01
1.566208379679999929e+01
1.549270869160000075e+01
1.521830942589999935e+01
1.494863773500000015e+01
1.449670506330000030e+01
1.430006035619999949e+01
1.436633894250000054e+01
1.390481228520000023e+01
1.471883128440000021e+01
1.419987849850000039e+01
1.514849929190000033e+01
1.463915728469999955e+01
1.495370978879999946e+01
1.458732857390000071e+01
1.422969256120000026e+01
1.398926515199999976e+01
1.388379413520000050e+01
1.366105020380000035e+01
1.397021844280000025e+01
1.395662458029999975e+01
1.439552134410000050e+01
1.461426799470000049e+01
1.476805152090000028e+01
1.518506988699999916e+01
1.525299946790000050e+01
1.561461645360000006e+01
1.562706219909999916e+01
1.598094104119999947e+01
1.557885686760000077e+01
1.585490034110000046e+01
1.519004926030000036e+01
1.525787385960000009e+01
1.511897197380000080e+01
1.485666284370000056e+01
1.519675909989999951e+01
1.499526506740000009e+01
1.545758409699999980e+01
1.531060278680000053e+01
1.556432622390000020e+01
1.543868349349999924e+01
1.529934900509999984e+01
1.510572660220000074e+01
1.498844001730000031e+01
1.474829216510000052e+01
1.451631037920000011e+01
1.436619035989999915e+01
1.409736708129999982e+01
1.400495553720000075e+01
1.380350598270000084e+01
1.374900184810000070e+01
1.359991691049999929e+01
1.391928679349999953e+01
1.411554532909999971e+01
1.460102767499999921e+01
1.457988879240000024e+01
1.522195441240000058e+01
1.484571238959999917e+01
1.510882773179999994e+01
1.486310757689999917e+01
1.480390579840000065e+01
1.485676954690000073e+01
1.463379643000000030e+01
1.483902770969999985e+01
1.485834760060000015e+01
1.480927617789999928e+01
1.506737397660000077e+01
1.500146462040000017e+01
1.517161904229999969e+01
1.522476996770000035e+01
1.510385668450000018e+01
1.491459039529999941e+01
1.474344030900000035e+01
1.430609874660000003e+01
1.408483278499999969e+01
1.370675932510000017e+01
1.335431668929999915e+01
1.305943927819999928e+01
1.320843192909999964e+01
1.285118722059999996e+01
1.358619318420000077e+01
1.332222455319999987e+01
1.389188240500000049e+01
1.373334102739999985e+01
1.395152481679999923e+01
1.404936029069999925e+01
1.407234733770000012e+01
1.391643219080000016e+01
1.388735355540000072e+01
1.374495044050000025e+01
1.377932264110000027e+01
1.360084122249999972e+01
1.355699365799999967e+01
1.364990329269999947e+01
1.369795286659999967e+01
1.390045413560000043e+01
1.410117666690000071e+01
1.429143582060000028e+01
1.412731836010000031e+01
1.429992930679999930e+01
1.389484533949999978e+01
1.392564545980000013e+01
1.355032466429999971e+01
1.334670023500000013e+01
1.322543006599999948e+01
1.279943702279999940e+01
1.317922000639999958e+01
1.268246198920000012e+01
1.300215947150000062e+01
1.292568043860000060e+01
1.298982824860000029e+01
1.310867181350000088e+01
1.316572684670000015e+01
1.323940688659999942e+01
1.326492890359999954e+01
1.309033677829999931e+01
1.308176618579999939e+01
1.277248042419999940e+01
1.268309765519999921e+01
1.266646967610000019e+01
1.257738384239999974e+01
1.263012634040000037e+01
1.279432596630000063e+01
1.291407394209999993e+01
1.306126534240000048e+01
1.311888278620000037e+01
1.312960629320000017e+01
1.325067292219999970e+01
1.299027747170000069e+01
1.315581559760000019e+01
1.314748742059999920e+01
1.285647925870000030e+01
1.291168678690000071e+01
1.256491468409999968e+01
1.261458416039999975e+01
1.240340762639999994e+01
1.226677750400000022e+01
1.231336716080000038e+01
1.241624596469999986e+01
1.241392821150000003e+01
1.256229264369999932e+01
1.250366174340000036e+01
1.242728300449999956e+01
1.252446811060000087e+01
1.237767581630000002e+01
1.223420795220000024e+01
1.219965466220000039e+01
1.224311010149999923e+01
1.206428896170000087e+01
1.214704062080000035e+01
1.205073918829999968e+01
1.228014624000000055e+01
1.208669906089999913e+01
1.249862026269999937e+01
1.227814423919999953e+01
1.236783459269999952e+01
1.241262928849999980e+01
1.237933531960000089e+01
1.242597232650000016e+01
1.239682446079999956e+01
1.199429911330000031e+01
1.190577690539999978e+01
1.175176865699999951e+01
1.157800937859999912e+01
1.163702999440000063e+01
1.165497257160000011e+01
1.159873003080000053e+01
1.162790304680000020e+01
1.163578732250000058e+01
1.165912584430000010e+01
1.162334262909999971e+01
1.161610851850000081e+01
1.161216735680000056e+01
1.151134844090000087e+01
1.157288621140000018e+01
1.149167454600000049e+01
1.140650965730000088e+01
1.139163497550000059e+01
1.137085639380000046e+01
1.143029521280000083e+01
1.141096880669999969e+01
1.147252210329999933e+01
1.166411005349999996e+01
1.174730765169999991e+01
1.183908844289999962e+01
1.182331259599999917e+01
1.169515269769999932e+01
1.153434163210000030e+01
1.145009375489999925e+01
1.126862067489999930e+01
1.110720940659999911e+01
1.108705073530000007e+01
1.111008951650000043e+01
1.080110793489999921e+01
1.096405195410000033e+01
1.094806147429999932e+01
1.087588465069999977e+01
1.083490799029999962e+01
1.091337937479999987e+01
1.089212679939999973e+01
1.094565793619999994e+01
1.088491464910000062e+01
1.091915931259999972e+01
1.078681182479999912e+01
1.080609749789999974e+01
1.075694304129999956e+01
1.071073776909999964e+01
1.069622180350000029e+01
1.072805583519999928e+01
1.074734334999999952e+01
1.086317973000000059e+01
1.097285735140000007e+01
1.089500681370000024e+01
1.085641526520000077e+01
1.083060648250000035e+01
1.083508347599999944e+01
1.073868026999999969e+01
1.064843167849999972e+01
1.053605538729999935e+01
1.051867235749999985e+01
1.034315508529999939e+01
1.029085560929999943e+01
1.021540377660000054e+01
1.018032933179999944e+01
1.014820214909999940e+01
1.008859146130000006e+01
1.002073575550000051e+01
1.014638899250000037e+01
1.009102505219999912e+01
9.970851927180000018e+00
9.984190448150000563e+00
9.889599773729999654e+00
9.854982494350000621e+00
9.863813157399999199e+00
9.976099841239999932e+00
9.969388345660000539e+00
9.880979192959999935e+00
9.992541101109999602e+00
9.994498047900000515e+00
9.928763741670000087e+00
9.967088702319999882e+00
1.006238066370000084e+01
1.004193709089999942e+01
1.016845883290000074e+01
1.017364025120000015e+01
1.012538489529999985e+01
1.009387094639999916e+01
9.981979215149999973e+00
9.753430031889999796e+00
9.626206470590000563e+00
9.555772508649999608e+00
9.285904562709999865e+00
9.328596219010000468e+00
9.336612675550000517e+00
9.316086399270000484e+00
9.203366295989999557e+00
9.266725891069999221e+00
9.257785821609999743e+00
9.139923180509999412e+00
9.129343843550000059e+00
8.982860737779999383e+00
8.947433706720000046e+00
8.853596437529999363e+00
9.043278222099999653e+00
8.876068851699999485e+00
8.852627295419999598e+00
8.936963414759999225e+00
8.785171012770000232e+00
9.016981939200000795e+00
8.957792486460000703e+00
9.234656047199999662e+00
9.227467153070000094e+00
9.409672918940000130e+00
9.318893170300000861e+00
9.304722471799999894e+00
9.079898432049999357e+00
9.015707288999999847e+00
8.858641205770000582e+00
8.716781515279999226e+00
8.689699321750000038e+00
8.660803115600000268e+00
8.628527839509999353e+00
8.574669362750000801e+00
8.516991454010000240e+00
8.398619192130000854e+00
8.282204390769999591e+00
8.122164999700000720e+00
8.057970003630000377e+00
8.032177287830000623e+00
8.031539611010000357e+00
7.934630446109999902e+00
7.841296517820000034e+00
7.683300889029999858e+00
7.549044015949999853e+00
7.452735190260000309e+00
7.321648633599999734e+00
7.386880528279999858e+00
7.502250081799999748e+00
7.560665168999999963e+00
7.786990844249999988e+00
7.979770950979999888e+00
8.008921560750000168e+00
7.919533734499999866e+00
7.946955602840000132e+00
7.979048641650000384e+00
8.090863403040000179e+00
7.890711644889999654e+00
7.817633486980000157e+00
7.911710640299999930e+00
7.517885998939999759e+00
7.414591942160000393e+00
7.344139800099999782e+00
7.261370370859999923e+00
7.431218624050000443e+00
7.284378321090000163e+00
7.448167854090000262e+00
7.394185642920000134e+00
7.228644263369999656e+00
6.913179177349999982e+00
6.507821497760000184e+00
6.227618015640000060e+00
5.852113205320000233e+00
5.571554286769999642e+00
5.608652889850000101e+00
5.659316606209999989e+00
6.065164326049999666e+00
5.997271186359999895e+00
6.030492829259999965e+00
6.275669895080000060e+00
6.249594563439999639e+00
6.606248335240000102e+00
6.767881715549999733e+00
7.058527386339999765e+00
7.161809179379999613e+00
7.023420186900000139e+00
6.682149620779999744e+00
6.635430445019999901e+00
6.486109898009999597e+00
6.258533372249999616e+00
6.308987968480000319e+00
6.471572727939999936e+00
6.821793251139999903e+00
6.926499682210000230e+00
6.925037245959999588e+00
6.946861665350000159e+00
6.449821755970000403e+00
6.174492622649999873e+00
5.879622773830000426e+00
5.691556305049999764e+00
5.250733904459999657e+00
5.370442071220000280e+00
5.133934472740000032e+00
4.778676398490000032e+00
4.859164909439999569e+00
4.741725759550000419e+00
4.885491698670000105e+00
4.980256152509999978e+00
5.421894579890000010e+00
5.860500246800000035e+00
5.978592061029999627e+00
6.295891195200000290e+00
6.123696690160000067e+00
5.988927963900000151e+00
5.767384212069999627e+00
5.705122846410000115e+00
5.503386611149999830e+00
5.429922061980000159e+00
5.693461285659999760e+00
5.921341767360000397e+00
6.029446871360000237e+00
6.058239544540000132e+00
6.188225326749999589e+00
6.254285003099999685e+00
6.056962978839999678e+00
6.228111511669999878e+00
6.327183022369999854e+00
5.984304924969999995e+00
5.892284871520000245e+00
5.386540384839999973e+00
5.005979833109999610e+00
4.696462977500000413e+00
4.504993120980000043e+00
4.422721660579999714e+00
5.027176246659999848e+00
5.279879217859999585e+00
5.380222665419999828e+00
5.935063253760000102e+00
5.852307548229999767e+00
5.686634432760000024e+00
5.447208815379999791e+00
5.281747896789999785e+00
5.293588511910000349e+00
4.828512303740000178e+00
4.908766516950000103e+00
5.005648155860000337e+00
4.834481930880000000e+00
4.622550362440000171e+00
4.724544524979999771e+00
4.640424161520000368e+00
4.762549874280000317e+00
5.068298282139999777e+00
5.547056463419999695e+00
6.145419728150000260e+00
6.392817837259999969e+00
6.113393687510000341e+00
5.889249198409999941e+00
5.363664773740000058e+00
5.033732940190000171e+00
4.698831145669999820e+00
4.803285436880000425e+00
4.668306232339999973e+00
5.118759760279999682e+00
5.435101749530000248e+00
5.408147696170000351e+00
5.595061729290000230e+00
5.622774968729999934e+00
5.513621562189999992e+00
5.203546204820000298e+00
4.969560602039999608e+00
4.763580418800000160e+00
4.689644887110000049e+00
4.293322428319999773e+00
3.769253778870000016e+00
3.627214302340000085e+00
3.106614965779999959e+00
3.108088956470000053e+00
3.414483690560000007e+00
3.710820305019999932e+00
4.519986888320000062e+00
5.091687892680000438e+00
5.574443219239999969e+00
5.554856278829999994e+00
5.104019469209999826e+00
5.247912626569999794e+00
4.729364030270000185e+00
4.539788746670000208e+00
4.313012341170000319e+00
4.654265419739999743e+00
4.464602853789999770e+00
4.346175413650000152e+00
4.186987709660000334e+00
4.365617461550000300e+00
3.977491659580000061e+00
4.377435552369999705e+00
4.063342572739999881e+00
4.421818631359999863e+00
4.118404960600000386e+00
4.241734852269999578e+00
3.509721608670000048e+00
2.790773659830000142e+00
2.880702038669999965e+00
2.314656600560000221e+00
2.069513847270000095e+00
2.551714692620000058e+00
2.613059418809999812e+00
3.166459779489999793e+00
3.272312418849999904e+00
4.018172267189999758e+00
4.119239271119999657e+00
4.258814728559999985e+00
3.762714928319999874e+00
4.020685794820000325e+00
3.669111958749999847e+00
3.486190968199999851e+00
3.465494341139999879e+00
2.994456414700000124e+00
2.509227692260000087e+00
2.031911159909999931e+00
1.475222394029999995e+00
1.216419175990000046e+00
2.057346632469999825e+00
2.215359713309999812e+00
2.952782362529999816e+00
3.261180043049999977e+00
2.882393415440000162e+00
2.751807461979999925e+00
1.957277802139999912e+00
1.019313851279999961e+00
1.151739912340000060e+00
1.204640222859999943e+00
1.017355895659999954e+00
1.438690111020000106e+00
1.344805721850000024e+00
1.232057083840000011e+00
1.589027312510000067e+00
1.413487545439999993e+00
1.732395289160000074e+00
1.875290903110000018e+00
1.905306434239999902e+00
2.356264741159999954e+00
2.114529454619999971e+00
1.500277663489999913e+00
1.088446648239999925e+00
6.102615344020000387e-01
3.361831834189999979e-01
-1.091425859079999949e-01
-2.322604118840000120e-01
2.170262154350000028e-01
8.994705616799999470e-01
1.422399345979999952e+00
1.585630280619999999e+00
1.762366405939999936e+00
1.908367230330000108e+00
1.141993701919999937e+00
1.170766978010000070e+00
9.522154464740000268e-01
6.464423202960000170e-01
6.148350375179999494e-01
7.487253581520000312e-01
-4.999204445429999977e-01
-5.689410343730000319e-01
-5.647469751949999450e-01
-1.066375565440000006e+00
-1.431154195269999985e+00
-1.339889494779999968e+00
-8.346763310560000315e-01
2.187105807810000024e-01
-4.085809707170000027e-01
5.196777185439999808e-02
-8.502560799530000102e-01
-7.187483097439999469e-01
-5.057743545159999465e-01
-1.414424126709999952e+00
-1.501531150279999949e+00
-1.378805259419999985e+00
-8.600608383309999994e-01
2.191308634620000029e-01
-4.622585387150000003e-01
-7.496548215370000268e-01
-4.586211683390000182e-01
-3.222973168409999922e-01
-1.103333294400000025e-01
-1.135413017330000052e-01
-1.688186352130000012e-01
-1.429422019559999923e-01
-1.027018843220000033e+00
-1.603468649819999925e+00
-1.675533559930000083e+00
-1.970116965679999943e+00
-2.622999911039999965e+00
-2.835581197309999801e+00
-2.003799190610000114e+00
