4.163530027524648190e+09
4.441089103280917168e+09
4.645580667977798462e+09
4.830212084646843910e+09
5.000976612235633850e+09
5.110591041361682892e+09
5.339388718872490883e+09
5.502092970919561386e+09
5.647959436739177704e+09
6.137549676690112114e+09
6.277034956462119102e+09
6.310864933097175598e+09
6.337667998948349953e+09
3.310165808063919544e+09
3.343419627780050755e+09
3.377688502904445171e+09
3.414184780726104736e+09
3.448391700093604565e+09
3.481545825602269650e+09
3.514724291078495502e+09
3.551250649829201221e+09
3.583501666329722881e+09
3.615490000328435421e+09
3.647478334327080727e+09
3.683829111290266991e+09
3.714900937236498833e+09
2.207856333502238274e+09
2.218570806209715366e+09
2.229680574260299683e+09
2.238741842192537785e+09
2.246283153249274254e+09
2.251947415365735054e+09
2.260558331551701546e+09
2.268982888611660004e+09
2.275155861322831631e+09
2.281393501080140114e+09
2.299801905639801979e+09
2.293216307774666786e+09
2.304455163036415100e+09
2.311539536136061668e+09
2.315902108061365604e+09
2.321091478553464413e+09
2.331666626062076092e+09
2.338645201348701477e+09
2.345644878586394310e+09
2.354163228092292786e+09
2.360504877310509205e+09
2.368256920320151806e+09
2.375964205508779049e+09
2.381791804535122871e+09
2.207856333502238274e+09
2.218570806209715366e+09
2.229680574260299683e+09
2.238741842192537785e+09
2.246283153249274254e+09
2.251947415365735054e+09
2.260558331551701546e+09
2.268982888611660004e+09
2.275155861322831631e+09
2.281393501080140114e+09
2.299801905639801979e+09
2.293216307774666786e+09
2.304455163036415100e+09
2.311539536136061668e+09
2.315902108061365604e+09
2.321091478553464413e+09
2.331666626062076092e+09
2.338645201348701477e+09
2.345644878586394310e+09
2.354163228092292786e+09
2.360504877310509205e+09
2.368256920320151806e+09
2.375964205508779049e+09
2.381791804535122871e+09
1.805462064715978622e+09
1.811473147300672054e+09
1.817754824760891199e+09
1.824660370008389235e+09
1.830777772384468555e+09
1.836430606526062489e+09
1.841590500361617088e+09
1.848714919400657177e+09
1.855706382923904419e+09
1.864377439148760319e+09
1.874334969767307281e+09
1.877705707729988337e+09
1.884648751438254356e+09
1.891956867080306292e+09
1.900117498992014647e+09
1.908945662752408266e+09
1.916778416467097282e+09
1.923136107772521973e+09
1.929261465530624866e+09
1.935117322781712532e+09
1.940641607916534901e+09
1.946805616262963295e+09
1.953730169799285650e+09
1.961328177314911842e+09
1.968198805591804504e+09
1.974645007488389492e+09
1.981633017259250164e+09
1.990952789037950516e+09
1.999805302894929171e+09
2.004709054509930134e+09
2.011692576507572412e+09
2.017454044573067427e+09
2.023178109824898481e+09
2.029436903391215086e+09
2.037673657895693302e+09
2.047094221670301914e+09
2.051826825724409103e+09
2.058874643120618582e+09
2.066885306302247524e+09
2.074377032969816923e+09
2.081972339386100054e+09
2.088566913363819361e+09
2.095077417433249950e+09
2.102670489342830896e+09
2.113024728076652050e+09
2.117963533589551687e+09
2.125387375832131147e+09
2.132722726816513300e+09
2.140297744744350195e+09
2.148381293508447170e+09
2.155244484906120300e+09
2.162457430823780537e+09
2.169451158896755219e+09
2.176261964335421562e+09
2.183037008369679451e+09
2.189558110073733330e+09
2.195599153460634232e+09
2.200841935683673859e+09
2.205792236944431782e+09
2.205801758624258041e+09
1.111164348685946703e+09
1.109946254578838348e+09
1.108628098833909750e+09
1.107672258762175798e+09
1.106711405912128210e+09
1.105776037639371395e+09
1.104856190188753605e+09
1.104186098568658829e+09
1.103485492782482624e+09
1.102845245552285194e+09
1.102269345545022488e+09
1.101666708857319593e+09
1.101178243841820717e+09
1.100765629577870369e+09
1.100466785583354712e+09
1.100225334299779892e+09
1.100083634179141760e+09
1.100055352641724110e+09
1.100022474188602448e+09
1.100021671259099483e+09
1.100189308802174091e+09
1.100414306371066809e+09
1.100620389456070185e+09
1.100924464787035704e+09
1.101427349850118399e+09
1.101872718346630096e+09
1.102419475653131247e+09
1.103093620951465607e+09
1.103805572603634119e+09
1.104529528241540432e+09
1.105431293565414906e+09
1.106412219672696114e+09
1.107357363124987602e+09
1.108481379720330954e+09
1.109497254577521086e+09
1.110757556046201706e+09
1.111842755856461525e+09
1.113232537048605442e+09
1.114696234678020954e+09
1.116228175348917961e+09
1.117537359553665161e+09
1.119161749762714863e+09
1.121062577272812128e+09
1.122735326143069506e+09
1.124554680852203608e+09
1.126477863837844133e+09
1.128443602398819447e+09
1.130366546059720755e+09
1.132425320965627909e+09
1.134527915675561190e+09
1.137008786097206831e+09
1.139017944466256142e+09
1.141465806492589712e+09
1.143771307632235765e+09
1.146275737918705702e+09
1.148834737837107420e+09
1.151215357535034895e+09
1.153967699715233803e+09
1.156712322240500927e+09
1.159642926454221010e+09
1.162247630529160738e+09
1.165158670958851337e+09
1.168299474008174896e+09
1.171146322590048552e+09
1.174236203834156752e+09
1.177343735682559729e+09
1.180504551844738960e+09
1.183812084819354773e+09
1.186970526261010170e+09
1.190441714014204264e+09
1.193880676267494202e+09
1.197416718640275240e+09
1.200865861855763674e+09
1.204379955634766102e+09
1.208092487871599197e+09
1.211600688761201620e+09
1.215492715687346458e+09
1.219160959170297861e+09
1.222761038205960989e+09
1.226886342603308439e+09
1.230681868900191545e+09
1.234657533240042210e+09
1.238763000310272694e+09
1.243156531022268295e+09
1.246991671086277485e+09
1.251265642508045912e+09
1.255527413329658031e+09
1.259642982201058626e+09
1.264065256459823847e+09
1.268306930934315443e+09
1.272627066135756731e+09
1.277108789075165987e+09
1.281638214245196581e+09
1.286179654304465532e+09
1.290792648918594360e+09
1.295338637540427923e+09
1.299991245991007805e+09
1.304684598808992147e+09
1.309338536787663698e+09
1.314320331755070686e+09
1.318335338172187805e+09
1.323710838174387455e+09
1.328794318025935650e+09
1.333230728033226013e+09
1.338322075708771467e+09
1.342832099056218147e+09
1.348326825158040285e+09
1.353246656039369822e+09
1.358646806588259459e+09
1.363797255110307932e+09
1.368945951107367516e+09
1.374218728883663654e+09
1.379283157814353943e+09
1.384439398542810202e+09
1.389751068969416857e+09
1.395121548411408901e+09
1.400392328431114674e+09
1.405759418827991962e+09
1.411153629268164635e+09
1.416763837426833868e+09
1.422376538463387966e+09
1.427767400586312532e+09
1.433227605144983530e+09
1.438838417022323370e+09
1.444329313477550745e+09
1.449785063408126116e+09
1.455471178485563755e+09
1.461004777597618818e+09
1.466694788197853088e+09
1.472622477422439098e+09
1.477997020992999792e+09
1.483649045942132473e+09
1.489034816125712633e+09
1.495188837763560057e+09
1.501525026839863300e+09
1.507613422651892662e+09
1.513286242340867281e+09
1.519093927190956116e+09
1.524651558335194826e+09
1.530691046274420500e+09
1.537511440759878397e+09
1.543797277044212341e+09
1.550018371745942593e+09
1.555959462167101383e+09
1.562154020517577410e+09
1.568331471639332294e+09
1.574395040805480957e+09
1.580900166145522594e+09
1.586707129991526127e+09
1.592785821449728012e+09
1.599028825736337423e+09
1.605340283068007946e+09
1.611759711152604580e+09
1.617982915423689127e+09
1.624065695216979504e+09
1.630376367490927458e+09
1.636758239448219061e+09
1.643328624902997255e+09
1.649894917157090187e+09
1.656335178598489523e+09
1.662600061340494156e+09
1.669193818573725939e+09
1.675730813773042679e+09
1.682394938918460846e+09
1.688602811958205462e+09
1.695129040154174328e+09
1.701716268482487440e+09
1.708162352220410824e+09
1.714924105497480392e+09
1.721465250724478245e+09
1.728050369385963917e+09
1.734565994044094324e+09
1.741237059649476528e+09
1.747780816371462107e+09
1.754910792212448120e+09
1.760925680863985300e+09
1.767900407008914471e+09
1.774376150244465828e+09
1.781109548031974077e+09
1.787772581752363443e+09
1.794493375509869814e+09
1.801377527565750122e+09
