9.498117416581063271e+08
9.457555902787497044e+08
9.445204656508531570e+08
9.465701531392565966e+08
9.516151803073223829e+08
9.596901021952164173e+08
9.706796764544941187e+08
9.846141910736241341e+08
1.001053172094137788e+09
1.020247518387386799e+09
1.041546160857229710e+09
1.065179188763754487e+09
1.090576965714401484e+09
1.118584924374607325e+09
1.148196949819852829e+09
9.499958812954015732e+08
9.573606980190209150e+08
9.676479406650701761e+08
9.807289359875551462e+08
9.966692428768590689e+08
1.015328128721180558e+09
1.036427480844421506e+09
1.059478143466678858e+09
1.084485021575092316e+09
1.111900531447995901e+09
1.140551243907519341e+09
1.171600921645999193e+09
1.202818477029548645e+09
