2.086000000000000180e-03
2.096000000000000207e-03
2.106000000000000233e-03
2.116000000000000259e-03
2.126000000000000285e-03
2.136000000000000312e-03
2.146000000000000338e-03
2.156000000000000364e-03
2.166000000000000390e-03
2.176000000000000417e-03
2.186000000000000443e-03
2.196000000000000469e-03
2.206000000000000495e-03
2.216000000000000521e-03
2.226000000000000548e-03
2.086000000000000180e-03
2.076000000000000154e-03
2.066000000000000128e-03
2.056000000000000102e-03
2.046000000000000076e-03
2.036000000000000049e-03
2.026000000000000023e-03
2.015999999999999997e-03
2.005999999999999971e-03
1.995999999999999944e-03
1.985999999999999918e-03
1.975999999999999892e-03
1.965999999999999866e-03
