-3.676338569939999701e+01
-3.040741966050000045e+01
-1.282069972769999922e+01
-4.039710852989999879e+00
1.283303640049999972e+00
5.006152385780000102e+00
7.649974748950000070e+00
9.775420281469999750e+00
1.135122155310000025e+01
1.261266462280000056e+01
1.346943251519999940e+01
1.419615943480000020e+01
1.472976330470000050e+01
1.528691798550000058e+01
1.564224316219999977e+01
1.611267790489999996e+01
1.629166903020000134e+01
1.657111968779999955e+01
1.658991921619999843e+01
1.672113080369999949e+01
1.662196635640000153e+01
1.670995778689999867e+01
1.656221640669999928e+01
1.658989846060000062e+01
1.645534938220000143e+01
1.643708219459999853e+01
1.626653741979999879e+01
1.622663995330000120e+01
1.603537088699999913e+01
1.596759852079999931e+01
1.580120540499999926e+01
1.568317866099999947e+01
1.546444168879999914e+01
1.530359953139999973e+01
1.499469432000000069e+01
1.475551292859999997e+01
1.435446821050000032e+01
1.408680301280000080e+01
1.368253815549999963e+01
1.338177724300000015e+01
1.297515461829999950e+01
1.264593668899999912e+01
1.218171661959999952e+01
1.171983993639999966e+01
1.116576258599999960e+01
1.066242239450000007e+01
1.009625587260000046e+01
9.489664365710000382e+00
8.847584065519999541e+00
8.184209127929999994e+00
7.508857434390000307e+00
6.784119674310000292e+00
6.057234270860000436e+00
5.307568364329999788e+00
4.621956909849999739e+00
3.949089779349999940e+00
3.341430733300000178e+00
2.744466785539999787e+00
2.208686182270000131e+00
1.785017906640000040e+00
1.388332341719999974e+00
1.146445744180000004e+00
1.065788623770000054e+00
1.165426368090000109e+00
1.344199008499999959e+00
1.774928168360000003e+00
2.214736993399999854e+00
2.837906846370000125e+00
3.349726325259999804e+00
3.985054608200000015e+00
4.520134259529999810e+00
5.160694953420000175e+00
5.651670748549999956e+00
6.180690805290000256e+00
6.527525353769999761e+00
7.018322720219999589e+00
7.334181807840000289e+00
7.715214097779999669e+00
8.008492114239999182e+00
8.411768221639999155e+00
8.756445317269999862e+00
9.137056177939999912e+00
9.457865143950000331e+00
9.806653383029999560e+00
1.008210681349999938e+01
1.037348807000000050e+01
1.058636709670000009e+01
1.082272163060000025e+01
1.103447022669999988e+01
1.124196064909999926e+01
1.143294079760000059e+01
1.159735765269999952e+01
1.187476153379999921e+01
1.206056954239999968e+01
1.238421171639999940e+01
1.260482422299999961e+01
1.297874247400000058e+01
1.316540396229999921e+01
1.356863310269999978e+01
1.369298756789999949e+01
1.407887162089999933e+01
1.415439916559999922e+01
1.444566108429999929e+01
1.448180752330000054e+01
1.481562595489999978e+01
1.480720966940000061e+01
1.511308274539999985e+01
1.510484517379999936e+01
1.545657426120000011e+01
1.546098755160000060e+01
1.579725160639999970e+01
1.589024402539999947e+01
1.619117880659999997e+01
1.625998467710000028e+01
1.650519244419999865e+01
1.652177895009999986e+01
1.669210533089999871e+01
1.665369876600000154e+01
1.683011655849999855e+01
1.677781823360000146e+01
1.701172850929999925e+01
1.703368875669999838e+01
1.732886374339999946e+01
1.735789186959999952e+01
1.768760877789999952e+01
1.774128226690000076e+01
1.797348420959999871e+01
1.802601141050000066e+01
1.830889794490000000e+01
1.835324712570000116e+01
1.861635040859999890e+01
1.868233946220000163e+01
1.893558394980000159e+01
1.898211241290000117e+01
1.924951580589999978e+01
1.935089006990000016e+01
1.963231394629999826e+01
1.977017230219999888e+01
2.005567155079999964e+01
2.014198899169999990e+01
2.034252680910000066e+01
2.037705179809999834e+01
2.046172146540000014e+01
2.042729577109999894e+01
2.057511724440000123e+01
2.050222030260000139e+01
2.070057415100000142e+01
2.065560901139999928e+01
2.090483253580000067e+01
2.086794808149999980e+01
2.109963394249999880e+01
2.107238598489999859e+01
2.134231433400000100e+01
2.134102075379999874e+01
2.160067447340000157e+01
2.156177937509999865e+01
2.177964572260000153e+01
2.174582041560000079e+01
2.193821744459999934e+01
2.193042634900000110e+01
2.213291817169999831e+01
2.230382276199999936e+01
2.253192048509999879e+01
2.284087855880000006e+01
2.301457736340000082e+01
2.328477873190000125e+01
2.336804159289999916e+01
2.345127019339999919e+01
2.343375558460000008e+01
2.350139240349999881e+01
2.357028334800000025e+01
2.368342653790000085e+01
2.383136509910000100e+01
2.400137702789999850e+01
2.417760105070000165e+01
2.430449863569999991e+01
2.441389406060000056e+01
2.445762155479999933e+01
2.456031172490000003e+01
2.458913321509999861e+01
2.470652869259999918e+01
2.469430437629999986e+01
2.478647606959999905e+01
2.472653732799999915e+01
2.477444736229999833e+01
2.476068713160000101e+01
2.485249645229999871e+01
2.498172690670000051e+01
2.511529585859999969e+01
2.536135426119999892e+01
2.548151321019999926e+01
2.575620887239999846e+01
2.578543184850000003e+01
2.594991009769999835e+01
2.599235151619999939e+01
2.615505270730000120e+01
2.621886705729999889e+01
2.642423505049999832e+01
2.650316253569999958e+01
2.671733268539999884e+01
2.677928205019999908e+01
2.693203452039999846e+01
2.695644375150000016e+01
2.705978085930000177e+01
2.710835177299999899e+01
2.716356789620000001e+01
2.719225394129999884e+01
2.720545196770000018e+01
2.709860031950000092e+01
2.712940536809999870e+01
2.700937671710000032e+01
2.717800340229999989e+01
2.712496436149999823e+01
2.746274109770000038e+01
2.749751637479999999e+01
2.784368165660000116e+01
2.784337430669999947e+01
2.811639225169999889e+01
2.801041860719999832e+01
2.817647173889999834e+01
2.808631253169999908e+01
2.831210915830000019e+01
2.818819774339999995e+01
2.846316182179999998e+01
2.835860292139999927e+01
2.863178243309999971e+01
2.849701377759999943e+01
2.875271912070000013e+01
2.873790559689999924e+01
2.895392305160000035e+01
2.904146129849999980e+01
2.918900982479999939e+01
2.925102632460000152e+01
2.926548760469999877e+01
2.910934862570000092e+01
2.910746242320000121e+01
2.889088231439999888e+01
2.899016600639999908e+01
2.887026029329999943e+01
2.913399355949999858e+01
2.911823076749999828e+01
2.937276410919999847e+01
2.941278277050000156e+01
2.949929911330000110e+01
2.952252419630000091e+01
2.955135255849999965e+01
2.954630264820000107e+01
2.956991259939999850e+01
2.950914989440000014e+01
2.959371249329999998e+01
2.948350974510000100e+01
2.960904122230000013e+01
2.948542991409999914e+01
2.962877416039999900e+01
2.965706871900000152e+01
2.984192475260000066e+01
2.999219452719999879e+01
3.008603667999999942e+01
3.024214218259999853e+01
3.017245514540000073e+01
3.020130664599999903e+01
3.011576533150000046e+01
3.005920475139999937e+01
3.002688074419999964e+01
2.996176413050000065e+01
2.999138595750000036e+01
2.998815272979999946e+01
3.004380620770000121e+01
3.005265456169999894e+01
3.009486434660000143e+01
3.011811104630000102e+01
3.016693335280000099e+01
3.017364480399999849e+01
3.019553442879999849e+01
3.013544245909999830e+01
3.011723827269999987e+01
2.999885628190000020e+01
2.999839788099999893e+01
2.989904630879999914e+01
2.991114715910000044e+01
2.997726318469999995e+01
3.002378341489999869e+01
3.017620932939999889e+01
3.016222174039999970e+01
3.032711605240000097e+01
3.030237909430000087e+01
3.033514503179999977e+01
3.026818581539999897e+01
3.029408106709999871e+01
3.024591566009999966e+01
3.026145369340000002e+01
3.018755968250000166e+01
3.025778848299999879e+01
3.018363010899999921e+01
3.021564546009999930e+01
3.018601964069999966e+01
3.022771486899999971e+01
3.019201086989999894e+01
3.030304287190000068e+01
3.025572737190000083e+01
3.025142687439999989e+01
3.020132625020000106e+01
3.012821236150000104e+01
3.007332907949999878e+01
3.006943937100000142e+01
2.999852387889999861e+01
3.007822442109999983e+01
2.999492707659999979e+01
3.014145268729999927e+01
3.009052372420000054e+01
3.019660282430000109e+01
3.014062057359999969e+01
3.019249396109999850e+01
3.016763000790000149e+01
3.019421299360000077e+01
3.013672886350000013e+01
3.014532733960000144e+01
3.011045188989999843e+01
3.013868167169999879e+01
3.008889383220000013e+01
3.011262111850000167e+01
3.004494727439999835e+01
3.010653381519999883e+01
3.007463477019999942e+01
3.012532405429999827e+01
3.011140278659999936e+01
3.010861652519999865e+01
3.010958676290000113e+01
3.005394457899999949e+01
3.005611563009999898e+01
3.006343530639999884e+01
2.999426981739999931e+01
3.005619472929999958e+01
2.997638276409999847e+01
3.003616961570000043e+01
3.000269342940000072e+01
3.003632756020000016e+01
3.000180497819999914e+01
3.005142344109999897e+01
3.000167938730000117e+01
3.005526891819999946e+01
3.000319905870000170e+01
3.002916500539999944e+01
2.999522191439999830e+01
3.001807213689999898e+01
2.998014853669999980e+01
3.000219416819999907e+01
2.995389797460000025e+01
2.999576630239999986e+01
2.995504979309999882e+01
2.997320107650000054e+01
2.995570993720000175e+01
2.995226654269999855e+01
2.997043602280000130e+01
2.995761375020000017e+01
2.993067518890000045e+01
2.993388931000000142e+01
2.992450935920000177e+01
2.992165110719999888e+01
2.992266950850000029e+01
2.992218482319999850e+01
2.989592963819999838e+01
2.992316655009999948e+01
2.990138321230000074e+01
2.992409723089999929e+01
2.993444081100000176e+01
2.993976312150000041e+01
2.992199188689999900e+01
2.993366270119999939e+01
2.994146184510000097e+01
2.996265415519999920e+01
2.993036395489999890e+01
2.994742811849999953e+01
2.991156724740000072e+01
2.992418074109999893e+01
2.990525698480000116e+01
2.989875853410000062e+01
2.991723979460000038e+01
2.989670748140000001e+01
2.993715997540000018e+01
2.991406729930000097e+01
2.992236851990000090e+01
2.990849269199999938e+01
2.990864487520000026e+01
2.987837036419999848e+01
2.988079419709999840e+01
2.985443421100000094e+01
2.985503691830000150e+01
2.986348605970000136e+01
2.988760823040000147e+01
2.986054690419999957e+01
2.984748897669999934e+01
2.987122974320000068e+01
2.987161500390000057e+01
2.985090421459999988e+01
2.987070963969999937e+01
2.988858797259999989e+01
2.991846984009999844e+01
2.990474982900000001e+01
2.993612182080000039e+01
2.990129826629999954e+01
2.992819667159999852e+01
2.991600114319999904e+01
2.992293918380000051e+01
2.990005088730000082e+01
2.992949218989999949e+01
2.993224486909999982e+01
2.992340015559999955e+01
2.991977517409999976e+01
2.991598341379999937e+01
2.992299293680000005e+01
2.994450337820000030e+01
2.992945886280000067e+01
2.995401494009999865e+01
2.994643161429999978e+01
2.994134572930000004e+01
2.991300381889999827e+01
2.988303420660000143e+01
2.983713953419999854e+01
2.980746891980000157e+01
2.977441048529999890e+01
2.979031628510000118e+01
2.979176946790000002e+01
2.981725799690000045e+01
2.987952523159999885e+01
2.988064335380000003e+01
2.991602461160000104e+01
2.991179782309999879e+01
2.991550410299999996e+01
2.993555884359999908e+01
2.991452043929999860e+01
2.991960229369999880e+01
2.989610190340000173e+01
2.989862409530000065e+01
2.990323788790000137e+01
2.987767978429999971e+01
2.986374558589999850e+01
2.986467687960000106e+01
2.989581606739999842e+01
2.991556718669999881e+01
2.996087618620000015e+01
3.001600759849999989e+01
3.002367714580000069e+01
3.000424395310000136e+01
2.997163208870000162e+01
2.989417081710000090e+01
2.984514486120000143e+01
2.982249530840000062e+01
2.981487234520000129e+01
2.978402502329999990e+01
2.984056088910000071e+01
2.981376494590000092e+01
2.984840147010000067e+01
2.982786073709999997e+01
2.986597052620000170e+01
2.989087833969999863e+01
2.988639017819999921e+01
2.994501432139999864e+01
2.992888168349999845e+01
2.990840544119999933e+01
2.987062699239999830e+01
2.979030350840000096e+01
2.975667171890000162e+01
2.970423936590000125e+01
2.970872749189999951e+01
2.974449381830000050e+01
2.982827447849999913e+01
2.993839621989999955e+01
3.000280369569999905e+01
3.003979611999999833e+01
3.000822256740000071e+01
3.000536582029999977e+01
2.994286342690000069e+01
2.990262883289999962e+01
2.987434807229999834e+01
2.977530609100000092e+01
2.985845063489999873e+01
2.973180026340000026e+01
2.978481457730000059e+01
2.974778445420000139e+01
2.975678987539999909e+01
2.982774515910000090e+01
2.985618108410000104e+01
2.995524048380000082e+01
2.997727942939999934e+01
2.997136149059999966e+01
2.992629335979999894e+01
2.978499196519999970e+01
2.968340659389999914e+01
2.958981000909999892e+01
2.954773512539999913e+01
2.957472243679999835e+01
2.962447375769999880e+01
2.973223556909999843e+01
2.978363384409999881e+01
2.990568770739999849e+01
2.987330892350000155e+01
2.996502143020000020e+01
2.993498482589999909e+01
2.995540117290000026e+01
3.000142517580000145e+01
2.990292787399999952e+01
2.996412113279999900e+01
2.980478164100000171e+01
2.977511698019999997e+01
2.968324030810000025e+01
2.963849267200000170e+01
2.968601635990000176e+01
2.974326050450000025e+01
2.985693766609999855e+01
2.997869060680000075e+01
3.002587841980000150e+01
3.003832664850000000e+01
2.994316284319999966e+01
2.984809708759999936e+01
2.971367283000000015e+01
2.966532866300000038e+01
2.961239703069999862e+01
2.958663138629999878e+01
2.961648445000000152e+01
2.955169896780000016e+01
2.966657928229999897e+01
2.951035516629999833e+01
2.967539081010000146e+01
2.966503865270000162e+01
2.977270478570000023e+01
2.995929165940000161e+01
2.992010710290000119e+01
3.008495448129999872e+01
2.995511892329999881e+01
2.986874285369999882e+01
2.979619352610000149e+01
2.965180767160000030e+01
2.966362173630000143e+01
2.973164097189999922e+01
2.978913216049999946e+01
2.993362398280000036e+01
2.996587927559999898e+01
2.999604077560000093e+01
3.000297975790000038e+01
2.992165978770000123e+01
2.988135619759999884e+01
2.988135083610000109e+01
2.982196122439999897e+01
2.976378705870000019e+01
2.977618627920000094e+01
2.948329526590000071e+01
2.960603186970000067e+01
2.926063954700000025e+01
2.944170415949999864e+01
2.938187608360000169e+01
2.954274177659999978e+01
2.972961293559999874e+01
2.984816039660000087e+01
2.994815807870000057e+01
2.996627968780000018e+01
2.985525365239999829e+01
2.980377034540000025e+01
2.970731071910000054e+01
2.969060608190000039e+01
2.974910887040000063e+01
2.980217807969999910e+01
2.984207708210000121e+01
2.991313782379999964e+01
2.984655967460000170e+01
2.987567604539999877e+01
2.984411233699999855e+01
2.984660523049999981e+01
2.995997356450000026e+01
2.995633204050000131e+01
2.998122160489999999e+01
2.997887733800000021e+01
2.974807009279999903e+01
2.972358907139999928e+01
2.940738954740000111e+01
2.943349189590000137e+01
2.936317954889999982e+01
2.947745650350000091e+01
2.956470809389999843e+01
2.972072614340000030e+01
2.971269080889999969e+01
2.972480328509999836e+01
2.959585370259999948e+01
2.955856846720000064e+01
2.954645968310000015e+01
2.954260040520000175e+01
2.964153983339999954e+01
2.971891405410000075e+01
2.965230189840000108e+01
2.972773445909999879e+01
2.950735794470000073e+01
2.953554846620000163e+01
2.945512606309999981e+01
2.949097720800000033e+01
2.965493543019999834e+01
2.976322425460000076e+01
2.984117022570000088e+01
2.990218864770000096e+01
2.971923538389999919e+01
2.967445302400000173e+01
2.948248780690000004e+01
2.945283811150000020e+01
2.939674647640000060e+01
2.946190497799999974e+01
2.939265486609999911e+01
2.939437867290000028e+01
2.926988311670000087e+01
2.912641859900000085e+01
2.908124248740000084e+01
2.894392149910000001e+01
2.909816511140000017e+01
2.912917748859999989e+01
2.926540247020000152e+01
2.941318321740000030e+01
2.930883782669999960e+01
2.927244378640000022e+01
2.908269405329999913e+01
2.897950696590000064e+01
2.894593801219999918e+01
2.894928533310000063e+01
2.908956890199999989e+01
2.920379142099999825e+01
2.929034276659999847e+01
2.926320634209999838e+01
2.926014912580000171e+01
2.914274717190000175e+01
2.913261670320000007e+01
2.913678215599999888e+01
2.919017402100000069e+01
2.921968555140000134e+01
2.914143142660000052e+01
2.892956367100000037e+01
2.879592014320000004e+01
2.833462728960000021e+01
2.845477055930000176e+01
2.811863952710000092e+01
2.845935642419999922e+01
2.839876765589999863e+01
2.865764286490000146e+01
2.872975615689999884e+01
2.866940176720000011e+01
2.861108090660000158e+01
2.843544195200000146e+01
2.832025150810000014e+01
2.832271307159999907e+01
2.832752918090000094e+01
2.843662285410000123e+01
2.840323998770000102e+01
2.846378389259999864e+01
2.824098184589999860e+01
2.832052938300000022e+01
2.810672771489999988e+01
2.833267566980000041e+01
2.842613467360000001e+01
2.859614041929999928e+01
2.873989603049999886e+01
2.861685709849999881e+01
2.840590970099999879e+01
2.814698512500000049e+01
2.768063177339999825e+01
2.772842065000000034e+01
2.730145051219999885e+01
2.766011552810000040e+01
2.738904871749999970e+01
2.768508066089999886e+01
2.749983704319999944e+01
2.751846140849999856e+01
2.739945150000000140e+01
2.737389908970000008e+01
2.738908900899999921e+01
2.737701965979999841e+01
2.740902744939999991e+01
2.731553316999999836e+01
2.712830393160000142e+01
2.692765025139999935e+01
2.656479531720000153e+01
2.651170110629999854e+01
2.637285340740000095e+01
2.653221195789999953e+01
2.673800526500000174e+01
2.690877514680000004e+01
2.717549992489999866e+01
2.711265397129999855e+01
2.699796813189999867e+01
2.682312578539999848e+01
2.650263854250000151e+01
2.646411871329999954e+01
2.613602272949999872e+01
2.618160634099999839e+01
2.584460006140000132e+01
2.586378382539999876e+01
2.546615829619999971e+01
2.543934933319999914e+01
2.527815174550000066e+01
2.522854066980000098e+01
2.541448757759999921e+01
2.536375654860000139e+01
2.542699097450000068e+01
2.517278797959999892e+01
2.487587007240000148e+01
2.454087270100000140e+01
2.417160676259999974e+01
2.391983693570000113e+01
2.381422426439999995e+01
2.371668649660000128e+01
2.405945655260000038e+01
2.398320413469999934e+01
2.435652315959999825e+01
2.418326830029999996e+01
2.434139800819999877e+01
2.427105633060000045e+01
2.419620078239999827e+01
2.418332570409999960e+01
2.400329669839999980e+01
2.386969322739999910e+01
2.352653524360000148e+01
2.321404184020000017e+01
2.292017131529999929e+01
2.255069484519999889e+01
2.251561062509999900e+01
2.239159277759999966e+01
2.250769517290000010e+01
2.240436108380000135e+01
2.237730579440000156e+01
2.214460448939999893e+01
2.178800452859999837e+01
2.140375943220000110e+01
2.105340168600000084e+01
2.063614136460000026e+01
2.058446292780000064e+01
2.018576522140000051e+01
2.039635585110000093e+01
1.994456513520000129e+01
2.026912801699999989e+01
2.003133753450000043e+01
2.018620765460000044e+01
2.019832040160000020e+01
2.028155267620000046e+01
2.032773433210000036e+01
2.024415908610000159e+01
2.015286950120000142e+01
1.975942269069999924e+01
1.954938617479999863e+01
1.921681751470000066e+01
1.897186707370000036e+01
1.885371748809999914e+01
1.862104698479999954e+01
1.865220552130000087e+01
1.851964409429999847e+01
1.843403764629999841e+01
1.832663125699999895e+01
1.790162488260000018e+01
1.776157591029999949e+01
1.737882694119999982e+01
1.713097187740000038e+01
1.687881758760000039e+01
1.645987501839999823e+01
1.629517222140000143e+01
1.587772661480000025e+01
1.572255376070000032e+01
1.544054784479999931e+01
1.538945604329999917e+01
1.525298111360000064e+01
1.528705517550000081e+01
1.531596716620000009e+01
1.525273525110000072e+01
1.526414603799999981e+01
1.502884332160000014e+01
1.499320882449999992e+01
1.467215076249999939e+01
1.440459885890000002e+01
1.422834866080000005e+01
1.396693239660000074e+01
1.383886816739999936e+01
1.378278871430000052e+01
1.361352439849999918e+01
1.360378427760000086e+01
1.325311591320000026e+01
1.325440748289999959e+01
1.282135302710000069e+01
1.278871416339999989e+01
1.232924457909999916e+01
1.217459697439999999e+01
1.182546976010000073e+01
1.162148834259999930e+01
1.115503430999999956e+01
1.086542108499999948e+01
1.056686266130000007e+01
1.016439888200000041e+01
9.838960006989999840e+00
9.663332747000000111e+00
9.506868692710000346e+00
9.475462202550000157e+00
9.293052841519999774e+00
9.338242448540000851e+00
9.129288848759999908e+00
8.952247320639999728e+00
8.658735096799999198e+00
8.490565691029999584e+00
8.256556583909999247e+00
8.183174545840000036e+00
7.810630536409999713e+00
7.692437824209999775e+00
7.448792767919999669e+00
7.280484611830000397e+00
6.872487925019999722e+00
6.737308543260000171e+00
6.411846615380000003e+00
6.391383272369999702e+00
6.137005142349999609e+00
5.921999884329999908e+00
5.681091146720000040e+00
5.280406375030000099e+00
4.816347279939999559e+00
4.398750630500000369e+00
3.759859026780000057e+00
3.367925287059999828e+00
3.145429268850000071e+00
2.798232247390000094e+00
2.461681366370000124e+00
2.251807838730000011e+00
2.079239683099999958e+00
1.640825985610000037e+00
1.334427074129999946e+00
1.035936910970000069e+00
7.454441918090000119e-01
3.529217792270000209e-01
2.691767149459999842e-01
-1.610206292059999976e-03
-5.049944249879999569e-01
-9.218238198079999890e-01
-1.619624352960000069e+00
-2.272014384389999808e+00
-2.611411948559999807e+00
-3.026478455489999941e+00
-3.090670586299999911e+00
-3.687005948659999977e+00
-3.966371168049999785e+00
-4.301313191400000235e+00
-5.136246381580000353e+00
-5.763060503740000229e+00
-6.163130463919999968e+00
-7.243994765110000067e+00
-8.144344336839999698e+00
-8.747514472089999771e+00
-9.586197334999999597e+00
-1.090993927919999962e+01
-1.249040943670000026e+01
-1.289862088559999975e+01
-1.538434194899999952e+01
-1.701417459780000030e+01
-1.635492355870000125e+01
-1.629125125359999871e+01
-1.794910302919999978e+01
-1.909618157119999893e+01
-1.915906078769999965e+01
-1.974169121450000119e+01
-1.832497763070000119e+01
-1.696132608910000172e+01
-1.631442250399999949e+01
-1.510403518140000045e+01
-1.388902205229999964e+01
-1.304680437140000038e+01
-1.209964562569999913e+01
-1.100531203589999940e+01
-1.023403318459999944e+01
-9.421738644099999505e+00
-8.478284235780000344e+00
-7.895288512339999620e+00
-7.049380622510000194e+00
-6.944881751629999656e+00
-6.214141136730000348e+00
-5.924078124360000253e+00
-5.649050159799999804e+00
-5.670066563289999806e+00
-5.597853859549999811e+00
-5.808274378720000186e+00
-5.202017504029999628e+00
-4.481504169509999969e+00
-4.006983409610000102e+00
-3.385543611810000186e+00
-3.087698723109999932e+00
-2.572223005800000184e+00
-2.300798028950000074e+00
-2.411238352829999876e+00
-2.384100169739999941e+00
-2.017230067899999923e+00
-1.704693626010000074e+00
-1.650811712739999937e+00
-1.528679591329999976e+00
-1.251593481880000081e+00
-1.133046281329999960e+00
-1.038313272399999931e+00
-9.296358807839999461e-01
-4.571710812990000261e-01
-4.569087218839999742e-02
5.548004456309999499e-01
9.534551979980000480e-01
1.244347543389999977e+00
9.703687918669999801e-01
9.492042905859999768e-01
6.135375840040000472e-01
4.333863215120000167e-01
3.585356996269999930e-01
6.120945494170000334e-01
9.505317588149999608e-01
1.325554270400000068e+00
1.399732738310000002e+00
1.708266568069999991e+00
1.705805991280000100e+00
1.683981803570000046e+00
1.946601848810000090e+00
2.186445875480000023e+00
2.287508734559999812e+00
2.685768257529999925e+00
2.815847738580000037e+00
2.565863340029999939e+00
2.329400006899999820e+00
2.021694029219999855e+00
2.092713510099999841e+00
2.276805639700000050e+00
2.628680061509999888e+00
3.155991223210000030e+00
3.792958452730000207e+00
4.272507791829999846e+00
4.446469040210000223e+00
4.366230175120000112e+00
4.303357518290000350e+00
4.141015774799999605e+00
4.066112803300000245e+00
4.249262107889999918e+00
4.287893563039999911e+00
4.418666140130000031e+00
4.284000380700000221e+00
4.320733555110000346e+00
4.008316216959999956e+00
3.882522432780000088e+00
4.136676121369999848e+00
4.274737950079999571e+00
4.794142689710000127e+00
5.009013965840000360e+00
5.306335643859999784e+00
5.177178464519999856e+00
4.932367511019999817e+00
4.369430823860000146e+00
4.350135405989999704e+00
3.791518278319999879e+00
4.440710912480000161e+00
4.530947464229999611e+00
5.246828888539999625e+00
5.386772936569999892e+00
5.692776850159999569e+00
5.796228838430000252e+00
5.912808644300000083e+00
5.802233249120000380e+00
6.255951503180000373e+00
6.333255646819999640e+00
6.831668200700000249e+00
6.740300731329999628e+00
6.698587025540000184e+00
6.358401641889999567e+00
6.081284762150000134e+00
5.812040695670000368e+00
5.953780666070000116e+00
6.042301798159999571e+00
6.500737808560000275e+00
6.741681433790000177e+00
6.958146472760000201e+00
6.928063579209999823e+00
6.865787142650000341e+00
6.328895446619999809e+00
6.101315453799999844e+00
5.732192406880000313e+00
6.139031557330000055e+00
6.001161139909999775e+00
6.367561560769999573e+00
6.216032710610000400e+00
6.184230230359999858e+00
5.899308634749999669e+00
5.886659807170000036e+00
5.771961306349999710e+00
6.316110222579999878e+00
6.551810983750000261e+00
7.430075308620000207e+00
7.704737370010000141e+00
8.120419581069999282e+00
7.984737138679999902e+00
7.655799861930000283e+00
7.395586744060000051e+00
7.412918863829999871e+00
7.405557215570000018e+00
7.740079177400000177e+00
7.956664095869999898e+00
8.137195168539999912e+00
8.265419059719999240e+00
8.204597588580000433e+00
7.883591394269999775e+00
8.049541217210000710e+00
7.802678664950000176e+00
8.137468444919999655e+00
7.949006651370000398e+00
7.976162067819999812e+00
7.737396549249999644e+00
7.181582010389999660e+00
6.759383871249999842e+00
6.385224951009999650e+00
6.069701836840000198e+00
6.210525160159999558e+00
6.482864027059999756e+00
6.823313647440000018e+00
7.284717760010000376e+00
7.784342364309999596e+00
7.906511234139999900e+00
7.684475785460000097e+00
7.694871224639999951e+00
7.588968420799999670e+00
8.052554804370000596e+00
7.882592336120000098e+00
8.539141693370000397e+00
8.254654524979999408e+00
8.547667618489999342e+00
8.394150113660000301e+00
8.254515381410000074e+00
8.308910198459999563e+00
8.369716918019999952e+00
8.799074239310000323e+00
9.119627741920000474e+00
9.355335924229999378e+00
9.269494011169999936e+00
9.047435196909999533e+00
8.550556303920000545e+00
8.283218499969999371e+00
7.863124838830000130e+00
7.699930891530000210e+00
7.774737117579999968e+00
7.674725247699999642e+00
7.838761108719999982e+00
7.697265804659999766e+00
7.676225898120000224e+00
7.204710899940000246e+00
7.357330770219999927e+00
7.129732881479999840e+00
7.797801605750000142e+00
7.551385007610000422e+00
8.374133075699999651e+00
7.990460845390000344e+00
8.311623868350000777e+00
7.898969690959999568e+00
7.657852250930000437e+00
7.619285977529999698e+00
7.630469687559999770e+00
7.775473181509999776e+00
8.395894253699999865e+00
8.625405616460000147e+00
9.463323330759999763e+00
9.439081873770000186e+00
9.661025096059999484e+00
9.526273614690000002e+00
9.397540000250000247e+00
9.251621265700000762e+00
9.305034707349999934e+00
8.954273237029999777e+00
8.906461741450000247e+00
8.482474562500000204e+00
8.027267523740000854e+00
7.815205810140000153e+00
7.756751907139999958e+00
7.287244916739999745e+00
8.126847727919999542e+00
7.541669894400000018e+00
8.661257382229999635e+00
8.061704163090000819e+00
8.383501303859999254e+00
8.050049339639999246e+00
7.660525344639999901e+00
7.437227323880000185e+00
7.332046721490000252e+00
7.128033240539999760e+00
7.472265327549999725e+00
7.492990155320000234e+00
7.998529500630000122e+00
8.218175801370000144e+00
8.381025626699999620e+00
8.688010084869999261e+00
8.839141840370000835e+00
9.109644664999999364e+00
9.380647356180000784e+00
9.580999943789999307e+00
9.358858854850000242e+00
9.444379036489999990e+00
8.878325496160000441e+00
8.667510029889999856e+00
8.594026947310000608e+00
8.341324773649999358e+00
8.576835752830000104e+00
8.458723251549999489e+00
8.950922032610000301e+00
8.839109920380000318e+00
9.053248441179999162e+00
8.999497170730000661e+00
8.924784603699999153e+00
8.598204313140000110e+00
8.499758712649999381e+00
8.239590745419999251e+00
8.043150766760000181e+00
7.830392684679999604e+00
7.586927597609999907e+00
7.474282803300000388e+00
7.155325736950000071e+00
7.175263892360000284e+00
7.209784641349999745e+00
7.497564441409999780e+00
7.691033483400000037e+00
8.352270033470000854e+00
8.444375944629999964e+00
8.923837887599999519e+00
8.547613990520000371e+00
8.774905238260000573e+00
8.444888424000000171e+00
8.483870571280000661e+00
8.612479990700000698e+00
8.200578344929999375e+00
8.591573990849999731e+00
8.578330450170000177e+00
8.624537770759999944e+00
8.709289201449999851e+00
8.677871286500000281e+00
8.862364598779999270e+00
8.826226245229999989e+00
8.795161699650000386e+00
8.443531570670000264e+00
8.382455975979999252e+00
7.816079881800000351e+00
7.675588348289999807e+00
7.281635875270000113e+00
6.995373276229999604e+00
6.689106583570000097e+00
6.931997892090000057e+00
6.661688173499999976e+00
7.295093600530000444e+00
6.941945847120000401e+00
7.765611447100000397e+00
7.435093367380000373e+00
7.772711075620000187e+00
7.882302995719999927e+00
7.728238307249999828e+00
7.696133426940000355e+00
7.660198801950000025e+00
7.520531000510000119e+00
7.738569057630000358e+00
7.457437992070000021e+00
7.419777922809999815e+00
7.471817281389999899e+00
7.694674134389999587e+00
7.784645813870000097e+00
7.956525712730000421e+00
8.099612208150000825e+00
7.947296139289999672e+00
7.977698037439999723e+00
7.559866013189999734e+00
7.510305084749999693e+00
7.052801731979999822e+00
6.911758022619999942e+00
6.977408392860000141e+00
6.506439390239999732e+00
7.015429642069999971e+00
6.465438942869999650e+00
6.800754291259999640e+00
6.675515233429999640e+00
6.797839000679999799e+00
6.947393611729999918e+00
6.961655253610000038e+00
7.096743265309999771e+00
7.072842903729999797e+00
6.822433905539999621e+00
6.874112010230000180e+00
6.594040916159999988e+00
6.528341443090000418e+00
6.417690253209999973e+00
6.303706423630000444e+00
6.440686448590000168e+00
6.805642522020000307e+00
6.735683632619999806e+00
6.901731385499999760e+00
7.064804910020000328e+00
6.939938985110000402e+00
7.130359863069999804e+00
6.813622343999999664e+00
6.919685008820000149e+00
6.762785231479999659e+00
6.580360543570000331e+00
6.633421457709999913e+00
6.328463817340000297e+00
6.339377300179999786e+00
6.154956187609999851e+00
6.108004628379999801e+00
6.116275609249999690e+00
6.186138387679999795e+00
6.250411350290000279e+00
6.445046775269999806e+00
6.342072314980000236e+00
6.494063078940000011e+00
6.260373029960000224e+00
6.143217962039999591e+00
6.110677348520000329e+00
6.199802888719999849e+00
6.045829242780000001e+00
6.151236474290000089e+00
5.971166333620000266e+00
5.882377870140000020e+00
6.209087165749999748e+00
6.024883854609999645e+00
6.138747903099999625e+00
6.075323163680000249e+00
6.290728331490000436e+00
6.308687949980000376e+00
6.261357289430000250e+00
6.195602909739999831e+00
5.939352780430000145e+00
5.890206531649999633e+00
5.625668522099999791e+00
5.542877764890000059e+00
5.489041791030000006e+00
5.422950069609999701e+00
5.374670510479999663e+00
5.421068245209999859e+00
5.397111665579999773e+00
5.357392001770000078e+00
5.398027674439999757e+00
5.443826661270000145e+00
5.419085880479999950e+00
5.507320525409999945e+00
5.496016673859999813e+00
5.521588253380000033e+00
5.431606502310000195e+00
5.264734113160000284e+00
5.336425333250000236e+00
5.234952203899999823e+00
5.340009129180000258e+00
5.218735579139999636e+00
5.336701551029999990e+00
5.524641548309999983e+00
5.495029788140000093e+00
5.530252743950000216e+00
5.455461925549999869e+00
5.391284992630000161e+00
5.127770819540000247e+00
5.088751773370000286e+00
4.972070378209999753e+00
4.955805216369999933e+00
4.929973559179999576e+00
4.601927073279999725e+00
4.658444756519999785e+00
4.686378247869999569e+00
4.643628489180000152e+00
4.611866818720000261e+00
4.750907115160000416e+00
4.710796089099999584e+00
4.664986363769999755e+00
4.730518576459999736e+00
4.696857843340000116e+00
4.681707522840000024e+00
4.524486490720000198e+00
4.514503560679999694e+00
4.513656112949999688e+00
4.617736835809999718e+00
4.590497458389999785e+00
4.455850856029999640e+00
4.499038533870000300e+00
4.668530752149999685e+00
4.750782441800000200e+00
4.716412537970000152e+00
4.580588083950000389e+00
4.485625647950000072e+00
4.357841868899999582e+00
4.287079217009999610e+00
4.313778745869999653e+00
4.252820841900000204e+00
4.073473047000000236e+00
3.959119992090000206e+00
3.891395052010000022e+00
3.667478411279999850e+00
3.653592261910000083e+00
3.737536706100000217e+00
3.688522305569999826e+00
3.645177955749999921e+00
3.828407026699999882e+00
3.631751283449999868e+00
3.662887592800000203e+00
3.755118593060000176e+00
3.557490360360000103e+00
3.536804550809999892e+00
3.616324041489999974e+00
3.510239428669999828e+00
3.632926733410000164e+00
3.539014487879999837e+00
3.621380518510000091e+00
3.812432165030000153e+00
3.734929771160000023e+00
3.648727906019999967e+00
3.733343037450000068e+00
3.648031332870000032e+00
3.693802825260000144e+00
3.712731840100000014e+00
3.571416549479999869e+00
3.525448299859999857e+00
3.243682455060000080e+00
3.260961772189999941e+00
3.057044070299999916e+00
2.644837619080000035e+00
2.687710749139999855e+00
2.572716586349999890e+00
2.591564288579999875e+00
2.575397584030000075e+00
2.570288797329999930e+00
2.809404607939999909e+00
2.499697257899999858e+00
2.597237310310000158e+00
2.496146294189999892e+00
2.361322343049999883e+00
2.381955344270000108e+00
2.338588060999999829e+00
2.399177935650000038e+00
2.329354860230000046e+00
2.569118928590000017e+00
2.339409233730000093e+00
2.469755806159999789e+00
2.593462639210000198e+00
2.663831689539999825e+00
2.740251537669999848e+00
2.847626899319999794e+00
2.840552041140000039e+00
2.878735615890000155e+00
2.645463018210000072e+00
2.532616249810000220e+00
2.352854438010000049e+00
2.132577367890000186e+00
1.867449609999999982e+00
1.950034313179999979e+00
1.973789147510000008e+00
1.805026337920000001e+00
1.735091156670000023e+00
1.751327709539999944e+00
1.640311858620000063e+00
1.300304168090000045e+00
1.602659125760000025e+00
1.388340464859999956e+00
1.213404586450000044e+00
1.509734102819999979e+00
9.236264799779999590e-01
1.181875330500000043e+00
1.204457024070000104e+00
1.107621366739999891e+00
1.188980580610000004e+00
8.574354870479999891e-01
7.663717622900000359e-01
1.043136742089999958e+00
1.108959291979999984e+00
1.541777089180000004e+00
1.684705070379999947e+00
1.330904284530000092e+00
1.564052863129999915e+00
1.368538873419999913e+00
1.293435666739999990e+00
1.457543939100000019e+00
1.501468958180000035e+00
1.211762959000000084e+00
1.051616763079999961e+00
8.961991159909999949e-01
6.642862294489999542e-01
5.344048097260000185e-01
6.497481637869999549e-01
3.974094509750000226e-01
4.360894900239999927e-01
6.748778844180000069e-01
6.171010754810000165e-01
3.340420315570000187e-01
2.218514016550000023e-01
-3.126107196769999930e-01
-6.557991430659999565e-01
-9.048892315430000499e-01
-9.768584443409999984e-01
-6.644140998299999934e-01
-6.704407366229999665e-01
-7.382036599610000138e-01
-3.944736129359999732e-01
-2.148792212479999908e-01
-3.889863672489999868e-01
-8.500289025710000557e-02
3.956230424280000046e-01
3.829152993609999944e-01
5.251695047009999895e-01
7.583416788560000121e-01
5.820155122879999698e-01
4.101861415390000154e-01
-4.055362973329999787e-02
-2.658860072170000088e-01
-3.597447126459999978e-01
-2.873648397399999888e-01
-6.744127525819999802e-02
-9.340393860439999418e-02
4.703026653810000179e-01
3.858062651490000161e-01
2.000625675109999890e-01
-2.305230535339999887e-01
-3.879454439780000152e-01
-1.297739275969999939e+00
-1.308029562380000010e+00
-1.827668328659999952e+00
-1.952615361699999941e+00
-1.681411426269999954e+00
-1.816253666850000004e+00
-2.444830526920000136e+00
-1.682474869079999991e+00
-1.874925152879999946e+00
-1.489336975380000094e+00
-8.967849478399999574e-01
-1.001094558599999962e+00
-2.402305059510000118e-01
-1.130857138189999972e-01
-1.972101809550000084e-01
-3.406742354210000046e-01
-7.164386133200000284e-01
-1.212490006709999957e+00
-1.146878125540000015e+00
-9.516939137459999865e-01
-4.692071387419999851e-01
-6.671418531920000339e-01
-3.792833187510000204e-01
5.919229688509999865e-02
-2.029708272790000101e-01
-1.339123581989999923e-01
-4.870701986350000068e-01
-7.003365601869999679e-01
-4.270581886789999726e-01
-5.228783313329999904e-01
-1.079212765479999891e+00
-1.362365131960000086e+00
-2.119782715769999992e+00
-2.063972457389999793e+00
-1.785212840380000054e+00
-2.329929270050000056e+00
-2.004328778950000167e+00
-1.707960136380000105e+00
-1.276551444639999922e+00
-6.542639573359999572e-01
-9.182575842040000547e-01
-4.447909634469999762e-01
-8.195510197840000233e-01
-1.252221915930000096e+00
-1.100070165140000000e+00
-1.256055163120000095e+00
-1.467438986679999946e+00
-1.595311623640000009e+00
-2.200460728229999940e+00
-1.454910056679999952e+00
-1.779360135959999978e+00
-1.528050990509999929e+00
-1.393488175109999894e+00
-1.349489531619999960e+00
-5.566968063249999599e-01
-3.347227208290000089e-01
-2.142260432850000007e-01
-5.079347891469999654e-01
-1.137475219119999936e+00
-1.187166294520000109e+00
-1.565496759920000036e+00
-1.755015673139999954e+00
-1.581765256279999976e+00
-1.583393352559999911e+00
-1.111830374570000002e+00
-9.664633217660000275e-01
-1.044910381610000050e+00
-1.018719257589999927e+00
-7.421841964869999586e-01
-1.158731919190000070e+00
-1.294352744690000057e+00
-1.551714617420000053e+00
-1.818165099790000072e+00
-1.804296600250000049e+00
-2.489511303780000073e+00
-2.572257082550000185e+00
-2.960857750070000183e+00
-3.089158539570000084e+00
-2.901895379019999943e+00
-2.857427121979999818e+00
-2.714198944590000107e+00
-1.785817291539999907e+00
-1.429349479969999948e+00
-1.066413145320000089e+00
-8.658720851319999801e-01
-1.169404608210000029e+00
-1.358824113060000061e+00
-1.724533438959999998e+00
-1.811603031660000029e+00
-2.094890981249999840e+00
-1.660415400089999993e+00
-1.841636005140000032e+00
-2.266394316990000046e+00
-2.360259197360000005e+00
-2.218021713420000207e+00
-2.613158342699999803e+00
-2.345371616200000009e+00
-2.113826337089999896e+00
-2.445194009060000173e+00
-2.327034267270000178e+00
-2.552568624290000088e+00
-3.318254718229999956e+00
-3.083469075590000053e+00
-4.184919462899999942e+00
-4.368282206369999976e+00
-4.513564401120000014e+00
-3.846469423719999892e+00
-4.021771884919999707e+00
-3.391259332210000199e+00
-3.167386314169999828e+00
-2.334163374370000099e+00
-2.191672653419999950e+00
-2.980992205160000186e+00
-2.339776823839999853e+00
-2.745106093149999982e+00
-2.966113812000000127e+00
-2.727869886230000152e+00
-2.820864676169999807e+00
-3.209720477069999856e+00
-3.344108838289999941e+00
-4.231041062330000102e+00
-4.873794949209999672e+00
-4.373515454969999716e+00
-4.697341839089999915e+00
-4.139028778060000135e+00
-3.473226357180000168e+00
-3.484240989759999962e+00
-2.847447142660000097e+00
-3.552298021529999961e+00
-4.465133510530000294e+00
-4.429446326499999920e+00
-4.797536051249999822e+00
-5.427257391390000407e+00
-5.191756873510000148e+00
-4.553760088329999789e+00
-4.900261885940000006e+00
-5.082021710470000286e+00
-4.773690101589999735e+00
-4.885476585160000162e+00
-4.416055859830000152e+00
-5.142662189870000233e+00
-4.499347070499999823e+00
-4.206109073020000366e+00
-3.846697309210000082e+00
-4.164458988029999809e+00
-4.637999778250000205e+00
-4.922607471370000098e+00
-6.042562929819999873e+00
-5.613005978740000401e+00
-5.863415564520000345e+00
-5.402918597010000212e+00
-5.161596442999999645e+00
-4.577258607880000163e+00
-3.999063213509999937e+00
-3.499713681269999821e+00
-4.412212291250000362e+00
-4.395132135049999889e+00
-4.650891133360000040e+00
-5.160430150409999861e+00
-5.147276342089999623e+00
-4.902622070869999682e+00
-5.293956705930000339e+00
-6.095252614949999703e+00
-6.407322110570000007e+00
-6.701720890049999824e+00
-6.306651035699999852e+00
-7.757990385580000314e+00
-6.492594367099999708e+00
-5.407722196859999997e+00
-5.285543828879999850e+00
-6.150215904270000422e+00
-5.476638943740000265e+00
-5.989400530990000249e+00
-6.904018539960000034e+00
-6.315396213579999696e+00
-6.428568783530000275e+00
-6.310949215710000004e+00
-6.828809306390000167e+00
-6.054271010679999954e+00
-5.768670799539999727e+00
-6.653873225869999963e+00
-5.169910120139999954e+00
-5.942922519419999716e+00
-6.229888622779999885e+00
-5.342856297930000053e+00
-5.595868125059999976e+00
-6.050638087350000305e+00
-5.834973346469999989e+00
-6.151970172979999596e+00
-7.296342269420000193e+00
-7.298011516219999884e+00
-8.099190616830000522e+00
-8.135571887019999338e+00
-8.321874890049999252e+00
-7.801452388470000443e+00
