-3.620171732739999726e+01
-2.410950808560000169e+01
-6.729004898720000405e+00
1.966739459890000097e+00
7.234213401649999930e+00
1.093038883390000038e+01
1.358137218989999973e+01
1.567918540730000032e+01
1.722099421200000080e+01
1.850475219369999991e+01
1.935884676430000084e+01
2.013507193890000124e+01
2.062768423980000065e+01
2.116239522429999909e+01
2.148871476820000126e+01
2.190322165430000112e+01
2.206512686350000152e+01
2.228469773460000170e+01
2.223458377380000073e+01
2.229276137389999946e+01
2.215526893970000089e+01
2.214608422399999910e+01
2.192395479289999827e+01
2.189447227950000041e+01
2.164263230410000105e+01
2.160026845229999992e+01
2.136060193739999846e+01
2.129697623679999907e+01
2.105442761979999844e+01
2.100008507949999981e+01
2.078810681879999933e+01
2.070001776550000017e+01
2.046795325140000088e+01
2.031576281530000117e+01
1.999836903850000169e+01
1.978430671510000138e+01
1.939655016849999924e+01
1.912600620710000143e+01
1.872581349649999893e+01
1.842019217100000006e+01
1.802758686920000031e+01
1.764048728499999896e+01
1.721009373389999908e+01
1.671896154990000127e+01
1.619288526420000096e+01
1.562521766529999923e+01
1.504177542160000058e+01
1.445201674700000005e+01
1.378089724930000060e+01
1.313163942389999939e+01
1.242004827380000087e+01
1.169440738599999996e+01
1.093959175840000064e+01
1.019482600509999948e+01
9.496613976000000790e+00
8.829310272960000816e+00
8.211346267079999706e+00
7.662645936299999683e+00
7.155021832580000130e+00
6.700074117989999856e+00
6.291902611340000284e+00
6.104734026310000061e+00
5.999020343609999806e+00
6.140016302970000339e+00
6.365949943230000407e+00
6.791942535519999602e+00
7.229095530720000440e+00
7.822350558010000121e+00
8.350475862019999695e+00
8.987768307819999691e+00
9.526405188269999158e+00
1.015067775550000029e+01
1.061341039670000086e+01
1.112008156249999935e+01
1.148468663270000079e+01
1.194654978460000017e+01
1.224606175849999978e+01
1.263972599579999923e+01
1.293245632220000019e+01
1.330473260019999948e+01
1.363843970529999972e+01
1.403694657790000022e+01
1.434231864400000056e+01
1.469675098139999925e+01
1.494859938089999929e+01
1.523311945500000064e+01
1.544932974399999992e+01
1.567100146259999960e+01
1.586872231169999914e+01
1.605749486470000065e+01
1.628543415949999940e+01
1.644854862609999913e+01
1.669992751410000054e+01
1.688592632659999992e+01
1.720912979799999931e+01
1.741679910650000096e+01
1.780999859889999826e+01
1.797484187050000060e+01
1.840136912359999855e+01
1.851089483899999877e+01
1.889019760629999922e+01
1.896508347849999865e+01
1.928687657229999886e+01
1.930304811770000128e+01
1.962617177899999987e+01
1.963399635429999890e+01
1.994065273040000008e+01
1.993363154809999926e+01
2.026270317230000018e+01
2.028776319150000162e+01
2.061026858549999830e+01
2.068091955590000097e+01
2.101344463250000061e+01
2.110111384520000044e+01
2.132579753039999915e+01
2.138068091179999897e+01
2.154448299890000129e+01
2.150660583129999992e+01
2.165626241120000017e+01
2.162741295640000061e+01
2.184483139070000135e+01
2.187643570690000061e+01
2.215030935380000088e+01
2.222165187919999951e+01
2.253835388359999925e+01
2.259175439499999882e+01
2.282062112099999851e+01
2.290795304150000078e+01
2.316273456160000066e+01
2.320266143559999961e+01
2.348315064199999824e+01
2.355653785959999880e+01
2.381298225360000131e+01
2.388884606130000066e+01
2.415349812350000036e+01
2.425473235380000148e+01
2.453421822720000023e+01
2.468104042510000085e+01
2.492397181529999983e+01
2.506560693220000147e+01
2.524179046429999929e+01
2.526485347459999886e+01
2.538197290749999979e+01
2.533115804239999846e+01
2.545267779279999942e+01
2.543094544750000097e+01
2.560969089680000010e+01
2.559223026860000161e+01
2.582534169570000060e+01
2.580099158410000015e+01
2.603203986020000116e+01
2.604493775679999956e+01
2.627156544680000039e+01
2.627942917109999854e+01
2.654047865960000152e+01
2.653875147300000137e+01
2.675882920640000151e+01
2.673060174129999922e+01
2.689406226539999878e+01
2.689511888650000060e+01
2.708962894089999907e+01
2.727672008820000116e+01
2.752343390500000098e+01
2.781617221429999987e+01
2.800294381999999871e+01
2.827154835300000002e+01
2.835575022740000151e+01
2.844632389879999934e+01
2.844275996500000048e+01
2.850765397700000037e+01
2.855713127650000160e+01
2.869540365170000129e+01
2.883471622060000072e+01
2.903630676130000055e+01
2.915804992609999857e+01
2.933401377170000046e+01
2.941709311860000042e+01
2.949209221650000146e+01
2.957251913209999827e+01
2.963111511440000001e+01
2.973217216489999970e+01
2.977708252989999949e+01
2.984219424269999976e+01
2.982350151300000007e+01
2.985259172729999833e+01
2.983031939130000154e+01
2.992081358020000081e+01
3.004231470819999927e+01
3.018165291380000070e+01
3.043058998840000129e+01
3.057325656509999945e+01
3.082216292620000075e+01
3.085397279080000033e+01
3.104271131040000142e+01
3.105892240220000033e+01
3.124189487900000017e+01
3.128604463949999825e+01
3.150828669999999931e+01
3.158462325240000013e+01
3.178846619520000161e+01
3.185024023829999962e+01
3.202485097640000333e+01
3.205714439959999851e+01
3.215695323130000105e+01
3.221506600899999739e+01
3.228540947700000174e+01
3.232037535410000118e+01
3.232748564959999982e+01
3.221878071380000108e+01
3.224797365690000106e+01
3.211201647960000116e+01
3.227011573520000098e+01
3.223317761100000212e+01
3.252080623250000002e+01
3.258844825220000274e+01
3.290959289829999790e+01
3.296231319240000346e+01
3.318287388910000146e+01
3.312297149319999789e+01
3.324696416639999796e+01
3.318418494259999818e+01
3.337769412539999792e+01
3.328613966030000171e+01
3.352899744559999817e+01
3.343036080080000261e+01
3.367922294849999787e+01
3.357129723559999945e+01
3.379058966520000240e+01
3.378733338309999823e+01
3.399473074120000149e+01
3.409817720819999920e+01
3.423602878909999703e+01
3.432506964619999934e+01
3.430964512380000286e+01
3.421875671570000321e+01
3.420639996439999919e+01
3.401943121149999882e+01
3.407219415920000216e+01
3.397158038540000291e+01
3.415848856910000109e+01
3.417106190549999667e+01
3.439245439070000288e+01
3.442594950480000193e+01
3.453055958480000243e+01
3.454759966769999835e+01
3.456390346549999748e+01
3.455087520549999880e+01
3.459006136160000011e+01
3.453319271090000342e+01
3.459759851799999808e+01
3.449974473599999669e+01
3.459048053760000130e+01
3.447336653859999700e+01
3.459999444569999838e+01
3.463234423939999829e+01
3.471986333619999954e+01
3.491385205990000173e+01
3.498982658639999954e+01
3.511355336609999966e+01
3.512075528660000145e+01
3.514266471020000182e+01
3.506695733589999975e+01
3.501555660700000061e+01
3.496534480279999713e+01
3.488925383080000131e+01
3.490236099100000189e+01
3.487249262209999756e+01
3.494331308950000192e+01
3.496615432099999765e+01
3.496362644079999882e+01
3.502500370789999806e+01
3.502220809880000019e+01
3.506409942989999706e+01
3.505967551060000176e+01
3.502342345950000180e+01
3.500950133949999810e+01
3.488894969110000233e+01
3.486737143549999729e+01
3.476373187250000285e+01
3.475391750920000078e+01
3.476577495669999962e+01
3.479587686899999710e+01
3.494713623509999678e+01
3.489863759589999859e+01
3.506861214140000271e+01
3.503837353530000343e+01
3.510859210320000301e+01
3.510394267169999694e+01
3.507139640900000188e+01
3.504221554720000142e+01
3.503439142610000090e+01
3.500403439259999772e+01
3.499210779159999873e+01
3.495790893950000111e+01
3.496072896889999981e+01
3.492004914479999655e+01
3.496731589910000082e+01
3.491773495870000232e+01
3.498316720169999883e+01
3.498815827920000032e+01
3.497376491730000225e+01
3.497068308819999771e+01
3.491763756950000186e+01
3.486233622799999665e+01
3.484810255680000068e+01
3.474318131569999935e+01
3.479382247270000050e+01
3.470137576039999772e+01
3.478925545260000263e+01
3.472413832029999980e+01
3.477686368340000200e+01
3.474422671500000348e+01
3.480345550989999737e+01
3.479859256139999957e+01
3.484286880300000178e+01
3.481274218819999788e+01
3.481325708899999682e+01
3.479589854179999975e+01
3.480172265569999723e+01
3.475934007749999921e+01
3.476493250160000059e+01
3.468256466070000243e+01
3.473961002579999757e+01
3.470404606839999673e+01
3.470513201610000209e+01
3.469573340120000182e+01
3.468910315720000170e+01
3.473413710119999820e+01
3.468909659309999682e+01
3.472379639849999933e+01
3.469807581140000252e+01
3.463292229649999854e+01
3.466886873600000030e+01
3.457616524050000351e+01
3.464674834670000081e+01
3.456393781060000236e+01
3.459362287569999950e+01
3.457228629360000127e+01
3.458694944770000035e+01
3.456823390939999996e+01
3.456408758850000140e+01
3.456588232640000058e+01
3.455881552419999991e+01
3.456320728709999912e+01
3.456525310039999965e+01
3.453639942779999927e+01
3.453710080089999934e+01
3.447969432770000253e+01
3.451551962540000318e+01
3.449244442599999871e+01
3.449369465120000200e+01
3.447190979690000034e+01
3.447172676110000111e+01
3.448203754010000210e+01
3.448066210550000221e+01
3.446724504480000206e+01
3.446393806399999704e+01
3.447274686850000336e+01
3.448032573159999714e+01
3.444665929869999843e+01
3.444110992790000125e+01
3.444905957640000338e+01
3.442941952750000212e+01
3.444605363250000352e+01
3.441732102999999654e+01
3.441557118389999914e+01
3.440108422250000331e+01
3.439124961889999810e+01
3.441339103370000174e+01
3.436299742650000155e+01
3.438058283470000021e+01
3.437439920269999760e+01
3.436481569040000039e+01
3.436546584629999757e+01
3.436138840070000100e+01
3.434372239679999694e+01
3.433008808089999775e+01
3.435006902660000350e+01
3.431832306009999911e+01
3.433829449809999801e+01
3.434235589869999927e+01
3.432721010560000252e+01
3.434291706470000349e+01
3.433095444979999655e+01
3.430809254700000110e+01
3.433288459020000261e+01
3.430548951760000165e+01
3.430797244469999896e+01
3.431703451980000352e+01
3.430442786449999915e+01
3.430745907139999673e+01
3.430028596910000260e+01
3.430504158709999984e+01
3.429446184209999871e+01
3.429036904910000061e+01
3.427570149689999823e+01
3.425650570039999820e+01
3.426591855219999871e+01
3.425713524439999702e+01
3.427011332610000238e+01
3.427393361730000265e+01
3.427464111620000153e+01
3.425737406919999728e+01
3.426213399249999725e+01
3.428278971289999788e+01
3.426107695649999840e+01
3.425745142240000263e+01
3.424869443850000295e+01
3.426759166139999735e+01
3.425513403699999770e+01
3.426960339410000245e+01
3.424838840479999647e+01
3.424683702520000139e+01
3.425454023620000044e+01
3.426477368009999935e+01
3.424284095950000051e+01
3.424459054719999784e+01
3.424726615090000337e+01
3.420708430260000199e+01
3.420378281989999891e+01
3.418674735399999776e+01
3.419286387580000053e+01
3.416415157539999825e+01
3.417920794340000157e+01
3.417044583690000081e+01
3.418643764429999976e+01
3.422515166179999824e+01
3.420954180460000060e+01
3.422047529350000161e+01
3.421029195140000212e+01
3.422004683650000345e+01
3.420996247419999747e+01
3.420519821469999755e+01
3.418777693439999865e+01
3.421065160309999698e+01
3.416022632739999665e+01
3.418021786829999797e+01
3.416390599529999861e+01
3.415964838520000058e+01
3.416199677840000248e+01
3.415297316419999873e+01
3.418956971069999895e+01
3.420795607369999658e+01
3.419320339520000118e+01
3.421031420540000312e+01
3.418628525119999750e+01
3.415163465300000212e+01
3.415501513840000314e+01
3.412522306500000013e+01
3.411041667050000115e+01
3.414174244099999811e+01
3.407021057829999933e+01
3.417721358200000026e+01
3.413228886430000131e+01
3.412801338490000091e+01
3.418582272660000143e+01
3.414175897420000183e+01
3.419637525619999963e+01
3.415955438910000197e+01
3.414821580920000343e+01
3.417076298180000293e+01
3.409363639170000226e+01
3.406333401340000222e+01
3.400494736870000168e+01
3.397594357770000073e+01
3.399131773130000056e+01
3.400349707769999696e+01
3.405934028680000125e+01
3.410508068890000288e+01
3.417145921929999730e+01
3.415130424280000199e+01
3.417900453869999922e+01
3.411348868139999979e+01
3.410412512090000092e+01
3.412117709169999813e+01
3.400333846200000210e+01
3.410593606730000005e+01
3.399545840300000066e+01
3.408062362980000159e+01
3.401789845999999784e+01
3.399516329659999769e+01
3.403470006770000111e+01
3.403610045090000114e+01
3.411712367949999702e+01
3.413886401869999787e+01
3.415086937889999774e+01
3.415765998679999882e+01
3.405838114769999692e+01
3.402323309730000034e+01
3.392785826939999794e+01
3.387461201600000038e+01
3.385284914340000029e+01
3.387433670050000245e+01
3.392170237309999692e+01
3.395610749989999988e+01
3.403757019519999716e+01
3.400656057780000197e+01
3.409549574999999777e+01
3.406972972639999853e+01
3.403865889530000288e+01
3.411372061080000151e+01
3.402840245149999987e+01
3.411954194479999813e+01
3.401027323099999933e+01
3.402360539680000073e+01
3.393989232180000215e+01
3.389110101930000241e+01
3.390461686849999978e+01
3.389285699460000245e+01
3.394256787959999855e+01
3.404260124019999978e+01
3.408151982009999870e+01
3.412929703100000012e+01
3.412135417879999721e+01
3.405484322280000242e+01
3.400180900480000190e+01
3.392829700800000126e+01
3.385692558960000298e+01
3.383342649739999786e+01
3.386601752890000228e+01
3.377959732250000258e+01
3.390152990690000223e+01
3.376232446590000080e+01
3.386015329250000150e+01
3.381189850279999831e+01
3.382081308600000114e+01
3.400174534509999802e+01
3.393505132010000125e+01
3.412166114650000281e+01
3.406234672600000124e+01
3.404358718449999799e+01
3.400888514999999757e+01
3.389690868990000183e+01
3.386970326939999865e+01
3.387200690699999939e+01
3.383266674090000237e+01
3.394996344529999988e+01
3.399804550049999818e+01
3.405759929909999784e+01
3.408561114159999761e+01
3.404472677300000072e+01
3.402084563889999913e+01
3.401545350789999844e+01
3.396091174019999670e+01
3.391971174140000045e+01
3.398192026289999745e+01
3.372673783879999831e+01
3.389547640450000188e+01
3.353992666140000267e+01
3.369585972630000015e+01
3.358707779910000113e+01
3.362791052610000264e+01
3.378745690590000095e+01
3.382581143769999699e+01
3.397756475389999764e+01
3.404330971859999977e+01
3.398579951989999870e+01
3.399189366699999937e+01
3.389545806889999824e+01
3.383555834589999733e+01
3.386191593449999715e+01
3.386538132119999744e+01
3.388998336579999915e+01
3.396082147820000330e+01
3.389687639729999802e+01
3.395678224619999952e+01
3.392202151490000261e+01
3.389518142570000236e+01
3.395412415679999896e+01
3.393000236230000155e+01
3.397078501499999703e+01
3.404942568170000072e+01
3.385190936779999760e+01
3.395971390430000270e+01
3.364818333619999891e+01
3.372914571270000295e+01
3.359965475949999814e+01
3.365003144859999651e+01
3.368315314010000350e+01
3.377630743710000161e+01
3.375625850809999662e+01
3.383437608460000234e+01
3.376599762970000285e+01
3.373303971570000215e+01
3.369415252879999656e+01
3.367410843569999912e+01
3.369016929379999681e+01
3.378789705549999667e+01
3.369404484230000207e+01
3.384081311029999739e+01
3.364900602819999875e+01
3.371020047559999711e+01
3.359940057010000203e+01
3.358960896180000333e+01
3.365079245870000335e+01
3.373645703750000280e+01
3.378584293680000172e+01
3.391687796520000120e+01
3.378154277400000183e+01
3.385674234839999741e+01
3.369736622700000339e+01
3.367953218729999776e+01
3.359130451570000275e+01
3.362715475560000300e+01
3.355634288699999956e+01
3.360453457879999917e+01
3.351525518039999696e+01
3.342078733879999675e+01
3.339411194409999695e+01
3.324457428990000096e+01
3.335852266580000247e+01
3.331578301529999919e+01
3.340397596209999875e+01
3.355049554499999687e+01
3.345130415580000260e+01
3.351388130590000003e+01
3.335323483140000178e+01
3.326441516839999935e+01
3.322935604589999770e+01
3.316627208140000249e+01
3.324745048510000345e+01
3.332862308419999664e+01
3.341035701149999682e+01
3.345408244840000123e+01
3.346708321349999693e+01
3.340170460720000278e+01
3.340994057030000164e+01
3.339925246749999843e+01
3.339291847020000148e+01
3.345783100479999916e+01
3.345049830469999819e+01
3.329202905750000241e+01
3.332703803940000142e+01
3.291924517649999871e+01
3.311956389070000029e+01
3.274564312950000300e+01
3.304609855889999892e+01
3.293618533130000259e+01
3.314394937410000352e+01
3.321993572800000294e+01
3.322195530839999833e+01
3.320700698030000098e+01
3.310066938370000145e+01
3.298355920299999866e+01
3.295563769209999805e+01
3.293112894229999910e+01
3.303690486459999676e+01
3.300397134199999982e+01
3.309998749399999696e+01
3.294173544320000246e+01
3.302070512440000272e+01
3.284567916200000326e+01
3.300447687350000336e+01
3.302859566760000121e+01
3.315044107250000138e+01
3.330311919230000228e+01
3.326793824500000341e+01
3.318847324019999689e+01
3.310125839399999848e+01
3.267343250990000314e+01
3.285383370720000329e+01
3.240621100980000335e+01
3.278775986939999854e+01
3.249430351040000176e+01
3.283933037319999926e+01
3.268342279969999709e+01
3.279961414980000001e+01
3.268609188669999810e+01
3.270211046149999845e+01
3.263949188950000035e+01
3.267814093009999965e+01
3.269335664279999776e+01
3.266264091520000079e+01
3.253109118940000144e+01
3.243546125520000345e+01
3.211208123250000313e+01
3.208557903009999990e+01
3.188393875030000046e+01
3.202037398960000303e+01
3.214994370819999858e+01
3.231706637959999995e+01
3.257444602940000067e+01
3.252896363109999811e+01
3.251437481159999976e+01
3.247332442359999760e+01
3.210341683050000228e+01
3.221160850180000068e+01
3.183967601779999868e+01
3.205791153879999911e+01
3.170144562970000024e+01
3.183925723999999846e+01
3.151538471279999953e+01
3.153269430989999833e+01
3.136694181600000064e+01
3.138193216390000018e+01
3.148454231930000091e+01
3.146941928069999861e+01
3.158260618979999990e+01
3.140248181930000015e+01
3.119510564469999991e+01
3.095630421099999907e+01
3.052386942689999927e+01
3.030097930750000046e+01
3.017801563620000138e+01
3.016460999759999950e+01
3.039763528940000015e+01
3.036699825350000026e+01
3.068571048029999915e+01
3.065938474300000038e+01
3.081258698350000103e+01
3.075185940100000082e+01
3.065959862340000086e+01
3.069742672150000118e+01
3.054606659899999954e+01
3.047931716029999905e+01
3.015284213119999990e+01
2.992178421470000060e+01
2.960226142490000001e+01
2.938186980400000081e+01
2.927214408580000082e+01
2.914271140430000173e+01
2.929126365300000145e+01
2.923864248750000172e+01
2.921648015419999922e+01
2.905043026910000137e+01
2.868023512819999965e+01
2.829458142509999874e+01
2.799258724010000066e+01
2.752795754470000134e+01
2.750035353069999999e+01
2.711489041940000178e+01
2.732248004699999910e+01
2.694946737680000126e+01
2.721263232660000142e+01
2.704317678259999980e+01
2.720403270590000133e+01
2.722016850909999874e+01
2.730988273139999833e+01
2.736082848219999875e+01
2.723710713330000033e+01
2.722995970339999872e+01
2.686515837609999835e+01
2.660802301709999895e+01
2.632643416730000041e+01
2.601296470280000150e+01
2.594335528819999936e+01
2.567923050839999988e+01
2.570581751960000005e+01
2.565350497520000062e+01
2.551708917630000073e+01
2.542518435059999860e+01
2.500167615899999873e+01
2.487558712830000118e+01
2.446197148439999935e+01
2.413311988799999952e+01
2.391818743969999872e+01
2.350391212290000098e+01
2.337657593000000134e+01
2.296352174380000122e+01
2.283091854890000150e+01
2.251969012929999892e+01
2.246244322389999937e+01
2.237777522449999879e+01
2.239033712100000173e+01
2.246703147990000105e+01
2.234034944460000105e+01
2.241051688259999963e+01
2.213807160660000051e+01
2.201023527090000087e+01
2.175444044199999993e+01
2.152542486429999968e+01
2.123843311299999925e+01
2.101343149050000036e+01
2.092772083759999902e+01
2.086932158260000136e+01
2.066596373369999995e+01
2.059686933180000068e+01
2.036748826530000045e+01
2.029374708530000149e+01
1.992744025200000024e+01
1.978036452730000150e+01
1.940378593970000054e+01
1.918129674809999941e+01
1.884813556960000014e+01
1.857598278949999937e+01
1.824213088040000130e+01
1.790019091710000154e+01
1.751262815480000157e+01
1.712667341139999877e+01
1.679868246439999879e+01
1.671049234559999874e+01
1.649442941019999864e+01
1.656626645960000133e+01
1.635667295460000048e+01
1.633108652720000009e+01
1.617275259930000075e+01
1.601173687400000034e+01
1.568576100119999950e+01
1.544220304999999982e+01
1.519789526749999986e+01
1.499080287299999981e+01
1.482067039340000036e+01
1.469531311869999968e+01
1.442466739239999995e+01
1.418340769669999979e+01
1.388364765580000082e+01
1.372286237770000028e+01
1.333771114139999980e+01
1.329618183860000080e+01
1.305223545670000007e+01
1.287629616729999960e+01
1.257285625289999942e+01
1.214542208680000002e+01
1.167320341409999962e+01
1.116763182360000073e+01
1.066829497480000022e+01
1.028245954940000040e+01
9.897358078990000863e+00
9.631234126729999900e+00
9.374752141440000131e+00
9.143485737509999822e+00
8.882836555749999974e+00
8.527207978319999881e+00
8.239061449419999406e+00
7.881415982620000094e+00
7.609977502659999615e+00
7.441142831529999668e+00
7.154874667629999685e+00
6.908521573309999830e+00
6.376906658960000307e+00
5.695381488319999796e+00
5.187708540560000081e+00
4.620817735880000221e+00
4.133296261219999934e+00
3.778762371340000037e+00
3.472966940270000080e+00
3.277620785449999907e+00
2.903784009919999853e+00
2.333829115919999975e+00
1.893103350320000100e+00
1.090878684430000023e+00
1.928683814419999976e-01
-5.935694494709999880e-01
-1.354989999600000106e+00
-1.967488386349999896e+00
-2.772351309119999829e+00
-3.995640870109999909e+00
-5.530214886589999601e+00
-5.924545101149999660e+00
-7.983829220849999686e+00
-8.748627017329999589e+00
-1.092224671359999988e+01
-1.152073707279999937e+01
-1.159077938020000076e+01
-1.227044826470000061e+01
-1.218495232659999949e+01
-1.233610029479999959e+01
-1.122680223989999959e+01
-9.685632415100000614e+00
-9.274015840640000619e+00
-8.126954883530000728e+00
-7.163970643269999883e+00
-5.996201001910000272e+00
-4.798850115199999600e+00
-4.004570914520000358e+00
-3.252558475569999885e+00
-2.488992938540000033e+00
-1.982507727750000059e+00
-1.290253570039999964e+00
-5.081755514929999773e-01
1.396843584880000100e-01
6.206358799360000011e-01
1.005047157999999996e+00
8.197727334690000367e-01
1.029827274919999924e+00
9.457247383500000382e-01
1.094669099729999928e+00
1.398584208069999946e+00
1.918609540370000088e+00
2.589019459250000210e+00
3.359710504820000221e+00
3.764530796699999904e+00
3.927139913189999998e+00
4.122545783619999682e+00
4.183473776849999659e+00
4.198585553970000106e+00
4.497548001750000246e+00
4.754476792200000190e+00
5.110180046199999992e+00
5.219359264060000392e+00
5.334937006659999703e+00
5.371994879079999841e+00
5.510641420389999823e+00
5.743125132820000367e+00
6.134503074270000411e+00
6.424947438140000244e+00
7.020191548259999692e+00
7.467262806219999938e+00
7.686537608600000127e+00
7.666226839620000177e+00
7.384313304319999993e+00
6.967867881890000170e+00
6.902898030100000248e+00
7.007600722840000351e+00
7.287434588620000042e+00
7.598677364720000327e+00
7.841296721119999980e+00
8.134122359970000105e+00
8.299835913400000820e+00
8.305632632080000022e+00
8.353367727249999319e+00
8.535776827150000301e+00
8.812560405030000155e+00
9.029530296589999949e+00
9.302502284479999162e+00
9.371406603329999641e+00
9.202684517619999838e+00
8.900275042920000601e+00
8.687501821619999731e+00
8.736656988080000019e+00
8.623752928989999234e+00
9.204258388570000449e+00
9.683702710469999531e+00
1.042305485580000024e+01
1.078813169370000047e+01
1.102186632409999945e+01
1.085865801199999936e+01
1.086977913680000007e+01
1.066919551560000023e+01
1.071425173839999978e+01
1.066584728309999974e+01
1.086135650429999977e+01
1.081572152150000043e+01
1.083490319999999940e+01
1.072568715160000075e+01
1.048025892110000079e+01
1.041401097039999968e+01
1.059909138619999958e+01
1.073377869760000003e+01
1.130939418220000015e+01
1.153163051259999961e+01
1.176494424130000027e+01
1.157164341850000078e+01
1.139611497329999956e+01
1.083829997019999958e+01
1.092779002610000028e+01
1.044467111690000038e+01
1.097030610310000043e+01
1.093871860560000009e+01
1.162350342490000088e+01
1.174922542150000027e+01
1.217690760640000036e+01
1.219337756450000043e+01
1.234629741750000065e+01
1.232769175730000022e+01
1.278322666010000042e+01
1.281912070059999920e+01
1.323320516849999962e+01
1.317295196419999925e+01
1.304506499959999921e+01
1.273945029040000065e+01
1.247946791540000078e+01
1.222755936669999954e+01
1.232411765790000047e+01
1.237468489789999992e+01
1.280120004199999961e+01
1.316439571599999958e+01
1.333851422739999926e+01
1.331672846829999912e+01
1.318398584380000038e+01
1.279829908580000009e+01
1.264193660409999964e+01
1.227864915490000008e+01
1.261965013220000031e+01
1.253239470359999963e+01
1.281479415000000088e+01
1.265365331109999936e+01
1.259520620730000040e+01
1.247628502689999941e+01
1.241326576189999997e+01
1.230581482210000033e+01
1.279123191240000068e+01
1.302690668079999980e+01
1.373460555720000009e+01
1.414777583699999930e+01
1.445744045380000031e+01
1.430969376550000050e+01
1.406436958459999964e+01
1.386208540039999981e+01
1.385643437499999919e+01
1.381588427219999993e+01
1.401422684219999937e+01
1.436602709199999950e+01
1.437782275640000051e+01
1.469093942609999992e+01
1.447155315620000060e+01
1.428208039000000085e+01
1.449190729070000039e+01
1.420387826540000020e+01
1.458491079420000069e+01
1.439153809169999931e+01
1.435009543820000033e+01
1.411929058449999985e+01
1.359259434109999987e+01
1.317691317160000075e+01
1.293500096190000015e+01
1.266301381409999927e+01
1.272241932130000031e+01
1.288301018239999962e+01
1.327019492380000010e+01
1.383410235959999923e+01
1.400583244639999947e+01
1.432924000520000085e+01
1.414113178809999916e+01
1.421107680249999916e+01
1.401392312609999991e+01
1.448519584119999948e+01
1.420110122740000058e+01
1.479760096809999936e+01
1.455311269529999940e+01
1.483670218319999989e+01
1.469327438030000010e+01
1.464778530549999935e+01
1.473713646610000083e+01
1.482102632990000046e+01
1.509001362040000060e+01
1.556594314260000012e+01
1.571945557059999921e+01
1.566746547260000000e+01
1.532053161450000012e+01
1.498626016799999938e+01
1.463496451349999994e+01
1.439150986479999972e+01
1.411619538619999936e+01
1.420014397859999988e+01
1.407813693199999960e+01
1.429340504490000008e+01
1.411574387399999964e+01
1.406207173940000033e+01
1.373089227630000053e+01
1.394379164369999913e+01
1.362754100689999959e+01
1.424092983240000088e+01
1.405092095480000047e+01
1.471370097049999970e+01
1.437682621549999951e+01
1.466139424990000073e+01
1.427376695020000064e+01
1.421031210419999979e+01
1.396027073910000027e+01
1.416869306369999926e+01
1.410476999860000014e+01
1.485542299229999941e+01
1.498657710610000038e+01
1.568292145370000057e+01
1.581773133119999919e+01
1.597549071090000083e+01
1.593351695389999989e+01
1.581716665589999948e+01
1.574640957899999982e+01
1.565317352439999965e+01
1.544211843569999942e+01
1.519955726010000063e+01
1.492893112460000005e+01
1.458967188119999925e+01
1.430765548119999941e+01
1.434909369250000033e+01
1.387011952429999972e+01
1.469109547579999919e+01
1.411242381709999982e+01
1.518519715370000078e+01
1.465902221330000010e+01
1.491081229149999920e+01
1.456611176380000039e+01
1.426508975239999977e+01
1.391679430820000007e+01
1.390941471270000029e+01
1.369793425329999970e+01
1.399430189639999966e+01
1.398077379210000082e+01
1.437915199260000065e+01
1.461073282389999939e+01
1.485415173900000063e+01
1.508826695419999986e+01
1.525441132529999955e+01
1.552676695419999930e+01
1.559271833510000071e+01
1.598144769570000001e+01
1.559451100569999937e+01
1.581021798769999975e+01
1.524639784000000020e+01
1.517758060399999920e+01
1.507476865900000007e+01
1.482145579190000007e+01
1.519478484829999942e+01
1.497655393560000014e+01
1.540470412850000059e+01
1.539452720939999963e+01
1.551371446039999924e+01
1.545486875089999934e+01
1.532225873470000010e+01
1.513885997739999922e+01
1.495649979370000082e+01
1.467493651500000063e+01
1.449661972810000066e+01
1.433858456109999935e+01
1.416949389710000062e+01
1.396126901489999916e+01
1.375208468309999965e+01
1.377912986449999977e+01
1.370746471860000071e+01
1.392299402319999935e+01
1.396736096999999965e+01
1.457975146279999912e+01
1.447420324760000021e+01
1.523439302120000072e+01
1.477145284040000028e+01
1.513468862170000051e+01
1.489852874860000043e+01
1.473830975329999937e+01
1.475303437100000004e+01
1.460045669029999971e+01
1.473615319700000015e+01
1.479948693110000058e+01
1.480897278469999989e+01
1.508990266460000029e+01
1.502219398179999921e+01
1.514831806269999959e+01
1.509127891159999990e+01
1.502803002509999963e+01
1.491523331590000012e+01
1.467564618799999998e+01
1.434237132660000036e+01
1.405427051480000067e+01
1.366478999739999978e+01
1.340998296669999945e+01
1.307298302489999919e+01
1.323780927029999965e+01
1.276280021080000004e+01
1.350014247010000012e+01
1.324342675429999971e+01
1.396344534660000036e+01
1.369461595970000012e+01
1.412955612330000044e+01
1.411750106410000072e+01
1.405625952609999985e+01
1.399797758010000059e+01
1.392845299600000075e+01
1.366713894609999969e+01
1.382954309880000032e+01
1.365503752699999929e+01
1.346324150380000084e+01
1.364340360359999949e+01
1.373031792479999957e+01
1.394262325220000065e+01
1.416718258719999923e+01
1.429991517050000027e+01
1.408579423960000021e+01
1.415805227040000069e+01
1.391405508569999938e+01
1.389443819249999912e+01
1.352356515459999997e+01
1.327621406339999943e+01
1.326210658469999970e+01
1.281674906780000001e+01
1.322114923410000031e+01
1.270725214489999999e+01
1.307345318980000037e+01
1.289457046399999918e+01
1.303580366929999990e+01
1.311704806830000081e+01
1.324198978109999913e+01
1.321348270919999912e+01
1.323748259429999941e+01
1.309067460099999991e+01
1.310564748420000036e+01
1.283491456249999985e+01
1.274671668150000059e+01
1.264253642439999936e+01
1.263517811660000056e+01
1.269917399210000042e+01
1.289459585620000048e+01
1.280770217050000070e+01
1.296381869060000014e+01
1.319424739659999979e+01
1.310137236749999978e+01
1.331761119419999950e+01
1.312482533180000033e+01
1.308952973030000067e+01
1.307533093800000046e+01
1.289058567000000011e+01
1.291313802029999991e+01
1.254007289549999982e+01
1.262380863879999993e+01
1.240667733579999954e+01
1.237375912409999934e+01
1.227747624699999918e+01
1.230277252309999980e+01
1.243648865790000002e+01
1.243753300260000039e+01
1.250279089100000007e+01
1.253578629000000078e+01
1.248765811450000029e+01
1.226617244330000034e+01
1.233601918169999934e+01
1.215831661670000052e+01
1.218540743650000024e+01
1.215451900380000083e+01
1.218103944149999940e+01
1.210399743900000047e+01
1.233854977570000067e+01
1.219073304049999962e+01
1.245871833670000051e+01
1.230389666900000023e+01
1.238241853759999955e+01
1.249293339699999983e+01
1.231630790290000022e+01
1.237927040519999977e+01
1.217785083090000064e+01
1.212331052989999947e+01
1.190153872780000022e+01
1.176038670650000029e+01
1.168471019050000059e+01
1.163186699269999913e+01
1.153037315669999963e+01
1.149341202949999996e+01
1.156137348650000085e+01
1.152626041839999971e+01
1.166161534729999971e+01
1.157912085899999965e+01
1.155426866270000019e+01
1.165981512559999977e+01
1.161442698179999944e+01
1.155054929219999948e+01
1.165243371090000046e+01
1.134704349969999981e+01
1.146693103910000033e+01
1.142483196619999930e+01
1.146905322890000001e+01
1.134040715030000079e+01
1.163210899419999933e+01
1.161227500689999914e+01
1.178796280399999930e+01
1.172665046999999916e+01
1.181565281830000025e+01
1.167564737900000083e+01
1.159616853420000027e+01
1.145042155600000022e+01
1.137610814609999998e+01
1.124794090600000018e+01
1.108865909250000037e+01
1.106785374150000045e+01
1.092741001399999945e+01
1.098085278429999967e+01
1.084900166419999934e+01
1.086783938499999991e+01
1.084639980759999922e+01
1.082259603059999975e+01
1.085924287749999984e+01
1.093588795830000038e+01
1.101028317449999960e+01
1.089086573129999991e+01
1.084031626710000040e+01
1.080976428249999977e+01
1.064469238490000080e+01
1.066906811750000017e+01
1.070077492469999925e+01
1.078358526889999958e+01
1.081648541590000079e+01
1.080757964010000016e+01
1.095584015280000045e+01
1.096632778500000072e+01
1.091956445149999944e+01
1.087711804819999983e+01
1.081862127740000012e+01
1.070508079740000085e+01
1.067895826940000070e+01
1.064392614369999990e+01
1.059276611589999995e+01
1.049652685979999944e+01
1.030352740520000054e+01
1.030902136189999929e+01
1.015265622070000084e+01
1.017527253509999952e+01
1.012194725430000020e+01
1.008520283250000027e+01
1.007142141469999963e+01
1.001768196699999969e+01
1.014254692709999972e+01
1.011500173229999966e+01
1.002123506240000061e+01
9.922291309149999350e+00
9.929352794490000633e+00
9.835101705090000479e+00
9.848563362560000201e+00
1.000218664329999996e+01
9.950040564820000100e+00
9.999278641969999271e+00
1.009269229859999939e+01
9.941039812410000565e+00
1.008534341740000073e+01
9.907814085200000065e+00
9.945640078969999465e+00
1.015923889609999975e+01
1.017449214670000046e+01
1.011827367389999921e+01
9.913835132690000052e+00
9.867085798850000700e+00
9.546518711830000115e+00
9.510758366790000196e+00
9.379560875839999312e+00
9.268466389460000343e+00
9.171022115170000433e+00
9.284621324990000701e+00
9.296574574730000151e+00
9.253692694119999729e+00
9.127527005470000177e+00
9.124851457160000123e+00
9.061374863110000177e+00
9.001255598520000234e+00
9.071222497260000850e+00
8.930414458990000526e+00
9.008712522090000618e+00
8.959717016669999978e+00
8.900697702880000506e+00
8.806960891719999296e+00
8.890099585999999832e+00
9.113178603350000628e+00
9.076538358309999666e+00
9.182586528550000793e+00
9.137630030600000453e+00
9.281859970070000188e+00
9.469403203380000633e+00
9.148265619100000023e+00
9.158763622720000441e+00
8.948649229760000878e+00
8.824510241229999608e+00
8.838226832629999308e+00
8.697520371750000479e+00
8.526484310540000777e+00
8.757848256480000870e+00
8.463979407969999258e+00
8.466813463830000330e+00
8.358247544699999310e+00
8.249206612469999200e+00
8.161107684719999256e+00
8.120933333849999158e+00
7.993698951849999901e+00
8.133430122480000080e+00
7.909470626840000129e+00
7.789798644280000239e+00
7.628328816559999836e+00
7.477446045949999842e+00
7.392545758439999837e+00
7.241722072119999964e+00
7.412460839180000427e+00
7.370455355429999855e+00
7.608776417579999674e+00
7.767653048139999683e+00
7.821793725770000094e+00
7.989356814939999829e+00
8.059412459189999822e+00
7.897031999310000216e+00
8.104733855410000132e+00
8.038605298849999414e+00
7.816271504100000378e+00
7.926924235769999605e+00
7.693906824709999981e+00
7.718110520559999799e+00
7.546482901600000126e+00
7.300866292860000328e+00
7.455553125759999844e+00
7.386600988589999695e+00
7.357179134719999958e+00
7.497184743400000073e+00
7.396876305390000184e+00
7.195370749950000366e+00
6.977166652720000251e+00
6.475325386489999779e+00
6.245983781909999699e+00
5.820377517749999896e+00
5.663160291369999655e+00
5.619734975430000112e+00
5.698013314019999775e+00
5.813715044470000315e+00
6.043220484299999917e+00
6.063943217460000312e+00
6.220566961240000303e+00
6.390667868769999593e+00
6.674010481339999856e+00
6.852927844649999933e+00
6.961806007999999935e+00
6.882910531480000316e+00
7.090367296520000195e+00
6.818322380089999690e+00
6.750974965250000182e+00
6.386326708350000381e+00
6.395071206789999962e+00
6.208395661720000014e+00
6.431256181500000224e+00
6.669392602570000328e+00
6.852940313100000402e+00
6.742036495329999823e+00
6.907676236410000392e+00
6.428064685839999903e+00
6.271688140270000211e+00
5.776321971799999844e+00
5.741524670059999558e+00
5.406552040800000292e+00
5.253017930210000408e+00
5.157996440379999825e+00
5.123754072889999733e+00
4.642625220140000231e+00
4.892117822260000359e+00
4.803011188040000157e+00
5.027699293400000435e+00
5.211162503049999728e+00
5.647321633899999860e+00
5.908165884919999833e+00
6.255272312149999792e+00
6.145391338399999626e+00
5.938182749620000145e+00
5.664464904479999952e+00
5.467680436750000261e+00
5.411761703959999892e+00
5.288552777509999636e+00
5.862046075430000336e+00
5.866399790790000068e+00
5.884694583019999925e+00
6.247151156160000163e+00
6.127972697999999774e+00
6.442448771689999631e+00
6.179941496229999665e+00
6.190574042479999761e+00
6.139285765060000344e+00
5.979155276000000185e+00
5.556960529939999560e+00
5.199241125350000381e+00
4.890508000409999667e+00
4.785450611279999933e+00
4.674245127069999839e+00
4.437180132900000018e+00
4.696902009619999596e+00
4.964322209549999698e+00
5.582737268859999880e+00
5.918684492459999724e+00
5.874310760740000248e+00
5.836621388770000252e+00
5.505226979609999738e+00
5.585241646790000125e+00
5.182558485969999573e+00
4.814454523390000240e+00
4.973122350799999758e+00
4.821477207410000076e+00
4.552068586559999908e+00
4.764231222270000288e+00
4.405838777309999621e+00
4.582031626290000048e+00
4.673002957359999598e+00
5.093337121170000259e+00
5.748781901980000164e+00
5.933873802419999954e+00
6.245531875450000214e+00
5.983985310449999595e+00
5.843948234409999998e+00
5.465358521699999805e+00
4.770931875649999654e+00
4.612720019540000216e+00
4.726450147439999583e+00
4.929249153489999813e+00
5.070163005120000399e+00
5.579141056310000124e+00
5.672151128700000378e+00
5.762359460069999884e+00
5.596382549890000391e+00
5.376433665240000437e+00
5.271580360769999807e+00
5.137232497830000355e+00
4.962471489040000350e+00
4.711446782920000409e+00
4.124515888060000357e+00
3.788004951460000047e+00
3.497456863550000072e+00
3.337490722580000124e+00
3.283227292839999922e+00
3.419006442800000212e+00
3.687728731049999986e+00
4.060167061299999602e+00
5.045714281859999595e+00
5.428579075090000039e+00
5.588140859060000132e+00
5.312499139419999850e+00
4.999693666909999834e+00
4.726675376390000238e+00
4.584004505170000243e+00
4.360756851399999690e+00
4.648624115019999614e+00
4.452387623109999915e+00
4.422757213359999717e+00
4.250016413049999997e+00
4.344262400759999920e+00
4.208503940249999964e+00
4.149528733270000380e+00
4.076661918360000136e+00
4.382270809299999570e+00
4.269083601290000196e+00
3.929342634679999779e+00
3.341569035250000042e+00
2.495769964930000029e+00
2.332543910420000088e+00
2.257320175089999825e+00
1.839796306980000073e+00
2.348543951359999937e+00
2.598972138889999783e+00
3.194661301150000021e+00
3.487675271150000089e+00
3.893979489689999962e+00
3.909652849920000062e+00
3.935421977269999871e+00
3.583809905589999900e+00
3.799468281929999858e+00
3.725161338429999969e+00
3.661500829800000023e+00
3.508514447800000102e+00
2.864790737089999872e+00
2.419469535719999786e+00
2.367809595789999833e+00
1.719996397599999893e+00
1.441284820999999994e+00
1.722410539309999988e+00
2.463500474990000022e+00
2.677425933559999915e+00
3.280132958719999881e+00
3.075784470829999950e+00
2.579436838329999926e+00
2.065763674319999854e+00
1.979665752260000078e+00
1.295298438919999962e+00
1.359237085169999970e+00
1.381011876649999914e+00
1.556274123609999949e+00
1.471047495239999892e+00
1.456081206899999980e+00
1.624097965730000093e+00
1.607858601220000017e+00
1.546450965460000049e+00
1.465904506420000031e+00
1.528189777089999923e+00
1.801970719500000095e+00
1.900995651209999915e+00
1.311299458949999996e+00
1.435677941480000053e+00
9.226800051029999672e-01
-2.930933837560000255e-01
1.877011431900000027e-01
-4.052709690160000156e-01
2.299455825579999890e-01
8.620050663560000492e-01
1.426442498289999916e+00
1.787021210810000094e+00
1.921184528189999963e+00
1.722592170300000003e+00
1.267748745700000068e+00
9.455599461670000094e-01
9.089152563190000533e-01
9.616288465819999853e-01
5.672594049079999756e-01
8.955713429039999784e-01
-2.917872441430000019e-01
-4.279006630659999977e-01
-1.088854969390000038e+00
-1.228167686399999958e+00
-1.628250713869999977e+00
-6.191972274300000523e-01
-9.617888645569999673e-01
-1.260480696450000104e-01
-1.543073026389999991e-01
4.497356322630000069e-01
-2.835138850150000223e-01
-8.177229572190000129e-01
-1.665269518949999972e+00
-1.588129140069999945e+00
-8.471452456610000237e-01
-9.647720123670000536e-01
-8.991697082109999517e-01
-5.379100300569999993e-01
-5.276439601999999979e-02
7.146560775509999686e-02
-1.659996553649999984e-01
-2.263528223219999913e-01
5.422422715629999779e-01
-3.936772635239999679e-02
-5.781000051489999791e-02
-4.527447599130000055e-01
-5.264529610929999937e-01
-1.378560608759999973e+00
-1.566650997940000067e+00
-2.746957276869999909e+00
-3.096211563129999789e+00
-1.976156886969999915e+00
-2.753619772740000027e+00
