-4.962222830019999975e+01
-4.093090539429999808e+01
-2.136731995879999957e+01
-1.060780057120000031e+01
-3.634210326209999842e+00
-3.712685329100000042e-01
4.602987332929999731e-01
8.283714927359999702e-01
1.220914976750000047e+00
1.919725458570000098e+00
2.720415286330000182e+00
3.836643519589999940e+00
5.011627870809999941e+00
6.446495800640000162e+00
7.591729913700000054e+00
8.442566489640000782e+00
8.416343823140000069e+00
8.047280160070000576e+00
7.249696517310000310e+00
6.729554450010000188e+00
6.174492574600000339e+00
6.004424934540000258e+00
5.877191789180000292e+00
6.117703062090000365e+00
6.384253488989999781e+00
6.887819350850000077e+00
7.228240485899999790e+00
7.553275184850000379e+00
7.470327026859999719e+00
7.195171721650000407e+00
6.564415441629999570e+00
5.966058411889999746e+00
5.202225241399999867e+00
4.616631855849999688e+00
4.002617224409999785e+00
3.574444200909999925e+00
3.088606791440000165e+00
2.800556599880000164e+00
2.433691636099999833e+00
2.199039302120000094e+00
1.858983405969999891e+00
1.522855440260000082e+00
9.444962239130000325e-01
2.257533871959999938e-01
-7.939445560900000309e-01
-1.983878788449999986e+00
-3.313706832769999888e+00
-4.624296857310000064e+00
-5.861403139640000148e+00
-6.917988421409999589e+00
-7.809887022849999916e+00
-8.477793940750000701e+00
-8.931434989210000452e+00
-9.207789064460000006e+00
-9.427310332990000319e+00
-9.821606954980000026e+00
-1.065496541549999954e+01
-1.199231761339999913e+01
-1.356517885699999937e+01
-1.510530544550000087e+01
-1.640669930190000159e+01
-1.723392948580000095e+01
-1.767127647350000075e+01
-1.764172202789999844e+01
-1.728923659939999879e+01
-1.638011557680000152e+01
-1.534625523100000066e+01
-1.414067293839999984e+01
-1.339391825539999914e+01
-1.310798462139999998e+01
-1.347628655819999999e+01
-1.404968355719999984e+01
-1.458487568670000023e+01
-1.486948589960000078e+01
-1.489718261580000025e+01
-1.458226068509999962e+01
-1.401300085819999985e+01
-1.312042260710000008e+01
-1.199480366120000063e+01
-1.078376225619999929e+01
-9.726032319410000682e+00
-9.160656485800000581e+00
-9.360516930710000238e+00
-9.968969150979999583e+00
-1.070779640429999979e+01
-1.126213387600000004e+01
-1.155266047549999975e+01
-1.153448283380000028e+01
-1.129423538460000032e+01
-1.073409683769999923e+01
-9.844640130800000222e+00
-8.853254188539999348e+00
-7.688881919930000031e+00
-6.976099221500000169e+00
-6.716455117389999785e+00
-7.204926157390000085e+00
-7.781000075619999734e+00
-8.528061610410000881e+00
-8.840137154789999840e+00
-9.091128370710000794e+00
-8.760003759570000881e+00
-8.430092893679999477e+00
-7.504419574179999941e+00
-6.691947870669999965e+00
-5.451212026450000359e+00
-4.733597560839999829e+00
-4.155423827239999923e+00
-4.440113595419999726e+00
-4.758674013480000298e+00
-5.474057349779999804e+00
-5.739547543959999665e+00
-6.053304619899999572e+00
-5.924410985249999761e+00
-5.815118023850000206e+00
-5.388736440739999800e+00
-5.139054269469999880e+00
-4.848176146280000154e+00
-5.066449659929999960e+00
-5.440345020929999720e+00
-6.349466542970000127e+00
-7.244080117320000234e+00
-8.524398336750000027e+00
-9.570204023089999623e+00
-1.096751647650000017e+01
-1.210717083760000001e+01
-1.364585812400000009e+01
-1.501313233930000024e+01
-1.687814676869999886e+01
-1.882739437120000048e+01
-2.153844811880000165e+01
-2.418082438260000089e+01
-2.726898363769999989e+01
-2.954856145109999943e+01
-3.154096954190000091e+01
-3.107998749760000123e+01
-2.855242834299999899e+01
-2.456068367640000005e+01
-2.112610438629999976e+01
-1.807715324819999836e+01
-1.624332769640000151e+01
-1.519170282329999999e+01
-1.457411097540000000e+01
-1.418981702600000006e+01
-1.429168880209999948e+01
-1.505608846980000060e+01
-1.607923308510000027e+01
-1.624299328020000033e+01
-1.631053965190000099e+01
-1.582180841479999955e+01
-1.583335151250000017e+01
-1.604638834909999900e+01
-1.743903836360000170e+01
-2.005623833630000163e+01
-2.198344437740000146e+01
-2.223623207119999989e+01
-1.924672227730000174e+01
-1.508749983699999930e+01
-1.206363530790000027e+01
-9.440035390129999371e+00
-7.403559129289999596e+00
-5.560495171380000379e+00
-4.212719900849999810e+00
-3.193234351910000157e+00
-2.461819940779999882e+00
-2.093549309900000210e+00
-1.945617689789999938e+00
-2.144269531590000000e+00
-2.522390169379999936e+00
-3.081487102520000132e+00
-3.620704929990000043e+00
-3.999812233820000174e+00
-4.160986051700000132e+00
-4.357464215800000318e+00
-4.757184381670000128e+00
-5.442212545470000329e+00
-6.349331339689999965e+00
-7.215286088730000102e+00
-7.655017827720000057e+00
-7.375333330220000150e+00
-6.503008513250000178e+00
-5.313354132579999778e+00
-4.336229097760000428e+00
-3.566949870549999790e+00
-3.083932116220000186e+00
-2.644329145339999965e+00
-2.292768595990000158e+00
-1.899124010840000043e+00
-1.612078282969999998e+00
-1.583748749600000005e+00
-1.828992477249999915e+00
-2.589128114949999837e+00
-3.505774019399999997e+00
-4.857555939670000100e+00
-6.207980577759999896e+00
-7.778203939580000004e+00
-9.272189384289999836e+00
-1.102997600840000025e+01
-1.286513422600000034e+01
-1.537271681880000074e+01
-1.845935345370000036e+01
-2.258315776599999936e+01
-2.859083790380000067e+01
-4.034459280619999788e+01
-4.297528995020000053e+01
-4.245650285319999995e+01
-3.622203204009999666e+01
-2.433825945030000071e+01
-1.725934422570000137e+01
-1.244848589389999916e+01
-8.833277353419999756e+00
-6.249190170800000388e+00
-4.003666686899999938e+00
-2.449894134490000042e+00
-9.957744349999999578e-01
-2.021316907679999997e-01
5.391803377049999568e-01
6.450524657389999916e-01
7.485552501250000157e-01
3.168263629809999760e-01
1.008254201049999937e-01
-4.198773509009999794e-01
-4.629480135080000225e-01
-7.200688797350000003e-01
-3.328751963350000120e-01
-2.355244032100000107e-01
3.717230274309999971e-01
6.530543559350000526e-01
1.285651437560000110e+00
1.536678824250000019e+00
1.987523636469999966e+00
2.237994163090000210e+00
2.541179443599999921e+00
2.759927126880000081e+00
2.986334730199999843e+00
3.201961406410000155e+00
3.598476700420000007e+00
3.853085232769999813e+00
4.397870754720000441e+00
4.637198402620000159e+00
5.178303626039999941e+00
5.335813434990000381e+00
5.680957227410000421e+00
5.715247465010000028e+00
5.864849383440000175e+00
5.907795625680000384e+00
6.059949633519999601e+00
6.197093872880000021e+00
6.460914112560000255e+00
6.669603643060000309e+00
7.027403891709999684e+00
7.198334349769999641e+00
7.601286314220000229e+00
7.710502551740000321e+00
8.030463111079999550e+00
8.172581952919999893e+00
8.354971629010000456e+00
8.531822334119999240e+00
8.605855540549999461e+00
8.764949602499999770e+00
8.776826055669999960e+00
8.885295243479999883e+00
8.950825817880000201e+00
9.096079694540000204e+00
9.377861805029999331e+00
9.698912906120000343e+00
1.014796090039999932e+01
1.050668777199999937e+01
1.095277094989999966e+01
1.127630905350000035e+01
1.181197792220000053e+01
1.240496781959999950e+01
1.308403429730000056e+01
1.377294214069999967e+01
1.451421994680000083e+01
1.526018189900000088e+01
1.602220185030000010e+01
1.662130327670000085e+01
1.720872592530000134e+01
1.755181272340000120e+01
1.791357288620000077e+01
1.819052892390000054e+01
1.839288590079999963e+01
1.865758204229999961e+01
1.875900214469999838e+01
1.902082595150000088e+01
1.908660220699999854e+01
1.930737590520000069e+01
1.938047395819999963e+01
1.956931044690000121e+01
1.965297396320000090e+01
1.979450257339999908e+01
1.986484818079999926e+01
1.996013831970000041e+01
1.999023685050000054e+01
2.006416339789999981e+01
2.006534575939999954e+01
2.015336034950000155e+01
2.015707567429999969e+01
2.025325863389999981e+01
2.028391236470000081e+01
2.032782256679999833e+01
2.036870088479999907e+01
2.037898662559999963e+01
2.036714112789999831e+01
2.039395542879999823e+01
2.031014664759999988e+01
2.041206267320000123e+01
2.027441985440000138e+01
2.038849239099999977e+01
2.027346819879999984e+01
2.037150382629999967e+01
2.028710237370000158e+01
2.036894697050000147e+01
2.033173025119999977e+01
2.040001495199999937e+01
2.036930182900000119e+01
2.040743356180000134e+01
2.037627796010000125e+01
2.038966706409999929e+01
2.032720009639999859e+01
2.033603731039999829e+01
2.025902978610000105e+01
2.030496014919999936e+01
2.021741026689999998e+01
2.026267466010000007e+01
2.023240492889999942e+01
2.021143928040000048e+01
2.022099391349999919e+01
2.017532369219999921e+01
2.014235857010000075e+01
2.012669836170000082e+01
2.002301584279999958e+01
2.006877680950000098e+01
1.994878320899999835e+01
1.999305817779999828e+01
1.990608232869999838e+01
1.994734289519999848e+01
1.987112373780000141e+01
1.992039502440000120e+01
1.986311687119999903e+01
1.990608937880000084e+01
1.987444010200000122e+01
1.989634600699999822e+01
1.985523599889999957e+01
1.987154502250000121e+01
1.983274766399999933e+01
1.985256643330000159e+01
1.979496962729999865e+01
1.981995425550000078e+01
1.978486819980000178e+01
1.980563607779999913e+01
1.978679474029999952e+01
1.976544316809999913e+01
1.977947976489999959e+01
1.975208020299999845e+01
1.972916992820000104e+01
1.971304266019999929e+01
1.968888593690000022e+01
1.969680392380000100e+01
1.966305392039999944e+01
1.966890135490000091e+01
1.965831679929999964e+01
1.967017158810000055e+01
1.966183126059999964e+01
1.964887483200000062e+01
1.963598425640000045e+01
1.964238542580000058e+01
1.962114918210000170e+01
1.962513263720000012e+01
1.960349963399999851e+01
1.960766670019999935e+01
1.957059804780000078e+01
1.958937650740000080e+01
1.958290178120000036e+01
1.958031316219999951e+01
1.957640013849999860e+01
1.956079575569999918e+01
1.955965260620000024e+01
1.954209291940000170e+01
1.954171887809999930e+01
1.951601479360000013e+01
1.950294710849999902e+01
1.946875245620000072e+01
1.943384722420000088e+01
1.941561360889999932e+01
1.940451146990000098e+01
1.937791060429999845e+01
1.937696402219999925e+01
1.934207786139999996e+01
1.932408492249999910e+01
1.929217345289999841e+01
1.926061737610000080e+01
1.924225087219999963e+01
1.921006721479999868e+01
1.918725569520000107e+01
1.914288566360000132e+01
1.912412117250000065e+01
1.910526040270000081e+01
1.907458233339999865e+01
1.905055137400000120e+01
1.902005956680000054e+01
1.901311705410000030e+01
1.898347222829999836e+01
1.897749040809999954e+01
1.895273530080000057e+01
1.892798173650000138e+01
1.890466638090000018e+01
1.887404617780000038e+01
1.884240366199999883e+01
1.881295273539999968e+01
1.877601138520000035e+01
1.878023938109999946e+01
1.876210418419999826e+01
1.876759591900000146e+01
1.874946257930000115e+01
1.874163481369999928e+01
1.873175775150000177e+01
1.870682415579999969e+01
1.869437410780000164e+01
1.866858899160000007e+01
1.864879088809999885e+01
1.864763232079999966e+01
1.860627594259999995e+01
1.859860314279999827e+01
1.858792860919999868e+01
1.857096342679999879e+01
1.857102736210000060e+01
1.857133773840000046e+01
1.857040699019999863e+01
1.858139567830000161e+01
1.857469724859999971e+01
1.860350565699999947e+01
1.857992142149999992e+01
1.856944472929999890e+01
1.856784666280000096e+01
1.854430779979999855e+01
1.854208492840000133e+01
1.852644945890000017e+01
1.852624945639999865e+01
1.854498493039999829e+01
1.854135619339999863e+01
1.856496395250000120e+01
1.856608954260000033e+01
1.856327346979999859e+01
1.856888221730000055e+01
1.855278671499999987e+01
1.855212624909999874e+01
1.855505114720000037e+01
1.852661095090000032e+01
1.849952349499999826e+01
1.851111121539999971e+01
1.844711313270000019e+01
1.850535895859999869e+01
1.845105860820000032e+01
1.847549290079999906e+01
1.849253219539999904e+01
1.844277341440000129e+01
1.850378122909999945e+01
1.846776255449999837e+01
1.845324433660000096e+01
1.846632221870000024e+01
1.840895711929999834e+01
1.842637263239999967e+01
1.840428783830000015e+01
1.840087775579999985e+01
1.840212866259999913e+01
1.838233102750000114e+01
1.839142471510000121e+01
1.836582818660000171e+01
1.838002061439999935e+01
1.833689519019999992e+01
1.835143966329999898e+01
1.828457042979999869e+01
1.828848948430000121e+01
1.827797931739999981e+01
1.820704243619999829e+01
1.828089807870000172e+01
1.817716570400000009e+01
1.825886729400000164e+01
1.820796802150000104e+01
1.822681826779999881e+01
1.825390992330000017e+01
1.820158728719999885e+01
1.824585282869999858e+01
1.822030139629999823e+01
1.818569232569999983e+01
1.816237972069999884e+01
1.812301541749999956e+01
1.811114789879999876e+01
1.808810896479999997e+01
1.807139887579999993e+01
1.806298262840000035e+01
1.805286832239999839e+01
1.805673319499999963e+01
1.800350588490000092e+01
1.804350107510000001e+01
1.796809826910000041e+01
1.803164239930000079e+01
1.796277711180000125e+01
1.797321567890000082e+01
1.799061545960000075e+01
1.790509915100000171e+01
1.798923925949999969e+01
1.790519769570000008e+01
1.796381569209999896e+01
1.794082591289999939e+01
1.794624651239999835e+01
1.796004128090000052e+01
1.792982190449999891e+01
1.793318118179999843e+01
1.791438714259999898e+01
1.787318415709999897e+01
1.785375711929999909e+01
1.782746167119999825e+01
1.781392653079999988e+01
1.778855719739999941e+01
1.778267415090000014e+01
1.773845902400000085e+01
1.770985097959999877e+01
1.772540171669999864e+01
1.764331785330000102e+01
1.776580665639999879e+01
1.761317186899999854e+01
1.774840657240000041e+01
1.764629269699999981e+01
1.764685824820000093e+01
1.770617490300000085e+01
1.756790150349999990e+01
1.766378494820000000e+01
1.758014726260000060e+01
1.757965560770000124e+01
1.759145328949999865e+01
1.752509150070000032e+01
1.755082546779999930e+01
1.752206207089999879e+01
1.745480455239999884e+01
1.745462601819999904e+01
1.738993133199999974e+01
1.735170779290000098e+01
1.732332928530000160e+01
1.727028384229999958e+01
1.721689491500000102e+01
1.722389909920000051e+01
1.714422398980000040e+01
1.712367513999999957e+01
1.716029408560000036e+01
1.698818978779999966e+01
1.720342053650000125e+01
1.695776370049999926e+01
1.717346555419999987e+01
1.702173739679999898e+01
1.706552937060000019e+01
1.707777538859999922e+01
1.700872496239999876e+01
1.700387717879999983e+01
1.698870509200000001e+01
1.690235333220000058e+01
1.692977543590000167e+01
1.687035971610000118e+01
1.683009898559999939e+01
1.682023857580000126e+01
1.676505216709999857e+01
1.671107473660000053e+01
1.670221698730000170e+01
1.660204942360000047e+01
1.664051746770000051e+01
1.657681761399999942e+01
1.653572741260000001e+01
1.656268976140000149e+01
1.646966791759999893e+01
1.647843602980000099e+01
1.647072167720000024e+01
1.634962486170000062e+01
1.645469930260000169e+01
1.629040332150000125e+01
1.640361760160000060e+01
1.631404877670000175e+01
1.632944272250000139e+01
1.629649877439999983e+01
1.628809127939999968e+01
1.621336232080000173e+01
1.623077082409999861e+01
1.614661682950000099e+01
1.615890453240000113e+01
1.612556788759999904e+01
1.607697218150000040e+01
1.606159227710000081e+01
1.602667659009999923e+01
1.591450410510000069e+01
1.599388589980000042e+01
1.581892407219999974e+01
1.592748459060000066e+01
1.583923680590000060e+01
1.584176566140000020e+01
1.586217984479999998e+01
1.583341753630000071e+01
1.580753698390000039e+01
1.582696781749999992e+01
1.572355555639999913e+01
1.580049613109999918e+01
1.569300004389999970e+01
1.571970773199999982e+01
1.565001001649999957e+01
1.563827463960000053e+01
1.554840298160000067e+01
1.556409761209999942e+01
1.547558962409999950e+01
1.542623970230000019e+01
1.545682829779999956e+01
1.534690564639999977e+01
1.544859188600000088e+01
1.535027456799999968e+01
1.535926460169999963e+01
1.536180541380000086e+01
1.523602640390000040e+01
1.530134489139999943e+01
1.517007911460000003e+01
1.517816736109999987e+01
1.515462126899999973e+01
1.511501400120000049e+01
1.514449101970000022e+01
1.509831086139999989e+01
1.509896364319999940e+01
1.504498226379999970e+01
1.500971746149999930e+01
1.493433413790000053e+01
1.491870681009999977e+01
1.484925186000000075e+01
1.478601085979999930e+01
1.473537793610000080e+01
1.463816266659999954e+01
1.453436515970000009e+01
1.454809347279999976e+01
1.428302109300000033e+01
1.450605332629999999e+01
1.415925336019999925e+01
1.441097549610000073e+01
1.416254568649999968e+01
1.426966108060000060e+01
1.418628527239999926e+01
1.409324398929999944e+01
1.405071132670000011e+01
1.390861300709999959e+01
1.382909599569999948e+01
1.373795172480000026e+01
1.361880341540000039e+01
1.355643978880000056e+01
1.341704777210000010e+01
1.336664761629999987e+01
1.313240584899999952e+01
1.309456504229999929e+01
1.277398018959999959e+01
1.275213532060000077e+01
1.249964579609999937e+01
1.233949447870000071e+01
1.220333752640000036e+01
1.188375431589999920e+01
1.169156184630000084e+01
1.139968852740000038e+01
1.094454844650000069e+01
1.084382386100000062e+01
1.013889718459999933e+01
1.012982627160000071e+01
9.405485201730000355e+00
9.335023000519999670e+00
8.753122869020000252e+00
8.578118224349999821e+00
8.150741801840000633e+00
7.793595909379999576e+00
7.115555068609999978e+00
5.955062661720000428e+00
4.161350895790000060e+00
1.769356234680000028e+00
-8.643440769260000156e-01
-3.408216218150000199e+00
-5.837068628539999970e+00
-7.642114248849999569e+00
-9.270131627430000520e+00
-1.024221887869999925e+01
-1.085303957430000033e+01
-1.111950372769999973e+01
-1.127180078690000009e+01
-1.127492132779999956e+01
-1.109112137700000034e+01
-1.093868336419999920e+01
-1.104786087049999921e+01
-1.087901254079999980e+01
-1.115696200570000052e+01
-1.079657668149999949e+01
-1.095295391780000038e+01
-1.080110735400000088e+01
-1.085069507939999944e+01
-1.073687876660000029e+01
-1.077722188729999964e+01
-1.067653841379999946e+01
-1.055559959900000067e+01
-1.059949433349999914e+01
-1.062608509830000081e+01
-1.062432105669999949e+01
-1.060850234930000013e+01
-1.058903275109999953e+01
-1.078711014419999970e+01
-1.062236080499999957e+01
-1.086315800130000042e+01
-1.068111893320000050e+01
-1.070113659759999969e+01
-1.056942265230000011e+01
-1.044746056059999972e+01
-1.078621526200000069e+01
-1.036525775510000003e+01
-1.037067972780000069e+01
-1.047812803879999954e+01
-1.050640165429999939e+01
-1.080074326569999954e+01
-1.043181517400000047e+01
-1.058351527409999981e+01
-1.064007584690000030e+01
-1.062124468390000054e+01
-1.037064739640000077e+01
-1.027435978469999966e+01
-1.016989272930000077e+01
-1.024401186170000067e+01
-1.008766957129999930e+01
-9.769518514290000510e+00
-9.668369536709999323e+00
-9.563579311879999878e+00
-9.333297246640000822e+00
-9.070371989110000754e+00
-8.945738291459999658e+00
-8.469151573010000433e+00
-8.563705045280000760e+00
-7.947025909709999780e+00
-7.988208929509999834e+00
-7.233120147280000189e+00
-7.202243038819999832e+00
-6.532415719410000321e+00
-6.276223587719999664e+00
-5.644199445679999982e+00
-5.267597882149999577e+00
-4.814226712179999979e+00
-4.303667148569999767e+00
-3.921902665969999813e+00
-3.508999097259999811e+00
-3.358291072370000130e+00
-3.505120822539999903e+00
-3.570320769679999895e+00
-4.053673375659999856e+00
-4.489454650669999936e+00
-5.028386394740000043e+00
-5.758327959629999881e+00
-6.406362463239999805e+00
-7.234751142670000412e+00
-7.772603573159999613e+00
-8.478223208570000224e+00
-9.211799270929999395e+00
-9.797185207169999188e+00
-1.045746138820000048e+01
-1.093688395410000069e+01
-1.165699222549999980e+01
-1.205110674560000028e+01
-1.239829626969999943e+01
-1.300989609970000060e+01
-1.362884894920000001e+01
-1.407439300919999958e+01
-1.426384907519999956e+01
-1.461219625190000038e+01
-1.463768358329999941e+01
-1.485834610240000053e+01
-1.531851115479999947e+01
-1.511031635169999987e+01
-1.551306474100000088e+01
-1.573891371300000053e+01
-1.599873675129999917e+01
-1.632185203319999900e+01
-1.647378416229999942e+01
-1.666890392009999999e+01
-1.658474383589999945e+01
-1.707796534570000091e+01
-1.723336479809999844e+01
-1.746789357789999997e+01
-1.706540868989999993e+01
-1.776430403530000035e+01
-1.772381225859999887e+01
-1.754736139610000123e+01
-1.776235343260000121e+01
-1.798379998500000099e+01
-1.784155963979999981e+01
-1.791231459060000120e+01
-1.793541517290000087e+01
-1.807990447330000094e+01
-1.795440717489999827e+01
-1.791085361660000075e+01
-1.812020576879999822e+01
-1.826658100479999902e+01
-1.803573692679999851e+01
-1.827506598540000127e+01
-1.761152334830000044e+01
-1.781977784720000102e+01
-1.825100850569999977e+01
-1.858350443679999842e+01
-1.829353850240000057e+01
-1.858225375560000003e+01
-1.901925326150000117e+01
-1.951212154110000085e+01
-1.945357968049999897e+01
-1.969179450700000089e+01
-1.982128755480000137e+01
-2.012706286359999908e+01
-1.996192423429999963e+01
-2.033354647959999895e+01
-2.122533647219999864e+01
-2.105202276749999868e+01
-2.160699671540000111e+01
-2.159425543649999923e+01
-2.230861874620000052e+01
-2.258540429620000012e+01
-2.316379414229999867e+01
-2.379736751120000093e+01
-2.382917631489999977e+01
-2.476398684429999975e+01
-2.556552446659999944e+01
-2.655799817229999960e+01
-2.686427925390000127e+01
-2.727786705449999971e+01
-2.837626154120000166e+01
-2.774399783839999856e+01
-2.883433989539999942e+01
-2.988670369169999930e+01
-3.058868332910000021e+01
-3.027659334459999840e+01
-3.249321724589999860e+01
-3.246979404300000027e+01
-3.190825733739999848e+01
-3.422648681220000100e+01
-3.521694037190000159e+01
-3.449991785510000142e+01
-3.552469726790000237e+01
-3.603317552019999681e+01
-3.557123363480000222e+01
-3.602789501990000076e+01
-3.774612813129999722e+01
-4.689394521020000184e+01
-3.918190390689999703e+01
-3.745988302500000344e+01
-4.164540041259999725e+01
-4.040421909759999863e+01
-4.114519227870000151e+01
-4.523588515800000209e+01
-4.121927011500000049e+01
-4.312317973540000082e+01
-4.451135324629999701e+01
-4.891493564950000206e+01
-4.517444788089999719e+01
-4.241437298249999799e+01
-4.747911001079999949e+01
-4.250732699310000129e+01
-5.530538395029999776e+01
-4.403161628369999647e+01
-4.115561834409999875e+01
-6.588881603270000653e+01
-4.399574621480000047e+01
-4.871502718669999865e+01
-4.201146561099999843e+01
-4.270337762470000342e+01
-5.026403389659999732e+01
-4.778494684199999654e+01
-4.810071722730000232e+01
-5.001912340030000337e+01
-5.408965643850000049e+01
-4.394899009939999956e+01
-4.994487453629999862e+01
-5.645889395750000261e+01
-4.224322147129999649e+01
-4.613589566609999792e+01
-4.791404995479999940e+01
-4.245921964819999772e+01
-4.591640042499999907e+01
-4.496341667739999792e+01
-4.465081889620000055e+01
-5.265687504409999775e+01
-5.428975968700000010e+01
-4.644879128289999670e+01
-5.102613822669999877e+01
-4.867277841949999839e+01
-4.999340907069999673e+01
-5.312132296149999888e+01
-4.845325021819999733e+01
-5.160311948769999901e+01
-5.248662655300000068e+01
-4.391775730319999838e+01
-4.570017941329999900e+01
-5.059024554260000173e+01
-4.533964633619999773e+01
-4.269580170049999879e+01
-4.725215225409999675e+01
-4.964906509589999928e+01
-4.129362442099999697e+01
-5.870614069879999875e+01
-4.722366156489999867e+01
-4.124974305159999943e+01
-4.151610102029999894e+01
-4.341882638540000272e+01
-4.556543369669999777e+01
-4.864072248789999975e+01
-4.079236090940000281e+01
-3.892561881310000160e+01
-3.741333528629999705e+01
-3.835525789129999907e+01
-3.995280118779999867e+01
-3.639843099689999661e+01
-3.530545682180000000e+01
-3.903901717040000108e+01
-3.464339571250000205e+01
-3.652423934339999789e+01
-3.499374796040000035e+01
-3.372790575860000217e+01
-3.304161857969999971e+01
-3.276388674969999926e+01
-3.118543242690000028e+01
-3.079223497119999919e+01
-3.199705456539999915e+01
-2.978278565429999958e+01
-3.062761290410000115e+01
-3.006266302279999891e+01
-2.860253275519999860e+01
-2.853609156699999971e+01
-2.888911641400000008e+01
-2.715640040690000134e+01
-2.583321327359999842e+01
-2.655826219120000076e+01
-2.582202350400000057e+01
-2.417565110310000165e+01
-2.513518356390000008e+01
-2.459236731489999883e+01
-2.432302125289999850e+01
-2.376651616250000032e+01
-2.424829252969999871e+01
-2.373104532840000047e+01
-2.415319760719999920e+01
-2.406623093720000028e+01
-2.391917504199999911e+01
-2.426428245620000013e+01
-2.503232724940000153e+01
-2.609491888129999992e+01
-2.840557423039999918e+01
-3.012800899799999854e+01
-3.317245303130000167e+01
-3.842934765769999927e+01
-3.686429073850000293e+01
-2.950800081710000100e+01
-2.657231686780000146e+01
-2.617630231400000085e+01
-2.599029042389999944e+01
-2.765068134550000067e+01
-3.049430557310000012e+01
-3.606616905829999808e+01
-5.333855216429999757e+01
-3.113858371059999897e+01
-2.710624252479999896e+01
-2.362596709889999858e+01
-2.239745781639999933e+01
-2.117492387949999966e+01
-2.241736581800000039e+01
-2.235359310400000155e+01
-2.227926205760000045e+01
-2.243968048199999998e+01
-2.230986114090000072e+01
-2.210262754980000111e+01
-2.174527476380000124e+01
-2.233306564609999967e+01
-2.273978094989999832e+01
-2.204960549990000018e+01
-2.180067714380000155e+01
-2.091548120039999858e+01
-2.141151645669999937e+01
-2.047443840740000098e+01
-1.975376049020000124e+01
-1.969875710550000036e+01
-1.960523174649999945e+01
-1.982878483060000008e+01
-2.097869791280000129e+01
-2.155675451309999957e+01
-2.230320147790000007e+01
-2.292182012929999857e+01
-2.422927226310000037e+01
-2.512184204229999906e+01
-2.549265859859999850e+01
-2.659881403139999989e+01
-2.737138517760000056e+01
-2.879399107389999912e+01
-3.069678412389999878e+01
-3.151557235459999973e+01
-3.230529682819999948e+01
-3.344961273189999673e+01
-3.203679437350000114e+01
-3.378673780169999930e+01
-3.321179861859999960e+01
-3.458246312419999668e+01
-3.498141511709999918e+01
-3.270673013430000253e+01
-3.533036940969999762e+01
-3.360354225430000241e+01
-3.539138490959999928e+01
-3.529294341460000339e+01
-3.539553113209999680e+01
-3.637105012680000016e+01
-3.729424965270000314e+01
-3.946155306899999715e+01
-3.801229417310000258e+01
-4.022382093800000291e+01
-3.742905819749999807e+01
-3.500795382020000091e+01
-3.915810473789999691e+01
-3.262244467859999730e+01
-3.591126593389999755e+01
-3.600984320540000283e+01
-3.575319215820000096e+01
-3.201242625980000156e+01
-3.139977184179999981e+01
-3.081039482870000157e+01
-3.165678326380000129e+01
-3.169462923389999887e+01
-3.153845137860000136e+01
-2.917147934240000140e+01
-2.967536303489999838e+01
-2.854574423240000058e+01
-2.878184769319999958e+01
-2.783572710660000027e+01
-2.738067278140000127e+01
-2.646267253859999968e+01
-2.659237182280000056e+01
-2.744785407479999861e+01
-2.939828319329999928e+01
-3.133473160799999846e+01
-3.430418086120000254e+01
-3.218562102549999793e+01
-3.307227272909999982e+01
-3.589877926199999791e+01
-3.598999359249999941e+01
-3.651368733019999979e+01
-3.209577438259999838e+01
-3.422214282129999674e+01
-3.288134119829999946e+01
-3.169926179599999827e+01
-3.646215591290000191e+01
-3.152668790650000119e+01
-3.209100005330000016e+01
-3.497802440009999714e+01
-3.227522515409999926e+01
-3.491575836629999685e+01
-3.275454705359999963e+01
-3.448486949589999995e+01
-3.595933795620000240e+01
-3.100008830020000161e+01
-3.235131683350000031e+01
-3.111195031970000002e+01
-2.855868952670000027e+01
-3.137593167740000055e+01
-3.087007523509999984e+01
-2.989026370670000077e+01
-2.775569945819999873e+01
-2.722504347039999928e+01
-2.794829349749999992e+01
-2.968939607249999924e+01
-3.073904105440000123e+01
-3.179699290039999937e+01
-3.212742427389999733e+01
-3.925170322160000325e+01
-3.777584749470000247e+01
-3.903480041190000094e+01
-3.703924956760000242e+01
-5.339087579209999745e+01
-6.184710509789999833e+01
-4.028874952910000218e+01
-4.159348341710000341e+01
-4.950390115649999956e+01
-4.371899040600000319e+01
-4.279578755939999724e+01
-5.976508661689999968e+01
-4.555339801840000291e+01
-4.690870282649999723e+01
-4.691154577759999711e+01
-4.748833406509999833e+01
-3.750225556230000024e+01
-4.858719114139999817e+01
-4.042797569380000056e+01
-5.267129978959999903e+01
-4.309257911360000293e+01
-4.592399026079999658e+01
-5.474394073370000058e+01
-4.262549021400000271e+01
-4.317236196040000351e+01
-4.471892032809999762e+01
-4.195727864829999731e+01
-4.392882090429999664e+01
-4.062171447899999777e+01
-6.377991841320000077e+01
-5.904186525770000316e+01
-4.302701469929999689e+01
-4.150378443740000023e+01
-4.629752536149999997e+01
-4.018249261550000284e+01
-4.716566547210000238e+01
-4.809484018239999870e+01
-4.582200025809999744e+01
-4.608454671060000152e+01
-3.866867698309999923e+01
-4.421484904999999799e+01
-4.567869076560000252e+01
-4.257661664190000295e+01
-4.669772331789999953e+01
-4.221520577180000089e+01
-5.016101046619999693e+01
-3.823855134099999731e+01
-3.585375836800000116e+01
-4.954342237240000202e+01
-4.842665627849999765e+01
-5.448276790700000305e+01
-4.326417371790000033e+01
-5.804324622459999716e+01
-3.894273685470000146e+01
-3.813557918970000316e+01
-3.720960886870000195e+01
-5.521527429369999851e+01
-4.437098530029999921e+01
-3.873271279450000293e+01
-4.156172656310000235e+01
-3.935409845979999943e+01
-3.843548746089999923e+01
-3.550455271399999901e+01
-4.417018456080000277e+01
-3.768373166519999984e+01
-3.874910544650000332e+01
-3.236758352190000210e+01
-3.405318585359999872e+01
-3.420851703280000322e+01
-3.258946207500000014e+01
-3.668515905019999934e+01
-3.329358282249999945e+01
-2.816656715839999947e+01
-3.282570842119999810e+01
-3.049997996970000003e+01
-2.849169107250000010e+01
-2.866295696490000111e+01
-2.795017267149999896e+01
-2.838018329269999995e+01
-2.892950547570000097e+01
-2.628709625320000143e+01
-2.656202303599999937e+01
-2.368037019229999984e+01
-2.419240173560000073e+01
-2.570915750900000063e+01
-2.379830359050000155e+01
-2.324451698240000042e+01
-2.258951612130000086e+01
-2.234934615299999905e+01
-2.391553333510000101e+01
-2.474509679659999861e+01
-2.596377481840000101e+01
-2.639228147029999860e+01
-2.638483791230000008e+01
-2.890301473979999969e+01
-2.800757178050000107e+01
-2.945213580889999960e+01
-3.161773367309999827e+01
-3.146660712010000083e+01
-3.105541053669999840e+01
-2.996122135130000075e+01
-3.130273420130000162e+01
-3.117533580310000119e+01
-3.170569644280000077e+01
-3.025580759489999849e+01
-3.037526084219999944e+01
-3.523430739810000034e+01
-3.130929786920000168e+01
-3.637320588240000063e+01
-3.425213076810000246e+01
-3.366252289380000207e+01
-4.126980389690000095e+01
-4.032500057120000037e+01
-3.889292111230000160e+01
-3.813151928850000161e+01
-3.697227349010000097e+01
-3.961872220739999761e+01
-3.550842868969999699e+01
-3.838783484599999696e+01
-3.801570043560000300e+01
-3.630000817260000190e+01
-3.549834483459999745e+01
-3.599537997139999845e+01
-3.949132753039999955e+01
-4.309592379720000110e+01
-4.404695370559999645e+01
-3.703219271559999726e+01
-3.653786315300000354e+01
-4.569295267199999699e+01
-4.006406276850000125e+01
-3.944438274000000177e+01
-3.904572841329999733e+01
-3.667835314810000114e+01
-3.524108395969999918e+01
-3.933946975639999977e+01
-4.833882657329999688e+01
-3.750726344809999802e+01
-3.960066882470000138e+01
-4.610673657000000247e+01
-4.556260469339999730e+01
-4.856180861749999877e+01
-4.182662923609999694e+01
-4.812268927880000291e+01
-3.883097833890000317e+01
-4.035498032000000279e+01
-4.355278781049999992e+01
-4.576718322119999982e+01
-4.071681552079999733e+01
-4.704528164900000320e+01
-4.317603437300000024e+01
-4.679866702689999869e+01
-3.969424443129999958e+01
-4.131093177439999664e+01
-5.330973923959999894e+01
-4.831313590239999911e+01
-4.681727972339999866e+01
-5.208629680309999799e+01
-4.724130961070000012e+01
-4.399181018299999835e+01
-4.378132037860000025e+01
-4.624983977019999770e+01
-4.563271171339999910e+01
-5.009795190399999854e+01
-4.505331298889999658e+01
-4.467852955139999693e+01
-5.017138095749999849e+01
-4.811087507690000109e+01
-4.527577668850000236e+01
-4.826723157720000046e+01
-4.283974169110000219e+01
-3.898280621450000183e+01
-4.250858361129999707e+01
-4.262284251290000014e+01
-4.213313829490000018e+01
-5.121504246340000321e+01
-4.243085682270000092e+01
-4.398670565860000181e+01
-5.015214798499999915e+01
-4.710381432780000210e+01
-4.417963766609999965e+01
-4.855447619430000117e+01
-4.555649682159999969e+01
-3.933710407739999937e+01
-4.101936534869999917e+01
-4.295537108380000291e+01
-4.652385963559999738e+01
-4.644760822840000003e+01
-4.699956127880000167e+01
-5.683027852730000262e+01
-4.165689400059999770e+01
-4.156045429409999770e+01
-4.817692464879999648e+01
-4.756660701260000224e+01
-4.487087323219999746e+01
-4.308844998760000067e+01
-4.376988696250000288e+01
-4.083045215799999994e+01
-4.349177918739999882e+01
-6.703287510529999338e+01
-4.085308246719999659e+01
-5.004672135970000113e+01
-5.802039526050000262e+01
-4.418967055049999715e+01
-4.132349272260000106e+01
-6.032331979349999784e+01
-3.962613042169999744e+01
-4.967114405289999723e+01
-4.371198954030000294e+01
-4.336349289500000026e+01
-5.046495072839999807e+01
-4.849103569390000246e+01
-3.791572865189999675e+01
-4.081224336049999835e+01
-3.979646181470000244e+01
-4.065618478039999673e+01
-3.833025979530000171e+01
-4.404049625439999716e+01
-5.342927057760000054e+01
-4.351299956839999794e+01
-5.766346323180000155e+01
-3.863819062000000315e+01
-4.225784288639999886e+01
-4.221934146329999749e+01
-4.562671801559999807e+01
-4.884834075980000279e+01
-4.014819961570000117e+01
-4.990297742639999967e+01
-3.961827919889999805e+01
-6.554754465969999444e+01
-4.576806800690000188e+01
-4.579395882840000098e+01
-4.490834379759999706e+01
-4.536063349860000216e+01
-3.842409734080000305e+01
-4.363762194400000283e+01
-5.780630918239999971e+01
-4.793951486059999922e+01
-4.633145307080000208e+01
-4.240785867900000028e+01
-4.336941115829999660e+01
-5.857282905459999967e+01
-4.248703977449999769e+01
-3.980719902540000277e+01
-5.223659566879999971e+01
-5.673919815189999838e+01
-5.489861954319999882e+01
-4.286247456710000137e+01
-4.311530185950000060e+01
-4.913163891149999785e+01
-4.574400546959999758e+01
-4.269475956539999828e+01
-4.718723946749999953e+01
-4.058849754580000280e+01
-3.978248428079999854e+01
-4.706570944119999922e+01
-4.041457014499999900e+01
-5.812991565019999740e+01
-4.359812360090000283e+01
-4.281122728369999919e+01
-3.910520292359999672e+01
-5.059236810760000225e+01
-4.731797700220000280e+01
-4.658430466850000329e+01
-5.464958178239999853e+01
-4.438089698900000002e+01
-4.630035574600000103e+01
-5.338010467790000035e+01
-4.299895057700000223e+01
-3.920189366489999827e+01
-4.210436444590000349e+01
-4.732032338949999684e+01
-4.176035221909999962e+01
-5.191046556069999696e+01
-4.152707238100000353e+01
-4.451206211739999929e+01
-3.655808466629999742e+01
-4.237933349949999950e+01
-4.029160847269999834e+01
-4.828670220779999767e+01
-4.838377674259999850e+01
-4.176866142669999959e+01
-4.495650108400000278e+01
-4.172077733369999919e+01
-3.937068597329999875e+01
-5.003263652489999913e+01
-4.672177232109999778e+01
-4.916187139649999693e+01
-4.290555530950000218e+01
-4.982507634409999753e+01
-3.841006786420000196e+01
-4.181447611889999649e+01
-3.689127528280000234e+01
-4.983456462550000055e+01
-4.483708405240000161e+01
-4.072173070120000204e+01
-4.783041205149999797e+01
-4.345612094450000029e+01
-4.896854665610000268e+01
-4.940470994289999851e+01
-3.972557725530000283e+01
-3.795768607299999786e+01
-3.640300356969999740e+01
-4.054165609820000071e+01
-4.032981159700000262e+01
-4.019605285890000346e+01
-3.955639913489999770e+01
-4.835213595750000337e+01
-4.397033691109999864e+01
-4.453895155650000248e+01
-5.225014995189999922e+01
-4.387184454959999869e+01
-4.367743008699999763e+01
-4.625386188099999885e+01
-4.228439321070000290e+01
-4.394920390160000068e+01
-4.134802169590000176e+01
-4.543494099910000017e+01
-4.918486974059999994e+01
-4.756835517369999877e+01
-4.467447628149999872e+01
-6.046457404390000079e+01
-5.130893535309999720e+01
-3.688289240720000350e+01
-4.328281577469999775e+01
-3.988379021600000129e+01
-4.241706824780000318e+01
-4.316996774750000299e+01
-4.538555314770000138e+01
-4.643298418780000247e+01
-3.917092808459999986e+01
-4.097276276259999861e+01
-3.900474054229999865e+01
-4.851458681060000089e+01
-4.764282162130000131e+01
-5.670685058290000313e+01
-4.563746187289999767e+01
-3.891160766259999804e+01
-3.970977661730000108e+01
-5.351904509799999943e+01
-4.256095266629999685e+01
-3.728946124809999674e+01
-4.541860132570000275e+01
-4.007136257700000215e+01
-4.295411043139999663e+01
-3.743941116399999913e+01
-4.867307622250000065e+01
-4.218007902120000097e+01
-3.975901740519999805e+01
-5.214359962009999805e+01
-5.158019206630000042e+01
-4.941543632749999659e+01
-5.128197509710000190e+01
-4.574241692910000268e+01
-4.639322292880000020e+01
-3.921897384959999755e+01
-4.344425757589999648e+01
-4.576891001269999748e+01
-4.690036590569999930e+01
-4.644586553930000150e+01
-4.799643807959999720e+01
-4.116608674599999773e+01
-4.212460618819999780e+01
-4.858028004599999861e+01
-4.815800124919999803e+01
-4.676014191470000014e+01
-4.099442776779999775e+01
-3.743170769569999834e+01
-5.147897846629999918e+01
-3.726816536329999963e+01
-3.772831803369999903e+01
-3.519189456080000156e+01
-4.539911240490000210e+01
-4.901499708749999940e+01
-5.238115737519999726e+01
-4.587394016209999847e+01
-3.722880296390000154e+01
-4.462975436069999802e+01
-4.041715022470000207e+01
-4.974877978579999649e+01
-3.688259244660000036e+01
-4.274746592160000347e+01
-5.047523981450000008e+01
-4.113430513080000139e+01
-3.913807983249999722e+01
-4.605371899909999911e+01
-3.806207323369999784e+01
-5.120321698690000289e+01
-3.918502824330000323e+01
-3.822855382560000237e+01
-4.425704369099999980e+01
-4.542272235589999951e+01
-4.336682606389999961e+01
-4.158514956430000353e+01
-4.965974605299999922e+01
-4.081869030669999887e+01
-4.269938337410000173e+01
-4.106634320199999877e+01
-3.888336557920000303e+01
-3.587610780600000027e+01
-5.315151760620000232e+01
-4.429721480789999788e+01
-4.932038872300000065e+01
-4.163253657770000160e+01
-4.261144751610000014e+01
-3.464976907709999665e+01
-5.582659991020000234e+01
-4.202422846150000169e+01
-4.208594572629999675e+01
-4.429442139689999891e+01
-4.840876321150000194e+01
-5.277418064060000091e+01
-4.526308712019999803e+01
-3.897292672729999907e+01
-3.786463116939999907e+01
-4.552090194889999708e+01
-4.754956403359999939e+01
-4.514308107360000122e+01
-3.962659252489999773e+01
-3.701568743039999987e+01
-3.964450311099999880e+01
-4.118236644790000156e+01
-3.485434532360000048e+01
-4.397364235869999760e+01
-3.928192641719999756e+01
-4.433590021770000078e+01
-3.955857026769999862e+01
-4.831401857209999662e+01
-4.134088515290000032e+01
-3.929611935159999803e+01
-4.030271029440000063e+01
-3.592556444590000098e+01
-4.636792738820000181e+01
-4.659228177589999831e+01
-4.182698830430000214e+01
-4.303220053599999773e+01
-4.799302035449999693e+01
-4.446356045070000107e+01
-4.568804789810000244e+01
-4.718431187249999681e+01
-4.621914079889999982e+01
-4.843318437949999833e+01
-4.052352843159999907e+01
-4.482363283109999941e+01
-3.640243130030000174e+01
-3.695109005580000172e+01
-3.836589895889999724e+01
-5.556772706860000000e+01
-3.680656125080000152e+01
-4.537074322520000180e+01
-5.336011622320000214e+01
-4.185836865440000309e+01
-4.458744072500000044e+01
-3.909371149839999759e+01
-4.320457323629999991e+01
-3.981946103330000142e+01
-4.077897266440000124e+01
-3.762302449359999912e+01
-3.665225088209999882e+01
-3.440322978919999741e+01
-4.278125602530000293e+01
-4.062508114180000263e+01
-3.766623387900000353e+01
-4.907840418069999799e+01
-5.270305711590000186e+01
-3.949380633290000020e+01
-4.735768650229999821e+01
-3.444700131430000312e+01
-3.692141608819999732e+01
-4.211550384579999928e+01
-4.666822494240000196e+01
-4.589106706399999780e+01
-4.385523182880000093e+01
-4.213383019359999793e+01
-4.490711023619999764e+01
-4.622386852929999890e+01
-5.142195426690000204e+01
-4.726127057920000141e+01
-4.922054482650000296e+01
-3.531089451199999729e+01
-3.830078503189999850e+01
-4.083943721419999662e+01
-4.600317268509999735e+01
-3.955090708350000028e+01
-3.690848627060000098e+01
-5.248185956980000100e+01
-3.757383963120000203e+01
-4.005683371920000013e+01
-4.320885888299999777e+01
-3.726315035020000010e+01
-4.441144981349999910e+01
-4.119639752660000198e+01
-5.418776623610000343e+01
-4.210433957360000079e+01
-4.291735217589999962e+01
-3.515260793070000034e+01
-3.926862435929999862e+01
-4.333943849629999789e+01
-3.684601140779999895e+01
-4.153265293009999937e+01
-3.280320035449999949e+01
-4.267413216979999646e+01
-4.123219221090000275e+01
-4.196784149249999984e+01
-4.523690484269999956e+01
-4.135830283800000018e+01
-3.843656178799999878e+01
-4.016896859220000238e+01
-3.943677018329999839e+01
-3.301838547010000013e+01
-3.965065730850000136e+01
-4.779431464849999855e+01
-3.998474125660000311e+01
-4.256416738659999766e+01
-3.390069016550000214e+01
-4.860244169740000331e+01
-4.046505747110000328e+01
-3.768480505480000176e+01
-4.283328392789999839e+01
-4.222260767710000096e+01
-4.519754448390000334e+01
-4.349733642390000199e+01
-3.757509159250000152e+01
-4.960049625829999798e+01
-4.305379205909999740e+01
-5.174449022870000192e+01
-4.069326628790000200e+01
-3.434108856440000324e+01
-3.100623666899999975e+01
-4.131668412989999695e+01
-3.922274841040000126e+01
-4.354154445079999647e+01
-5.340342807039999684e+01
-3.586807143819999766e+01
-4.853923144739999884e+01
