4.526582651654456058e-01
4.303610184183492837e-01
4.404834307041696206e-01
4.507431455698199807e-01
4.807269999862208154e-01
5.484774648798873553e-01
5.025405674651350907e-01
3.853440891772781374e-01
4.071612806804488782e-01
5.822488510709886711e-01
4.099514562228064873e-01
4.500924887450860057e-01
5.184960284298394395e-01
4.719228769299151915e-01
5.175265252280174533e-01
4.621069844669186688e-01
5.393456271032801563e-01
5.571647526004073203e-01
3.827534994454603323e-01
3.890373680122014566e-01
5.482293896560910262e-01
4.400723797024962414e-01
4.122616767977396179e-01
5.705434463342857754e-01
4.521197378235813913e-01
5.251452436572450200e-01
4.791752666718968046e-01
9.654967420715800941e-01
6.674143883078724571e+01
