8.385172499999999474e+00,-8.582959940000000643e+01,5.288101989999999830e+01
8.385672500000000085e+00,-8.869619160000000591e+01,6.147102459999999979e+01
8.386172500000000696e+00,-8.860073280000000295e+01,6.973841699999999832e+01
8.386672499999999530e+00,-8.737686410000000592e+01,7.343840059999999426e+01
8.387172500000000142e+00,-8.426657199999999648e+01,5.123042070000000336e+01
8.387672500000000753e+00,-8.528674540000000093e+01,6.403281049999999652e+01
8.388172499999999587e+00,-8.735665590000000691e+01,6.501265480000000707e+01
8.388672500000000198e+00,-8.517535660000000064e+01,6.780050430000000006e+01
8.389172500000000809e+00,-8.493290530000000160e+01,5.711008859999999743e+01
8.389672499999999644e+00,-8.601485830000000021e+01,7.438722319999999399e+01
8.390172500000000255e+00,-8.707032180000000210e+01,6.550030289999999411e+01
8.390672500000000866e+00,-8.778629340000000525e+01,6.501218059999999355e+01
8.391172499999999701e+00,-8.666502020000000073e+01,5.377570560000000199e+01
8.391672500000000312e+00,-8.689980300000000568e+01,5.735254960000000324e+01
8.392172499999999147e+00,-8.477369910000000175e+01,4.624435509999999994e+01
8.392672499999999758e+00,-8.336547670000000210e+01,5.925383970000000033e+01
8.393172500000000369e+00,-8.519594440000000191e+01,5.548123790000000355e+01
8.393672499999999204e+00,-8.458737709999999765e+01,4.663981230000000267e+01
8.394172499999999815e+00,-8.452451879999999562e+01,5.189694200000000279e+01
8.394672500000000426e+00,-8.254376980000000685e+01,4.678596790000000283e+01
8.395172499999999260e+00,-8.288560449999999946e+01,5.036672699999999736e+01
8.395672499999999872e+00,-8.549110480000000223e+01,5.573013569999999817e+01
8.396172500000000483e+00,-8.426731700000000558e+01,5.071110120000000165e+01
8.396672499999999317e+00,-8.271823349999999664e+01,4.053900380000000325e+01
8.397172499999999928e+00,-8.391968740000000082e+01,5.989907469999999989e+01
8.397672500000000539e+00,-8.420641620000000671e+01,6.526873919999999885e+01
8.398172499999999374e+00,-8.620639769999999658e+01,4.264826589999999840e+01
8.398672499999999985e+00,-8.242758129999999994e+01,5.528728850000000250e+01
8.399172500000000596e+00,-8.523521610000000237e+01,7.056824100000000044e+01
8.399672499999999431e+00,-8.372138169999999491e+01,6.443531790000000115e+01
8.400172500000000042e+00,-8.510694370000000220e+01,5.237242260000000016e+01
8.400672500000000653e+00,-8.364064030000000116e+01,4.990957110000000085e+01
8.401172499999999488e+00,-8.241251549999999781e+01,5.055055970000000087e+01
8.401672500000000099e+00,-8.449744300000000408e+01,5.397201520000000130e+01
8.402172500000000710e+00,-8.463674120000000300e+01,5.260965910000000179e+01
8.402672499999999545e+00,-8.368074799999999414e+01,5.970363139999999902e+01
8.403172500000000156e+00,-8.334153290000000425e+01,5.524028030000000200e+01
8.403672500000000767e+00,-8.306719049999999527e+01,5.583203439999999773e+01
8.404172499999999602e+00,-8.303993970000000502e+01,4.482573099999999755e+01
8.404672500000000213e+00,-8.368422280000000057e+01,6.173488280000000117e+01
8.405172500000000824e+00,-8.308167389999999841e+01,5.024507419999999769e+01
8.405672499999999658e+00,-8.366252009999999473e+01,5.303999670000000322e+01
8.406172500000000269e+00,-8.120948260000000118e+01,5.878985010000000244e+01
8.406672500000000881e+00,-8.088295069999999498e+01,5.018326729999999714e+01
8.407172499999999715e+00,-8.263776140000000225e+01,4.365003970000000066e+01
8.407672500000000326e+00,-8.252047290000000146e+01,4.391713099999999770e+01
8.408172499999999161e+00,-8.246274239999999622e+01,6.373641829999999686e+01
8.408672499999999772e+00,-8.303646949999999549e+01,5.275632329999999826e+01
8.409172500000000383e+00,-8.451852189999999609e+01,6.866642840000000092e+01
8.409672499999999218e+00,-8.248743380000000514e+01,6.536044359999999642e+01
8.410172499999999829e+00,-8.308982770000000073e+01,5.140397629999999651e+01
8.410672500000000440e+00,-8.480399800000000710e+01,5.486058700000000243e+01
8.411172499999999275e+00,-8.275310729999999637e+01,5.878281439999999947e+01
8.411672499999999886e+00,-8.135641280000000108e+01,6.697625800000000140e+01
8.412172500000000497e+00,-8.051553300000000490e+01,6.298581599999999980e+01
8.412672499999999332e+00,-8.293767250000000502e+01,5.241620809999999864e+01
8.413172499999999943e+00,-8.276264249999999834e+01,5.424865330000000085e+01
8.413672500000000554e+00,-8.120733850000000587e+01,6.867939540000000420e+01
8.414172499999999388e+00,-8.118953630000000032e+01,4.348405549999999664e+01
8.414672499999999999e+00,-8.099896400000000085e+01,5.466344039999999893e+01
8.415172500000000610e+00,-8.217331439999999532e+01,6.142441720000000061e+01
8.415672499999999445e+00,-8.150690869999999677e+01,5.728378810000000243e+01
8.416172500000000056e+00,-8.263536089999999490e+01,7.159095200000000148e+01
8.416672500000000667e+00,-8.142726600000000303e+01,5.579557280000000219e+01
8.417172499999999502e+00,-8.139805040000000247e+01,5.487233909999999781e+01
8.417672500000000113e+00,-8.132896320000000401e+01,5.994129149999999839e+01
8.418172500000000724e+00,-8.116936069999999859e+01,5.811640669999999886e+01
8.418672499999999559e+00,-8.148428610000000560e+01,5.829676390000000197e+01
8.419172500000000170e+00,-8.053833910000000174e+01,5.887942449999999894e+01
8.419672500000000781e+00,-8.086380289999999604e+01,5.795787700000000342e+01
8.420172499999999616e+00,-8.156138070000000084e+01,5.704261480000000262e+01
8.420672500000000227e+00,-8.089277920000000677e+01,5.778320149999999700e+01
8.421172500000000838e+00,-8.174138130000000046e+01,6.408108099999999752e+01
8.421672499999999673e+00,-8.104513199999999529e+01,5.691876080000000115e+01
8.422172500000000284e+00,-8.012723710000000210e+01,5.429443590000000341e+01
8.422672499999999118e+00,-8.214911619999999459e+01,6.010601570000000038e+01
8.423172499999999729e+00,-8.058171539999999311e+01,4.673345129999999870e+01
8.423672500000000340e+00,-8.015947880000000225e+01,5.461517560000000060e+01
8.424172499999999175e+00,-8.223982049999999333e+01,4.887655370000000232e+01
8.424672499999999786e+00,-7.983395509999999717e+01,4.672824270000000269e+01
8.425172500000000397e+00,-8.059490920000000358e+01,5.254282160000000346e+01
8.425672499999999232e+00,-8.128024840000000495e+01,4.973068119999999936e+01
8.426172499999999843e+00,-8.017334339999999315e+01,5.242615219999999709e+01
8.426672500000000454e+00,-8.134680439999999635e+01,4.731952809999999943e+01
8.427172499999999289e+00,-7.972624550000000454e+01,4.443635220000000174e+01
8.427672499999999900e+00,-8.020890509999999551e+01,5.841796599999999984e+01
8.428172500000000511e+00,-7.977210189999999557e+01,5.288660899999999998e+01
8.428672499999999346e+00,-7.922876089999999749e+01,5.157798919999999754e+01
8.429172499999999957e+00,-8.059612169999999765e+01,5.859323020000000071e+01
8.429672500000000568e+00,-8.100079890000000660e+01,4.629892679999999672e+01
8.430172499999999403e+00,-8.051007429999999943e+01,5.101145369999999701e+01
8.430672500000000014e+00,-7.894223669999999515e+01,5.607047810000000254e+01
8.431172500000000625e+00,-7.944442050000000677e+01,5.244740089999999810e+01
8.431672499999999459e+00,-7.918975629999999910e+01,5.635848229999999859e+01
8.432172500000000070e+00,-7.887888159999999971e+01,4.725793709999999948e+01
8.432672500000000682e+00,-8.080847719999999867e+01,5.547932500000000289e+01
8.433172499999999516e+00,-7.888405899999999349e+01,5.357476170000000337e+01
8.433672500000000127e+00,-7.918522819999999740e+01,5.795481869999999702e+01
8.434172500000000738e+00,-8.026377410000000623e+01,5.648112110000000285e+01
8.434672499999999573e+00,-7.993945770000000550e+01,5.134969889999999992e+01
8.435172500000000184e+00,-7.987278740000000710e+01,5.484164260000000013e+01
8.435672500000000795e+00,-7.964283869999999865e+01,5.123204009999999897e+01
8.436172499999999630e+00,-7.763290960000000496e+01,4.867479879999999781e+01
8.436672500000000241e+00,-7.802392190000000483e+01,5.289538890000000038e+01
8.437172500000000852e+00,-7.870677659999999776e+01,5.525740600000000313e+01
8.437672499999999687e+00,-7.988326700000000358e+01,4.118716959999999716e+01
8.438172500000000298e+00,-7.785580040000000679e+01,4.147822089999999662e+01
8.438672499999999133e+00,-7.852904030000000546e+01,4.647708680000000214e+01
8.439172499999999744e+00,-7.983343700000000354e+01,5.785662810000000178e+01
8.439672500000000355e+00,-7.841161979999999687e+01,5.261113000000000284e+01
8.440172499999999189e+00,-7.905458190000000229e+01,5.657406850000000276e+01
8.440672499999999800e+00,-7.730215049999999621e+01,5.749712230000000091e+01
8.441172500000000412e+00,-7.755988010000000088e+01,5.297310679999999650e+01
8.441672499999999246e+00,-7.709978549999999586e+01,5.930031900000000178e+01
8.442172499999999857e+00,-7.752711349999999868e+01,5.873284420000000239e+01
8.442672500000000468e+00,-7.691851359999999715e+01,5.426783710000000127e+01
8.443172499999999303e+00,-7.772868939999999327e+01,5.093070180000000136e+01
8.443672499999999914e+00,-7.799116960000000631e+01,5.095668799999999976e+01
8.444172500000000525e+00,-7.767789080000000013e+01,5.253669169999999866e+01
8.444672499999999360e+00,-7.622736980000000528e+01,4.897042979999999801e+01
8.445172499999999971e+00,-7.616883749999999509e+01,4.794028459999999825e+01
8.445672500000000582e+00,-7.603579039999999623e+01,5.418475380000000285e+01
8.446172499999999417e+00,-7.681487860000000012e+01,5.505638710000000202e+01
8.446672500000000028e+00,-7.642890789999999868e+01,4.837959690000000279e+01
8.447172500000000639e+00,-7.628177370000000224e+01,5.117127700000000345e+01
8.447672499999999474e+00,-7.568216230000000166e+01,5.630398439999999738e+01
8.448172500000000085e+00,-7.579694890000000385e+01,5.775771710000000070e+01
8.448672500000000696e+00,-7.486112219999999695e+01,5.244763350000000202e+01
8.449172499999999530e+00,-7.482695940000000689e+01,4.437422159999999849e+01
8.449672500000000142e+00,-7.384556960000000458e+01,4.451339000000000112e+01
8.450172500000000753e+00,-7.311927660000000628e+01,4.057052170000000046e+01
8.450672499999999587e+00,-7.227354830000000163e+01,3.177668540000000164e+01
8.451172500000000198e+00,-7.284582790000000330e+01,1.122058529999999976e+01
8.451672500000000809e+00,-7.800582819999999629e+01,-6.443926099999999657e+00
8.452172499999999644e+00,-8.145810749999999700e+01,1.751032569999999922e+01
8.452672500000000255e+00,-8.102678550000000257e+01,5.232503810000000044e+01
8.453172500000000866e+00,-7.845027120000000309e+01,4.849762230000000329e+01
8.453672499999999701e+00,-7.786607549999999378e+01,5.090033600000000291e+01
8.454172500000000312e+00,-7.891025630000000035e+01,5.536129520000000070e+01
8.454672499999999147e+00,-7.895585719999999696e+01,4.943694159999999727e+01
8.455172499999999758e+00,-7.867827490000000523e+01,4.986457120000000032e+01
8.455672500000000369e+00,-7.775975520000000074e+01,5.102876959999999684e+01
8.456172499999999204e+00,-7.760465999999999553e+01,5.022207019999999744e+01
8.456672499999999815e+00,-7.618344840000000318e+01,4.994269229999999737e+01
8.457172500000000426e+00,-7.633364400000000671e+01,4.766808869999999843e+01
8.457672499999999260e+00,-7.751879239999999527e+01,5.004869360000000000e+01
8.458172499999999872e+00,-7.663482700000000136e+01,5.241175510000000060e+01
8.458672500000000483e+00,-7.558453310000000158e+01,4.626187159999999921e+01
8.459172499999999317e+00,-7.662872620000000268e+01,4.944661949999999706e+01
8.459672499999999928e+00,-7.664329840000000615e+01,4.355734549999999672e+01
8.460172500000000539e+00,-7.700862220000000491e+01,4.588009410000000088e+01
8.460672499999999374e+00,-7.598076159999999390e+01,4.822127410000000225e+01
8.461172499999999985e+00,-7.699240860000000453e+01,5.261641439999999648e+01
8.461672500000000596e+00,-7.605655020000000377e+01,5.230738829999999950e+01
8.462172499999999431e+00,-7.565813559999999427e+01,4.658266420000000352e+01
8.462672500000000042e+00,-7.613988620000000651e+01,4.909093430000000069e+01
8.463172500000000653e+00,-7.646273770000000525e+01,4.754057949999999977e+01
8.463672499999999488e+00,-7.531095150000000160e+01,5.320344920000000144e+01
8.464172500000000099e+00,-7.491471959999999797e+01,5.116111000000000075e+01
8.464672500000000710e+00,-7.522235689999999408e+01,5.004819979999999902e+01
8.465172499999999545e+00,-7.533223719999999446e+01,5.191112050000000266e+01
8.465672500000000156e+00,-7.530190349999999455e+01,5.241726260000000082e+01
8.466172500000000767e+00,-7.527730590000000177e+01,5.080279709999999938e+01
8.466672499999999602e+00,-7.389349400000000401e+01,5.078997629999999930e+01
8.467172500000000213e+00,-7.536834179999999606e+01,5.025195500000000237e+01
8.467672500000000824e+00,-7.434120470000000580e+01,5.167401339999999976e+01
8.468172499999999658e+00,-7.473101939999999388e+01,5.164913409999999772e+01
8.468672500000000269e+00,-7.414256770000000074e+01,5.056399110000000263e+01
8.469172500000000881e+00,-7.431946779999999819e+01,5.038268599999999964e+01
8.469672499999999715e+00,-7.336014629999999670e+01,5.589011680000000126e+01
8.470172500000000326e+00,-7.425209940000000586e+01,5.235508810000000324e+01
8.470672499999999161e+00,-7.320064910000000680e+01,5.380191440000000114e+01
8.471172499999999772e+00,-7.317318889999999953e+01,5.286093979999999704e+01
8.471672500000000383e+00,-7.286295800000000611e+01,5.086458509999999933e+01
8.472172499999999218e+00,-7.336739760000000388e+01,4.979532329999999973e+01
8.472672499999999829e+00,-7.337449619999999584e+01,4.648324070000000319e+01
8.473172500000000440e+00,-7.338445780000000696e+01,4.896339530000000195e+01
8.473672499999999275e+00,-7.302771300000000565e+01,5.288068909999999789e+01
8.474172499999999886e+00,-7.317267400000000066e+01,5.103697410000000190e+01
8.474672500000000497e+00,-7.270167539999999917e+01,5.061411189999999749e+01
8.475172499999999332e+00,-7.328230270000000246e+01,4.918159099999999739e+01
8.475672499999999943e+00,-7.271754780000000551e+01,5.132807019999999909e+01
8.476172500000000554e+00,-7.249639089999999442e+01,5.853453009999999779e+01
8.476672499999999388e+00,-7.252574180000000581e+01,5.143256230000000073e+01
8.477172499999999999e+00,-7.287793979999999294e+01,5.092140400000000255e+01
8.477672500000000610e+00,-7.238084969999999885e+01,5.208482810000000285e+01
8.478172499999999445e+00,-7.231570220000000404e+01,5.156340840000000014e+01
8.478672500000000056e+00,-7.204508090000000209e+01,5.226110309999999970e+01
8.479172500000000667e+00,-7.174422839999999724e+01,4.955073879999999775e+01
8.479672499999999502e+00,-7.131353590000000509e+01,4.950321629999999828e+01
8.480172500000000113e+00,-7.114562730000000101e+01,5.016875970000000251e+01
8.480672500000000724e+00,-7.079715310000000272e+01,5.118813260000000298e+01
8.481172499999999559e+00,-7.083943560000000161e+01,4.844333660000000208e+01
8.481672500000000170e+00,-7.072322359999999719e+01,5.046568229999999744e+01
8.482172500000000781e+00,-7.047906749999999931e+01,4.832234309999999766e+01
8.482672499999999616e+00,-7.007977830000000097e+01,4.852797309999999698e+01
8.483172500000000227e+00,-7.005901559999999506e+01,4.706846240000000137e+01
8.483672500000000838e+00,-6.946903090000000702e+01,4.587992539999999764e+01
8.484172499999999673e+00,-6.939497719999999958e+01,4.389637900000000315e+01
8.484672500000000284e+00,-6.914711300000000449e+01,4.578790750000000287e+01
8.485172499999999118e+00,-6.891390900000000386e+01,4.400937859999999802e+01
8.485672499999999729e+00,-6.938340110000000038e+01,4.205817030000000045e+01
8.486172500000000340e+00,-6.970059419999999761e+01,4.205439690000000041e+01
8.486672499999999175e+00,-6.913797209999999893e+01,4.069484620000000064e+01
8.487172499999999786e+00,-7.046695160000000158e+01,4.211256649999999979e+01
8.487672500000000397e+00,-7.000843150000000037e+01,4.436513740000000183e+01
8.488172499999999232e+00,-6.952344370000000140e+01,4.711896209999999741e+01
8.488672499999999843e+00,-6.936562800000000095e+01,4.503344979999999964e+01
8.489172500000000454e+00,-6.956076120000000174e+01,4.481161649999999952e+01
8.489672499999999289e+00,-6.902093059999999980e+01,4.540823790000000315e+01
8.490172499999999900e+00,-6.870775079999999946e+01,4.735507419999999712e+01
8.490672500000000511e+00,-6.828975610000000529e+01,4.887227120000000014e+01
8.491172499999999346e+00,-6.802221900000000687e+01,4.684543000000000035e+01
8.491672499999999957e+00,-6.778649450000000343e+01,4.774232380000000120e+01
8.492172500000000568e+00,-6.735003360000000328e+01,4.753000020000000347e+01
8.492672499999999403e+00,-6.721287549999999555e+01,4.943604320000000030e+01
8.493172500000000014e+00,-6.689512539999999774e+01,4.635186790000000201e+01
8.493672500000000625e+00,-6.679081759999999690e+01,4.721740580000000165e+01
8.494172499999999459e+00,-6.649373110000000509e+01,4.546451210000000032e+01
8.494672500000000070e+00,-6.634996160000000032e+01,4.538427899999999937e+01
8.495172500000000682e+00,-6.625765099999999563e+01,4.579025889999999777e+01
8.495672499999999516e+00,-6.662855220000000145e+01,4.663115719999999698e+01
8.496172500000000127e+00,-6.597612829999999917e+01,4.826660499999999843e+01
8.496672500000000738e+00,-6.582405369999999323e+01,4.762587940000000231e+01
8.497172499999999573e+00,-6.575351080000000081e+01,4.659251460000000122e+01
8.497672500000000184e+00,-6.526442009999999527e+01,4.632994250000000136e+01
8.498172500000000795e+00,-6.510937660000000449e+01,4.818220970000000136e+01
8.498672499999999630e+00,-6.460288679999999317e+01,4.881578009999999779e+01
8.499172500000000241e+00,-6.446442810000000634e+01,4.719241230000000087e+01
8.499672500000000852e+00,-6.396553500000000270e+01,4.750043130000000247e+01
8.500172499999999687e+00,-6.383734979999999837e+01,4.847831510000000321e+01
8.500672500000000298e+00,-6.278329219999999822e+01,4.910031570000000301e+01
8.501172499999999133e+00,-6.295479470000000077e+01,4.441098780000000090e+01
8.501672499999999744e+00,-6.240815169999999767e+01,4.161794150000000059e+01
8.502172500000000355e+00,-6.238590159999999685e+01,4.327386400000000322e+01
8.502672499999999189e+00,-6.222645579999999654e+01,4.168711969999999667e+01
8.503172499999999800e+00,-6.142427219999999721e+01,4.591004720000000106e+01
8.503672500000000412e+00,-6.082910329999999988e+01,4.377086380000000077e+01
8.504172499999999246e+00,-6.051995490000000189e+01,4.316926920000000223e+01
8.504672499999999857e+00,-5.995380560000000258e+01,3.801465910000000292e+01
8.505172500000000468e+00,-6.013456049999999919e+01,4.095389639999999787e+01
8.505672499999999303e+00,-5.966617709999999875e+01,4.364410850000000153e+01
8.506172499999999914e+00,-5.951318280000000271e+01,4.232925250000000261e+01
8.506672500000000525e+00,-5.811397360000000134e+01,4.386954630000000321e+01
8.507172499999999360e+00,-5.720332489999999837e+01,4.159054460000000120e+01
8.507672499999999971e+00,-5.629823580000000049e+01,3.839223640000000159e+01
8.508172500000000582e+00,-5.540833190000000030e+01,3.903044090000000210e+01
8.508672499999999417e+00,-5.420017109999999860e+01,3.869113380000000291e+01
8.509172500000000028e+00,-5.328378740000000136e+01,3.318885350000000045e+01
8.509672500000000639e+00,-5.212642979999999682e+01,3.158667829999999910e+01
8.510172499999999474e+00,-5.109223109999999934e+01,2.836879649999999842e+01
8.510672500000000085e+00,-4.985118339999999648e+01,2.461300460000000001e+01
8.511172500000000696e+00,-4.818645320000000254e+01,1.625200189999999978e+01
8.511672499999999530e+00,-4.654205060000000316e+01,6.789312899999999651e+00
8.512172500000000142e+00,-4.489964470000000318e+01,-7.255835900000000116e+00
8.512672500000000753e+00,-4.383902429999999839e+01,-2.880656219999999834e+01
8.513172499999999587e+00,-4.436632110000000040e+01,-5.085310079999999999e+01
8.513672500000000198e+00,-4.585632170000000229e+01,-6.510501329999999598e+01
8.514172500000000809e+00,-4.715393279999999976e+01,-7.180550130000000308e+01
8.514672499999999644e+00,-4.737041789999999963e+01,-7.774982780000000560e+01
8.515172500000000255e+00,-4.828943430000000347e+01,-9.031846520000000567e+01
8.515672500000000866e+00,-5.009344829999999860e+01,-1.010510610000000042e+02
8.516172499999999701e+00,-5.176170150000000092e+01,-1.075656550000000067e+02
8.516672500000000312e+00,-5.358073869999999772e+01,-1.124770800000000008e+02
8.517172499999999147e+00,-5.475353779999999659e+01,-1.135281607999999949e+02
8.517672499999999758e+00,-5.564597959999999688e+01,-1.160428148999999962e+02
8.518172500000000369e+00,-5.671287089999999864e+01,-1.182311040999999960e+02
8.518672499999999204e+00,-5.737938439999999929e+01,-1.188965831999999949e+02
8.519172499999999815e+00,-5.804465739999999840e+01,-1.156152234000000050e+02
8.519672500000000426e+00,-5.848239749999999759e+01,-1.167873356999999999e+02
8.520172499999999260e+00,-5.895967379999999736e+01,-1.212435944000000063e+02
8.520672499999999872e+00,-5.980501900000000148e+01,-1.207779532999999930e+02
8.521172500000000483e+00,-6.068262299999999954e+01,-1.226237981000000019e+02
8.521672499999999317e+00,-6.116133179999999925e+01,-1.228382143000000042e+02
8.522172499999999928e+00,-6.146548889999999687e+01,-1.204325735000000037e+02
8.522672500000000539e+00,-6.214328350000000256e+01,-1.244135820000000052e+02
8.523172499999999374e+00,-6.255998120000000284e+01,-1.208287626999999986e+02
8.523672499999999985e+00,-6.278850500000000068e+01,-1.208903126000000015e+02
8.524172500000000596e+00,-6.333914209999999656e+01,-1.206026892999999944e+02
8.524672499999999431e+00,-6.396675499999999914e+01,-1.210323601999999994e+02
8.525172500000000042e+00,-6.414132850000000019e+01,-1.204006576999999965e+02
8.525672500000000653e+00,-6.482308109999999601e+01,-1.255112787999999995e+02
8.526172499999999488e+00,-6.539020109999999875e+01,-1.239119536999999980e+02
8.526672500000000099e+00,-6.496019979999999805e+01,-1.228611056999999960e+02
8.527172500000000710e+00,-6.562937300000000107e+01,-1.206784305999999987e+02
8.527672499999999545e+00,-6.578916809999999771e+01,-1.216338212999999939e+02
8.528172500000000156e+00,-6.614569050000000061e+01,-1.187336298999999968e+02
8.528672500000000767e+00,-6.566985560000000532e+01,-1.193663655000000006e+02
8.529172499999999602e+00,-6.682687959999999805e+01,-1.194109923000000038e+02
8.529672500000000213e+00,-6.623478640000000439e+01,-1.246243958000000021e+02
8.530172500000000824e+00,-6.792702250000000674e+01,-1.227707235999999966e+02
8.530672499999999658e+00,-6.804372039999999799e+01,-1.157782573000000070e+02
8.531172500000000269e+00,-6.721858190000000377e+01,-1.167944521000000009e+02
8.531672500000000881e+00,-6.776972949999999685e+01,-1.171196448999999973e+02
8.532172499999999715e+00,-6.795421559999999772e+01,-1.217774660999999981e+02
8.532672500000000326e+00,-6.818219000000000563e+01,-1.204453568999999931e+02
8.533172499999999161e+00,-6.883723910000000501e+01,-1.196349687999999958e+02
8.533672499999999772e+00,-6.778748450000000503e+01,-1.201131608000000028e+02
8.534172500000000383e+00,-6.821006010000000686e+01,-1.189798171000000053e+02
8.534672499999999218e+00,-6.958177430000000641e+01,-1.287707500999999866e+02
8.535172499999999829e+00,-6.821162200000000553e+01,-1.279636098000000004e+02
8.535672500000000440e+00,-6.880704919999999447e+01,-1.224355822999999930e+02
8.536172499999999275e+00,-6.996253190000000188e+01,-1.191892701000000017e+02
8.536672499999999886e+00,-6.952640039999999999e+01,-1.241145948000000061e+02
8.537172500000000497e+00,-7.088156460000000436e+01,-1.201401582999999960e+02
8.537672499999999332e+00,-7.016764419999999802e+01,-1.195194656000000037e+02
8.538172499999999943e+00,-7.095642829999999890e+01,-1.181588603000000006e+02
8.538672500000000554e+00,-7.054172099999999546e+01,-1.289527648000000113e+02
8.539172499999999388e+00,-6.972570930000000544e+01,-1.230272489000000036e+02
8.539672499999999999e+00,-7.092696069999999509e+01,-1.208241354000000030e+02
8.540172500000000610e+00,-6.980622490000000369e+01,-1.333633426000000100e+02
8.540672499999999445e+00,-7.130442060000000026e+01,-1.321606588999999872e+02
8.541172500000000056e+00,-7.284048149999999566e+01,-1.335556143000000020e+02
8.541672500000000667e+00,-7.143807889999999361e+01,-1.246356636000000009e+02
8.542172499999999502e+00,-7.261073650000000157e+01,-1.238933008000000058e+02
8.542672500000000113e+00,-7.270653980000000161e+01,-1.329416898000000060e+02
8.543172500000000724e+00,-7.210816819999999439e+01,-1.282013460999999950e+02
8.543672499999999559e+00,-7.426109139999999798e+01,-1.207924090000000064e+02
8.544172500000000170e+00,-7.421264170000000604e+01,-1.249118821999999938e+02
8.544672500000000781e+00,-7.471204919999999561e+01,-1.402858866999999918e+02
8.545172499999999616e+00,-7.262251910000000521e+01,-1.354233874999999898e+02
8.545672500000000227e+00,-7.581386910000000512e+01,-1.259204586000000035e+02
8.546172500000000838e+00,-7.386114899999999750e+01,-1.202526823000000036e+02
8.546672499999999673e+00,-7.503912440000000572e+01,-1.241162560000000070e+02
8.547172500000000284e+00,-7.415047389999999439e+01,-1.354191610000000026e+02
8.547672499999999118e+00,-7.701420869999999752e+01,-1.129203566999999993e+02
8.548172499999999729e+00,-7.598819349999999417e+01,-1.144546648000000033e+02
8.548672500000000340e+00,-7.589714010000000144e+01,-1.287926865999999961e+02
8.549172499999999175e+00,-7.538394949999999994e+01,-1.283343881000000124e+02
8.549672499999999786e+00,-7.801064080000000445e+01,-1.318915768999999898e+02
8.550172500000000397e+00,-7.711838489999999524e+01,-1.297928880999999990e+02
8.550672499999999232e+00,-7.962852569999999730e+01,-1.320728876000000014e+02
8.551172499999999843e+00,-7.612678999999999974e+01,-1.181778201999999993e+02
8.551672500000000454e+00,-7.767805610000000627e+01,-1.376735380000000077e+02
8.552172499999999289e+00,-7.876045320000000061e+01,-1.110950698999999986e+02
8.552672499999999900e+00,-8.315421259999999393e+01,-1.084881364999999960e+02
8.553172500000000511e+00,-7.814866809999999475e+01,-1.155528685999999965e+02
8.553672499999999346e+00,-7.873153030000000285e+01,-1.380155459000000064e+02
8.554172499999999957e+00,-8.211299689999999885e+01,-1.196961048000000005e+02
8.554672500000000568e+00,-8.089031230000000505e+01,-1.276495058999999941e+02
8.555172499999999403e+00,-8.042477879999999857e+01,-1.099019104000000056e+02
8.555672500000000014e+00,-8.330876680000000079e+01,-1.139182610999999952e+02
8.556172500000000625e+00,-8.375391109999999628e+01,-1.425993592000000092e+02
8.556672499999999459e+00,-8.166837510000000577e+01,-9.907806600000000685e+01
8.557172500000000070e+00,-7.873880809999999997e+01,-9.485705020000000331e+01
8.557672500000000682e+00,-8.645054489999999703e+01,-8.388644229999999880e+01
8.558172499999999516e+00,-8.512246659999999565e+01,-8.441164679999999976e+01
8.558672500000000127e+00,-8.213016149999999982e+01,-1.038141001000000045e+02
8.559172500000000738e+00,-8.317147799999999336e+01,-9.947179350000000397e+01
8.559672499999999573e+00,-8.362911990000000628e+01,-1.631153793000000007e+02
8.560172500000000184e+00,-8.304576860000000238e+01,-1.144359618000000012e+02
8.560672500000000795e+00,-8.163744619999999941e+01,-9.595268839999999955e+01
8.561172499999999630e+00,-8.631681570000000647e+01,-1.373523299999999949e+02
8.561672500000000241e+00,-9.694972140000000138e+01,-1.587592452000000094e+02
8.562172500000000852e+00,-8.222897620000000529e+01,-1.171945826999999980e+02
8.562672499999999687e+00,-8.503539560000000108e+01,-1.557301348999999959e+02
8.563172500000000298e+00,-8.523670009999999309e+01,-4.093590820000000008e+01
8.563672499999999133e+00,-8.902218030000000226e+01,-6.671001730000000407e+01
8.564172499999999744e+00,-9.367296159999999361e+01,-8.701596120000000667e+01
8.564672500000000355e+00,-8.882575249999999301e+01,-1.354262669999999957e+01
8.565172499999999189e+00,-8.720680489999999452e+01,-4.684950280000000333e+01
8.565672499999999800e+00,-9.620264570000000504e+01,-6.202613279999999918e+01
8.566172500000000412e+00,-8.719752289999999562e+01,6.605506189999999833e+01
8.566672499999999246e+00,-8.501769659999999362e+01,-6.020412600000000225e+01
8.567172499999999857e+00,-8.446404470000000231e+01,2.632642399999999938e+00
8.567672500000000468e+00,-8.507763140000000135e+01,1.498370560000000040e+01
8.568172499999999303e+00,-8.564273319999999501e+01,3.598412999999999862e+00
8.568672499999999914e+00,-8.698913340000000005e+01,-6.418712099999999587e+00
8.569172500000000525e+00,-8.381093529999999703e+01,1.162945200000000057e+01
8.569672499999999360e+00,-8.207410830000000601e+01,2.270978200000000058e+00
8.570172499999999971e+00,-8.379909920000000056e+01,-1.930052579999999907e+01
8.570672500000000582e+00,-8.265219720000000336e+01,5.951321839999999952e+01
8.571172499999999417e+00,-8.119724069999999472e+01,1.561024450000000030e+01
8.571672500000000028e+00,-8.235639620000000605e+01,6.684423999999999921e-01
8.572172500000000639e+00,-8.122599999999999909e+01,2.983538890000000166e+01
8.572672499999999474e+00,-8.109294920000000673e+01,4.689934149999999846e+01
8.573172500000000085e+00,-7.846859759999999540e+01,1.703269819999999868e+01
8.573672500000000696e+00,-7.727802130000000602e+01,2.971806570000000036e+01
8.574172499999999530e+00,-7.827934980000000564e+01,5.457405310000000043e+01
8.574672500000000142e+00,-7.472940060000000528e+01,1.735529340000000076e+01
8.575172500000000753e+00,-7.543853699999999662e+01,3.584430729999999699e+01
8.575672499999999587e+00,-7.378646679999999947e+01,4.030932920000000053e+01
8.576172500000000198e+00,-7.135931480000000704e+01,3.615815119999999894e+01
8.576672500000000809e+00,-7.096572679999999878e+01,3.466066150000000334e+01
8.577172499999999644e+00,-7.022071549999999718e+01,3.808817760000000163e+01
8.577672500000000255e+00,-6.928189740000000540e+01,3.184838140000000095e+01
8.578172500000000866e+00,-6.830261620000000278e+01,3.003368109999999902e+01
8.578672499999999701e+00,-6.817031649999999843e+01,3.944234490000000193e+01
8.579172500000000312e+00,-6.719248840000000200e+01,3.114896579999999915e+01
8.579672499999999147e+00,-6.588618490000000349e+01,2.796561529999999962e+01
8.580172499999999758e+00,-6.542865439999999921e+01,2.533502580000000037e+01
8.580672500000000369e+00,-6.391616870000000006e+01,2.705799469999999829e+01
8.581172499999999204e+00,-6.129111509999999896e+01,2.485229250000000079e+01
8.581672499999999815e+00,-6.024434529999999910e+01,2.217113840000000025e+01
8.582172500000000426e+00,-5.935067120000000074e+01,1.738399749999999955e+01
8.582672499999999260e+00,-5.749727060000000023e+01,1.339941660000000034e+01
8.583172499999999872e+00,-5.616948450000000292e+01,5.004952799999999868e+00
8.583672500000000483e+00,-5.567817050000000023e+01,-7.494957399999999659e+00
8.584172499999999317e+00,-5.288087120000000141e+01,-1.802319100000000063e+01
8.584672499999999928e+00,-5.167230560000000139e+01,-5.164440849999999728e+01
8.585172500000000539e+00,-5.327123269999999877e+01,-7.056979210000000080e+01
