9.250000000000000000e+00,-1.908104964799999914e+00,-5.745546644409999715e+01
9.256249999999999645e+00,-1.887450647449999908e+00,-5.969942355330000083e+01
9.262499999999999289e+00,-1.897315766550000005e+00,-6.192488600109999908e+01
9.268750000000000711e+00,-1.901012677900000059e+00,-6.418863846230000547e+01
9.275000000000000355e+00,-1.919582125470000067e+00,-6.664524335320000148e+01
9.281250000000000000e+00,-1.971073634669999963e+00,-6.914122698869999795e+01
9.287499999999999645e+00,-2.024277683949999851e+00,-7.149327557639999497e+01
9.293749999999999289e+00,-2.034031363830000050e+00,-7.377231039469999985e+01
9.300000000000000711e+00,-2.027129860040000064e+00,-7.610987414619999925e+01
9.306250000000000355e+00,-2.036211403869999881e+00,-7.840449322269999755e+01
9.312500000000000000e+00,-2.063344358700000214e+00,-8.064947457549999399e+01
9.318749999999999645e+00,-2.098825512569999940e+00,-8.297606147310000324e+01
9.324999999999999289e+00,-2.151968814700000010e+00,-8.536937547210000332e+01
9.331250000000000711e+00,-2.220253281390000222e+00,-8.781431661749999762e+01
9.337500000000000355e+00,-2.277804692860000202e+00,-9.022326370890000646e+01
9.343750000000000000e+00,-2.307064228040000220e+00,-9.259303959240000381e+01
9.349999999999999645e+00,-2.321869513729999834e+00,-9.486572039150000535e+01
9.356249999999999289e+00,-2.355174704479999992e+00,-9.704175507409999568e+01
9.362500000000000711e+00,-2.405923011170000070e+00,-9.915201317710000239e+01
9.368750000000000355e+00,-2.468588437919999823e+00,-1.013324720530000036e+02
9.375000000000000000e+00,-2.553507572990000085e+00,-1.036565269710000052e+02
9.381249999999999645e+00,-2.661380797920000152e+00,-1.060587509159999939e+02
9.387499999999999289e+00,-2.752821353779999924e+00,-1.083847652099999976e+02
9.393750000000000711e+00,-2.790867831319999937e+00,-1.105512014859999965e+02
9.400000000000000355e+00,-2.806565076900000122e+00,-1.126727034940000038e+02
9.406250000000000000e+00,-2.847483194700000109e+00,-1.146976483469999977e+02
9.412499999999999645e+00,-2.911392813049999972e+00,-1.165513208830000025e+02
9.418749999999999289e+00,-2.987099021230000151e+00,-1.184484572399999962e+02
9.425000000000000711e+00,-3.103632790869999880e+00,-1.205271240950000049e+02
9.431250000000000355e+00,-3.243125512839999836e+00,-1.225875432429999989e+02
9.437500000000000000e+00,-3.326388799210000080e+00,-1.244710818089999975e+02
9.443749999999999645e+00,-3.334082592750000185e+00,-1.264786554979999949e+02
9.449999999999999289e+00,-3.360836391049999872e+00,-1.286473874289999912e+02
9.456250000000000711e+00,-3.426538124159999921e+00,-1.304126058699999930e+02
9.462500000000000355e+00,-3.481492250480000106e+00,-1.319764120909999860e+02
9.468750000000000000e+00,-3.564957299900000098e+00,-1.337556685030000097e+02
9.474999999999999645e+00,-3.708582229530000163e+00,-1.355741143049999948e+02
9.481249999999999289e+00,-3.824367004399999992e+00,-1.372321957800000121e+02
9.487500000000000711e+00,-3.841814500939999988e+00,-1.390827505770000130e+02
9.493750000000000355e+00,-3.847897914909999884e+00,-1.413484542589999933e+02
9.500000000000000000e+00,-3.909727062019999977e+00,-1.432297912669999960e+02
9.506249999999999645e+00,-3.950862001269999979e+00,-1.446129001920000121e+02
9.512499999999999289e+00,-3.994444515940000162e+00,-1.460223235949999889e+02
9.518750000000000711e+00,-4.103626467449999815e+00,-1.474365179650000073e+02
9.525000000000000355e+00,-4.234360759910000382e+00,-1.487730077420000043e+02
9.531250000000000000e+00,-4.287376124499999719e+00,-1.503723366899999974e+02
9.537499999999999645e+00,-4.308026128729999904e+00,-1.525558491030000141e+02
9.543749999999999289e+00,-4.366049544910000080e+00,-1.546710934159999908e+02
9.550000000000000711e+00,-4.397647405809999910e+00,-1.562294141490000072e+02
9.556250000000000355e+00,-4.407368195000000100e+00,-1.576098341770000104e+02
9.562500000000000000e+00,-4.443842839470000250e+00,-1.588866496249999898e+02
9.568749999999999645e+00,-4.522487192409999857e+00,-1.600510168270000122e+02
9.574999999999999289e+00,-4.596560001210000301e+00,-1.613708170630000041e+02
9.581250000000000711e+00,-4.645172963320000292e+00,-1.631616064279999989e+02
9.587500000000000355e+00,-4.704729077429999684e+00,-1.651199483419999865e+02
9.593750000000000000e+00,-4.756012558480000152e+00,-1.668004668890000062e+02
9.599999999999999645e+00,-4.770311492640000317e+00,-1.682004048629999886e+02
9.606249999999999289e+00,-4.782042864010000116e+00,-1.694449456320000138e+02
9.612500000000000711e+00,-4.821157609400000155e+00,-1.705544361489999972e+02
9.618750000000000355e+00,-4.896790797320000443e+00,-1.716783994609999979e+02
9.625000000000000000e+00,-4.987155203440000406e+00,-1.730858458790000043e+02
9.631249999999999645e+00,-5.063589449840000256e+00,-1.747938337550000085e+02
9.637499999999999289e+00,-5.121060761629999902e+00,-1.766215704180000046e+02
9.643750000000000711e+00,-5.153852863680000063e+00,-1.782871628780000037e+02
9.650000000000000355e+00,-5.165467139489999582e+00,-1.797211431199999936e+02
9.656250000000000000e+00,-5.176131391430000228e+00,1.790490532229999872e+02
9.662499999999999645e+00,-5.213919244300000422e+00,1.779636595750000083e+02
9.668749999999999289e+00,-5.293115724929999821e+00,1.768363068589999898e+02
9.675000000000000711e+00,-5.381505046620000066e+00,1.754661465940000085e+02
9.681250000000000355e+00,-5.445732014949999922e+00,1.737750446100000090e+02
9.687500000000000000e+00,-5.493424649809999671e+00,1.719239838070000133e+02
9.693749999999999645e+00,-5.535359893639999918e+00,1.702516723370000022e+02
9.699999999999999289e+00,-5.544230976199999716e+00,1.689061233340000001e+02
9.706250000000000711e+00,-5.551370349920000002e+00,1.677680707250000012e+02
9.712500000000000355e+00,-5.588871066480000316e+00,1.667156479509999940e+02
9.718750000000000000e+00,-5.661082131419999719e+00,1.656779134980000094e+02
9.724999999999999645e+00,-5.733827177040000223e+00,1.643589111999999943e+02
9.731249999999999289e+00,-5.795702221170000001e+00,1.626532208170000047e+02
9.737500000000000711e+00,-5.865712710230000404e+00,1.609231481140000142e+02
9.743750000000000355e+00,-5.902103080659999890e+00,1.595096122230000049e+02
9.750000000000000000e+00,-5.902635810229999613e+00,1.582882157280000115e+02
9.756249999999999645e+00,-5.909222270509999930e+00,1.571894716840000115e+02
9.762499999999999289e+00,-5.954774299410000360e+00,1.562375781620000055e+02
9.768750000000000711e+00,-6.017687246690000435e+00,1.552159005020000109e+02
9.775000000000000355e+00,-6.087327336899999608e+00,1.538124121289999948e+02
9.781250000000000000e+00,-6.180560411540000132e+00,1.521567201839999939e+02
9.787499999999999645e+00,-6.256637579010000394e+00,1.506735107540000058e+02
9.793749999999999289e+00,-6.281087954950000274e+00,1.493245697099999916e+02
9.800000000000000711e+00,-6.293685952289999719e+00,1.480654044999999996e+02
9.806250000000000355e+00,-6.326305020590000439e+00,1.469584910179999895e+02
9.812500000000000000e+00,-6.377871183559999935e+00,1.459404734819999874e+02
9.818749999999999645e+00,-6.451201107070000162e+00,1.447430706609999902e+02
9.824999999999999289e+00,-6.547998233290000414e+00,1.432674847279999994e+02
9.831250000000000711e+00,-6.636689180190000314e+00,1.417643099670000026e+02
9.837500000000000355e+00,-6.681594061700000253e+00,1.403121946740000112e+02
9.843750000000000000e+00,-6.693656567439999705e+00,1.389167786620000129e+02
9.849999999999999645e+00,-6.704898343850000053e+00,1.377218904599999973e+02
9.856249999999999289e+00,-6.734211547230000150e+00,1.367129659439999898e+02
9.862500000000000711e+00,-6.792180534909999956e+00,1.357087267320000024e+02
9.868750000000000355e+00,-6.881497395270000261e+00,1.345526595899999904e+02
9.875000000000000000e+00,-6.981459594899999566e+00,1.332480233740000131e+02
9.881249999999999645e+00,-7.054207210200000411e+00,1.318130218649999961e+02
9.887499999999999289e+00,-7.093866160310000168e+00,1.303483030570000096e+02
9.893750000000000711e+00,-7.114568954390000144e+00,1.290222727569999961e+02
9.900000000000000355e+00,-7.132871583570000062e+00,1.278841285809999988e+02
9.906250000000000000e+00,-7.175744199809999557e+00,1.269219742770000039e+02
9.912499999999999645e+00,-7.252446113839999597e+00,1.259891207010000045e+02
9.918749999999999289e+00,-7.355485141549999994e+00,1.249271766039999960e+02
9.925000000000000711e+00,-7.460853925910000406e+00,1.236495275599999957e+02
9.931250000000000355e+00,-7.547296360549999861e+00,1.221703467149999938e+02
9.937500000000000000e+00,-7.603129676670000059e+00,1.206925312420000012e+02
9.943749999999999645e+00,-7.634184647839999727e+00,1.193469872670000029e+02
9.949999999999999289e+00,-7.668325451640000345e+00,1.182139502849999957e+02
9.956250000000000711e+00,-7.722525211519999822e+00,1.172116617740000066e+02
9.962500000000000355e+00,-7.796198108459999609e+00,1.162313451800000053e+02
9.968750000000000000e+00,-7.898611327560000284e+00,1.151282950669999963e+02
9.974999999999999645e+00,-8.005121728300000683e+00,1.138203047049999981e+02
9.981249999999999289e+00,-8.097371916800000236e+00,1.123402577699999938e+02
9.987500000000000711e+00,-8.153833180810000414e+00,1.108378935180000013e+02
9.993750000000000355e+00,-8.197243982350000735e+00,1.094476274729999972e+02
1.000000000000000000e+01,-8.242662239899999577e+00,1.082036703960000068e+02
1.000624999999999964e+01,-8.298109530730000571e+00,1.070781589540000027e+02
1.001249999999999929e+01,-8.381846060619999150e+00,1.059695736679999953e+02
1.001875000000000071e+01,-8.482628079359999518e+00,1.047728333900000024e+02
1.002500000000000036e+01,-8.580474911850000552e+00,1.033744807110000039e+02
1.003125000000000000e+01,-8.655155480039999460e+00,1.018881124899999975e+02
1.003749999999999964e+01,-8.702447411490000562e+00,1.004535298710000006e+02
1.004374999999999929e+01,-8.741005556350000205e+00,9.917682315970000673e+01
1.005000000000000071e+01,-8.790175589809999579e+00,9.807550135500000010e+01
1.005625000000000036e+01,-8.857205846119999393e+00,9.708869212230000301e+01
1.006250000000000000e+01,-8.955608772119999728e+00,9.608082332620000443e+01
1.006874999999999964e+01,-9.073288521769999448e+00,9.489139209059999303e+01
1.007499999999999929e+01,-9.190002660699999382e+00,9.346764854910000508e+01
1.008125000000000071e+01,-9.287613442579999656e+00,9.185483220689999939e+01
1.008750000000000036e+01,-9.351908761569999839e+00,9.031105429119999428e+01
1.009375000000000000e+01,-9.400486961229999494e+00,8.887635891060000404e+01
1.009999999999999964e+01,-9.451437519500000661e+00,8.760236544580000384e+01
1.010624999999999929e+01,-9.513820346419999296e+00,8.643598279559999753e+01
1.011250000000000071e+01,-9.606326679889999554e+00,8.531924239919999309e+01
1.011875000000000036e+01,-9.726955121259999615e+00,8.408726545230000227e+01
1.012500000000000000e+01,-9.863395290130000603e+00,8.265396140430000571e+01
1.013124999999999964e+01,-9.964067685579999889e+00,8.105314382289999742e+01
1.013749999999999929e+01,-1.004468662350000052e+01,7.947271976810000638e+01
1.014375000000000071e+01,-1.011726595350000046e+01,7.794284674930000278e+01
1.015000000000000036e+01,-1.018352865019999953e+01,7.650611584680000021e+01
1.015625000000000000e+01,-1.026125020519999964e+01,7.516658547510000687e+01
1.016249999999999964e+01,-1.037069773590000032e+01,7.390263927060000526e+01
1.016874999999999929e+01,-1.051289125279999936e+01,7.258464293020000468e+01
1.017500000000000071e+01,-1.065124857120000001e+01,7.095536418410000579e+01
1.018125000000000036e+01,-1.076715907009999995e+01,6.911003698529999895e+01
1.018750000000000000e+01,-1.084773708059999997e+01,6.719873812720000217e+01
1.019374999999999964e+01,-1.091377939250000040e+01,6.526776313220000247e+01
1.019999999999999929e+01,-1.095728433909999922e+01,6.339801673070000021e+01
1.020625000000000071e+01,-1.099468105569999921e+01,6.178861919130000047e+01
1.021250000000000036e+01,-1.105564445849999977e+01,6.050478696270000256e+01
1.021875000000000000e+01,-1.116029466270000015e+01,5.919334359009999957e+01
1.022499999999999964e+01,-1.128881785289999939e+01,5.773953549510000016e+01
1.023124999999999929e+01,-1.142245066109999918e+01,5.605114211099999721e+01
1.023750000000000071e+01,-1.154824319000000088e+01,5.414596437849999688e+01
1.024375000000000036e+01,-1.165742318100000041e+01,5.204863479290000328e+01
1.025000000000000000e+01,-1.171407011940000054e+01,4.993010418840000142e+01
1.025624999999999964e+01,-1.174709950589999963e+01,4.796107378069999783e+01
1.026249999999999929e+01,-1.177429537129999915e+01,4.639242114150000162e+01
1.026875000000000071e+01,-1.185040282589999983e+01,4.502446771129999803e+01
1.027500000000000036e+01,-1.195254652510000071e+01,4.363540125969999650e+01
1.028125000000000000e+01,-1.209583083709999940e+01,4.217175567219999976e+01
1.028749999999999964e+01,-1.227002432789999986e+01,4.046407444340000126e+01
1.029374999999999929e+01,-1.244044259960000076e+01,3.834073029099999985e+01
1.030000000000000071e+01,-1.258299397000000042e+01,3.584141778549999913e+01
1.030625000000000036e+01,-1.267390164629999916e+01,3.323051699429999672e+01
1.031250000000000000e+01,-1.274296461540000003e+01,3.074206352450000068e+01
1.031874999999999964e+01,-1.282681927990000048e+01,2.851459302470000168e+01
1.032499999999999929e+01,-1.289759773419999966e+01,2.642466155050000154e+01
1.033125000000000071e+01,-1.297709267940000011e+01,2.444508728439999956e+01
1.033750000000000036e+01,-1.308879919269999981e+01,2.234769122209999992e+01
1.034375000000000000e+01,-1.320357151109999982e+01,2.000003066980000099e+01
1.034999999999999964e+01,-1.331202052119999912e+01,1.742606548910000086e+01
1.035624999999999929e+01,-1.339043401960000068e+01,1.479977976240000004e+01
1.036250000000000071e+01,-1.348667942069999981e+01,1.232614427400000068e+01
1.036875000000000036e+01,-1.357786454959999922e+01,9.933496383170000499e+00
1.037500000000000000e+01,-1.365632231380000050e+01,7.544529091850000313e+00
1.038124999999999964e+01,-1.373153298749999962e+01,4.919910879099999690e+00
1.038749999999999929e+01,-1.380477981449999980e+01,2.081237576799999989e+00
1.039375000000000071e+01,-1.384754752469999950e+01,-9.395837610799999684e-01
1.040000000000000036e+01,-1.385005788299999985e+01,-3.986248633499999805e+00
1.040625000000000000e+01,-1.384623320120000045e+01,-6.796322990350000204e+00
1.041249999999999964e+01,-1.385672862430000052e+01,-9.243443187769999625e+00
1.041874999999999929e+01,-1.387370676119999935e+01,-1.152853959069999945e+01
1.042500000000000071e+01,-1.392674891729999942e+01,-1.391423807520000011e+01
1.043125000000000036e+01,-1.400237952350000015e+01,-1.661636825740000134e+01
1.043750000000000000e+01,-1.409707798930000067e+01,-1.965898923519999997e+01
1.044374999999999964e+01,-1.414739295470000080e+01,-2.303316177609999826e+01
1.044999999999999929e+01,-1.414080748800000009e+01,-2.634487910589999871e+01
1.045625000000000071e+01,-1.410531605649999953e+01,-2.945362691429999913e+01
1.046250000000000036e+01,-1.406539564590000069e+01,-3.227779434360000010e+01
1.046875000000000000e+01,-1.402650638030000074e+01,-3.499458134409999843e+01
1.047499999999999964e+01,-1.401662661429999979e+01,-3.780684052099999803e+01
1.048124999999999929e+01,-1.401300719560000019e+01,-4.085670056730000255e+01
1.048750000000000071e+01,-1.398143221810000014e+01,-4.410077061100000151e+01
1.049375000000000036e+01,-1.389657238690000085e+01,-4.736351719700000018e+01
1.050000000000000000e+01,-1.378028644519999979e+01,-5.053881099000000177e+01
1.050624999999999964e+01,-1.364272738820000086e+01,-5.337760203060000208e+01
1.051249999999999929e+01,-1.353789761790000057e+01,-5.605616167889999701e+01
1.051875000000000071e+01,-1.346714759460000010e+01,-5.869005523140000236e+01
1.052500000000000036e+01,-1.341607677260000031e+01,-6.140134348760000194e+01
1.053125000000000000e+01,-1.335192891690000039e+01,-6.441028400339999394e+01
1.053749999999999964e+01,-1.325726088609999920e+01,-6.749854848690000608e+01
1.054374999999999929e+01,-1.313200184479999955e+01,-7.041791369759999952e+01
1.055000000000000071e+01,-1.297900981429999945e+01,-7.312612883730000135e+01
1.055625000000000036e+01,-1.284195608579999970e+01,-7.557436011270000620e+01
1.056250000000000000e+01,-1.273757873539999963e+01,-7.794279036230000202e+01
1.056874999999999964e+01,-1.266655006519999915e+01,-8.035711541940000302e+01
1.057499999999999929e+01,-1.258235632110000068e+01,-8.306312190939999596e+01
1.058125000000000071e+01,-1.245624343339999918e+01,-8.600852681439999969e+01
1.058750000000000036e+01,-1.229868306740000072e+01,-8.895500343960000578e+01
1.059375000000000000e+01,-1.212342737320000019e+01,-9.152172422069999413e+01
1.059999999999999964e+01,-1.193995882099999939e+01,-9.364919037149999781e+01
1.060624999999999929e+01,-1.179099771659999973e+01,-9.563517139340000028e+01
1.061250000000000071e+01,-1.170063110599999945e+01,-9.765121783120000032e+01
1.061875000000000036e+01,-1.163461500550000061e+01,-9.996665226220000022e+01
1.062500000000000000e+01,-1.152117304259999919e+01,-1.027567428939999985e+02
1.063124999999999964e+01,-1.137337297120000024e+01,-1.060264679919999935e+02
1.063749999999999929e+01,-1.119450707919999921e+01,-1.089615902350000027e+02
1.064375000000000071e+01,-1.098334542849999984e+01,-1.111737949169999951e+02
1.065000000000000036e+01,-1.075611298079999933e+01,-1.128701816410000021e+02
1.065625000000000000e+01,-1.058863306609999988e+01,-1.143228034739999970e+02
1.066249999999999964e+01,-1.048815376489999984e+01,-1.157221790389999967e+02
1.066874999999999929e+01,-1.040289356060000081e+01,-1.174380109210000001e+02
1.067500000000000071e+01,-1.029659300059999971e+01,-1.199775710929999946e+02
1.068125000000000036e+01,-1.021103850709999961e+01,-1.228494483140000000e+02
1.068750000000000000e+01,-1.007824555920000087e+01,-1.252354570159999980e+02
1.069374999999999964e+01,-9.867645406630000338e+00,-1.270807228369999962e+02
1.069999999999999929e+01,-9.651221478289999212e+00,-1.285786959620000118e+02
1.070625000000000071e+01,-9.492513531449999320e+00,-1.297896263620000070e+02
1.071250000000000036e+01,-9.391356337070000393e+00,-1.309197796569999923e+02
1.071875000000000000e+01,-9.308790191789999113e+00,-1.326628163910000069e+02
1.072499999999999964e+01,-9.277851590430000073e+00,-1.351084651920000113e+02
1.073124999999999929e+01,-9.241992805860000715e+00,-1.375999029669999913e+02
1.073750000000000071e+01,-9.105862268679999261e+00,-1.398191059879999898e+02
1.074375000000000036e+01,-8.902427424800000821e+00,-1.417814188339999930e+02
1.075000000000000000e+01,-8.695032345519999595e+00,-1.433396324539999966e+02
1.075624999999999964e+01,-8.523128948180000108e+00,-1.444964997149999988e+02
1.076249999999999929e+01,-8.394502953980000015e+00,-1.457132396869999980e+02
1.076875000000000071e+01,-8.332222931520000486e+00,-1.473335880060000136e+02
1.077500000000000036e+01,-8.318676148270000681e+00,-1.492677138999999897e+02
1.078125000000000000e+01,-8.273041061689999864e+00,-1.512982093290000023e+02
1.078749999999999964e+01,-8.164269585719999611e+00,-1.532810148110000057e+02
1.079374999999999929e+01,-8.003105514890000549e+00,-1.550693368510000028e+02
1.080000000000000071e+01,-7.831637855390000347e+00,-1.565619790620000060e+02
1.080625000000000036e+01,-7.679584707810000133e+00,-1.577721513879999975e+02
1.081250000000000000e+01,-7.568695805409999977e+00,-1.589881242010000051e+02
1.081874999999999964e+01,-7.508200275490000131e+00,-1.604511177850000081e+02
1.082499999999999929e+01,-7.473128926710000286e+00,-1.621564594390000025e+02
1.083125000000000071e+01,-7.425680656639999988e+00,-1.639910655500000018e+02
1.083750000000000036e+01,-7.345131045739999642e+00,-1.657819299150000063e+02
1.084375000000000000e+01,-7.219366772579999925e+00,-1.673793815010000117e+02
1.084999999999999964e+01,-7.081969246409999919e+00,-1.687325276569999914e+02
1.085624999999999929e+01,-6.954086808119999574e+00,-1.699138793280000073e+02
1.086250000000000071e+01,-6.855096515479999653e+00,-1.710904504849999910e+02
1.086875000000000036e+01,-6.793304963379999784e+00,-1.725300479789999883e+02
1.087500000000000000e+01,-6.763684140979999704e+00,-1.741898064639999859e+02
1.088124999999999964e+01,-6.731970500590000128e+00,-1.758559188250000034e+02
1.088749999999999929e+01,-6.659418330360000304e+00,-1.773821001969999998e+02
1.089375000000000071e+01,-6.550684075789999561e+00,-1.787987027329999989e+02
1.090000000000000036e+01,-6.427763746440000148e+00,1.799230222230000038e+02
1.090625000000000000e+01,-6.319077119060000136e+00,1.787580360329999962e+02
1.091249999999999964e+01,-6.229281406300000157e+00,1.775018372520000014e+02
1.091874999999999929e+01,-6.182271444030000396e+00,1.759560294279999937e+02
1.092500000000000071e+01,-6.175818235640000431e+00,1.743800970000000063e+02
1.093125000000000036e+01,-6.142400697030000245e+00,1.729503344139999967e+02
1.093750000000000000e+01,-6.060112490729999912e+00,1.715598357750000105e+02
1.094374999999999964e+01,-5.946845365219999735e+00,1.702088753950000068e+02
1.094999999999999929e+01,-5.836440672850000233e+00,1.690268409800000029e+02
1.095625000000000071e+01,-5.735408015560000017e+00,1.679569520919999945e+02
1.096250000000000036e+01,-5.682247487609999759e+00,1.666990297240000132e+02
1.096875000000000000e+01,-5.685250830080000206e+00,1.654199571219999996e+02
1.097499999999999964e+01,-5.687250610869999612e+00,1.641591399319999880e+02
1.098124999999999929e+01,-5.647805900259999845e+00,1.628047890759999916e+02
1.098750000000000071e+01,-5.568336865130000035e+00,1.612637184929999989e+02
1.099375000000000036e+01,-5.470609599070000328e+00,1.597903896980000127e+02
1.100000000000000000e+01,-5.365552114399999795e+00,1.584715289149999933e+02
1.100624999999999964e+01,-5.282823234580000360e+00,1.572730523849999997e+02
1.101249999999999929e+01,-5.246118974259999845e+00,1.562220869719999996e+02
1.101875000000000071e+01,-5.223562199079999857e+00,1.553178355070000123e+02
1.102500000000000036e+01,-5.192594020279999611e+00,1.542626671909999914e+02
1.103125000000000000e+01,-5.160049931789999711e+00,1.529654948769999976e+02
1.103749999999999964e+01,-5.116520455839999926e+00,1.515595236309999905e+02
1.104374999999999929e+01,-5.062549844060000304e+00,1.501242112600000098e+02
1.105000000000000071e+01,-5.012741992239999611e+00,1.488013879730000042e+02
1.105625000000000036e+01,-4.974098581809999864e+00,1.476746016849999990e+02
1.106250000000000000e+01,-4.936447323010000332e+00,1.466390895240000134e+02
1.106874999999999964e+01,-4.896484809680000438e+00,1.455475538629999903e+02
1.107499999999999929e+01,-4.868920389050000352e+00,1.443234881090000101e+02
1.108125000000000071e+01,-4.841688243760000177e+00,1.429817043090000084e+02
1.108750000000000036e+01,-4.808581556690000092e+00,1.415867669669999884e+02
1.109375000000000000e+01,-4.766550127930000436e+00,1.402793631199999993e+02
1.109999999999999964e+01,-4.712366574649999862e+00,1.391242882100000031e+02
1.110624999999999929e+01,-4.653066001760000070e+00,1.380648689090000119e+02
1.111250000000000071e+01,-4.597736606469999820e+00,1.370168898309999861e+02
1.111875000000000036e+01,-4.554365963849999588e+00,1.359326079600000128e+02
1.112500000000000000e+01,-4.525835371930000406e+00,1.348575985370000012e+02
1.113124999999999964e+01,-4.504548502609999616e+00,1.337563643409999941e+02
1.113749999999999929e+01,-4.481905075680000294e+00,1.326704637949999892e+02
1.114375000000000071e+01,-4.447382810849999757e+00,1.316009430759999930e+02
1.115000000000000036e+01,-4.409151002329999791e+00,1.305025045689999956e+02
1.115625000000000000e+01,-4.381249979039999687e+00,1.293958211860000063e+02
1.116249999999999964e+01,-4.359826241730000440e+00,1.282561403409999912e+02
1.116874999999999929e+01,-4.336852519759999858e+00,1.271056952469999999e+02
1.117500000000000071e+01,-4.320017067850000281e+00,1.259849161599999974e+02
1.118125000000000036e+01,-4.285837073349999748e+00,1.248394683359999959e+02
1.118750000000000000e+01,-4.245332800109999916e+00,1.236748367839999929e+02
1.119374999999999964e+01,-4.205711655380000025e+00,1.225367902609999931e+02
1.119999999999999929e+01,-4.178784023749999577e+00,1.214920638600000018e+02
1.120625000000000071e+01,-4.168308835240000398e+00,1.205003169719999931e+02
1.121250000000000036e+01,-4.150426308410000154e+00,1.195559073719999930e+02
1.121875000000000000e+01,-4.127380229149999913e+00,1.185122619600000036e+02
1.122499999999999964e+01,-4.094412141520000326e+00,1.173595416379999961e+02
1.123124999999999929e+01,-4.062804714680000373e+00,1.161188059509999988e+02
1.123750000000000071e+01,-4.024753165749999972e+00,1.149292958679999970e+02
1.124375000000000036e+01,-3.994863049310000136e+00,1.138289157380000063e+02
1.125000000000000000e+01,-3.986860912570000082e+00,1.129284510490000031e+02
1.125624999999999964e+01,-3.974940202149999990e+00,1.121893621669999987e+02
1.126249999999999929e+01,-3.950710253880000078e+00,1.113444434059999963e+02
1.126875000000000071e+01,-3.934089393209999841e+00,1.102061993150000063e+02
1.127500000000000036e+01,-3.928955909949999992e+00,1.089340067950000019e+02
1.128125000000000000e+01,-3.911653838759999946e+00,1.076466088450000029e+02
1.128749999999999964e+01,-3.887714717410000187e+00,1.064059765330000005e+02
1.129374999999999929e+01,-3.870965206070000164e+00,1.054022533090000024e+02
1.130000000000000071e+01,-3.841441209640000132e+00,1.047172017660000023e+02
1.130625000000000036e+01,-3.791654927280000198e+00,1.040636776650000002e+02
1.131250000000000000e+01,-3.759053502620000042e+00,1.031592514130000069e+02
1.131874999999999964e+01,-3.764377358770000015e+00,1.020657340070000032e+02
1.132499999999999929e+01,-3.786451783179999975e+00,1.008920514579999974e+02
1.133125000000000071e+01,-3.789375125849999915e+00,9.967404121689999386e+01
1.133750000000000036e+01,-3.791729547160000102e+00,9.851513288190000139e+01
1.134375000000000000e+01,-3.773828138549999878e+00,9.761257805680000388e+01
1.134999999999999964e+01,-3.730733465640000190e+00,9.684320205369999712e+01
1.135624999999999929e+01,-3.687757934189999975e+00,9.598221018920000347e+01
1.136250000000000071e+01,-3.680463068469999932e+00,9.495513098669999863e+01
1.136875000000000036e+01,-3.701907331290000158e+00,9.384140003240000283e+01
1.137500000000000000e+01,-3.724637355870000111e+00,9.264222137790000033e+01
1.138124999999999964e+01,-3.732915718090000112e+00,9.139652485259999537e+01
1.138749999999999929e+01,-3.715545083039999863e+00,9.024182967309999981e+01
1.139375000000000071e+01,-3.670578486920000216e+00,8.923834227870000291e+01
1.140000000000000036e+01,-3.626244530950000211e+00,8.838092328099999406e+01
1.140625000000000000e+01,-3.594938389230000197e+00,8.759783014760000697e+01
1.141249999999999964e+01,-3.592575065890000197e+00,8.679034525900000574e+01
1.141874999999999929e+01,-3.610923262530000066e+00,8.586674581479999802e+01
1.142500000000000071e+01,-3.642532686230000039e+00,8.478507279039999389e+01
1.143125000000000036e+01,-3.652384736930000209e+00,8.356340995079999345e+01
1.143750000000000000e+01,-3.637014960380000161e+00,8.230375105960000326e+01
1.144374999999999964e+01,-3.615676472540000130e+00,8.118600972570000351e+01
1.144999999999999929e+01,-3.579148040949999832e+00,8.037677933759999860e+01
1.145625000000000071e+01,-3.542576472689999978e+00,7.972183479410000473e+01
1.146250000000000036e+01,-3.520943573029999829e+00,7.900584418939999409e+01
1.146875000000000000e+01,-3.533605068289999984e+00,7.808580058539999413e+01
1.147499999999999964e+01,-3.568293075700000205e+00,7.702141519159999916e+01
1.148124999999999929e+01,-3.598326861169999891e+00,7.586068612149999524e+01
1.148750000000000071e+01,-3.610628989209999862e+00,7.461179961530000071e+01
1.149375000000000036e+01,-3.607461470750000121e+00,7.355029268750000426e+01
1.150000000000000000e+01,-3.576795337700000132e+00,7.279635818040000572e+01
1.150624999999999964e+01,-3.520680350320000151e+00,7.205255273859999932e+01
1.151249999999999929e+01,-3.492320421980000145e+00,7.110057241229999647e+01
1.151875000000000071e+01,-3.519814232379999908e+00,7.002769515529999467e+01
1.152500000000000036e+01,-3.567069560929999827e+00,6.900633256039999708e+01
1.153125000000000000e+01,-3.584748589410000186e+00,6.792834920529999465e+01
1.153749999999999964e+01,-3.598395943519999918e+00,6.676084191949999536e+01
1.154374999999999929e+01,-3.593108803719999855e+00,6.594816674569999293e+01
1.155000000000000071e+01,-3.533141709260000152e+00,6.527033979479999459e+01
1.155625000000000036e+01,-3.474978487200000021e+00,6.437114589249999597e+01
1.156250000000000000e+01,-3.484154143200000053e+00,6.327897102080000025e+01
1.156874999999999964e+01,-3.546361279420000123e+00,6.223298684619999932e+01
1.157499999999999929e+01,-3.601823776469999849e+00,6.125779875189999757e+01
1.158125000000000071e+01,-3.618714976180000154e+00,6.006665409069999839e+01
1.158750000000000036e+01,-3.627017976199999882e+00,5.891196217760000309e+01
1.159375000000000000e+01,-3.578344684190000180e+00,5.803075143699999927e+01
1.159999999999999964e+01,-3.494421219239999932e+00,5.716405834100000050e+01
1.160624999999999929e+01,-3.457422300250000191e+00,5.623541286390000238e+01
1.161250000000000071e+01,-3.490878634730000041e+00,5.538617098819999995e+01
1.161875000000000036e+01,-3.558115062969999798e+00,5.468079849130000269e+01
1.162500000000000000e+01,-3.607506903340000015e+00,5.382815862140000007e+01
1.163124999999999964e+01,-3.642312228859999834e+00,5.270860220250000339e+01
1.163749999999999929e+01,-3.648165432869999947e+00,5.156684431450000261e+01
1.164375000000000071e+01,-3.604749053269999948e+00,5.053573877270000025e+01
1.165000000000000036e+01,-3.545011283440000049e+00,4.953066645749999708e+01
1.165625000000000000e+01,-3.525115866260000175e+00,4.865944191450000034e+01
1.166249999999999964e+01,-3.554648490489999979e+00,4.791802365230000049e+01
1.166874999999999929e+01,-3.607237823889999806e+00,4.724670170960000348e+01
1.167500000000000071e+01,-3.653746198249999910e+00,4.639996784539999908e+01
1.168125000000000036e+01,-3.686084438059999968e+00,4.527196250429999935e+01
1.168750000000000000e+01,-3.692984654069999984e+00,4.404767442149999823e+01
1.169374999999999964e+01,-3.662085999029999872e+00,4.291760819040000285e+01
1.169999999999999929e+01,-3.616254154900000017e+00,4.188429808739999771e+01
1.170625000000000071e+01,-3.597500342060000023e+00,4.096883335940000137e+01
1.171250000000000036e+01,-3.626809203890000166e+00,4.012747420499999862e+01
1.171875000000000000e+01,-3.688307018799999781e+00,3.938445511489999973e+01
1.172499999999999964e+01,-3.745006844510000210e+00,3.861018091140000053e+01
1.173124999999999929e+01,-3.762916221299999808e+00,3.752345343660000054e+01
1.173750000000000071e+01,-3.773241515590000095e+00,3.630266017600000339e+01
1.174375000000000036e+01,-3.735047658140000060e+00,3.526701706360000088e+01
1.175000000000000000e+01,-3.672727169869999919e+00,3.429673265169999752e+01
