9.250000000000000000e+00,-6.477227041889999981e+00,-5.933227337689999814e+01
9.256249999999999645e+00,-6.980681869419999686e+00,-6.343428457910000162e+01
9.262499999999999289e+00,-7.467785529860000437e+00,-6.393773404299999896e+01
9.268750000000000711e+00,-7.529022234880000219e+00,-6.274897723170000319e+01
9.275000000000000355e+00,-7.190800961899999955e+00,-6.274923703679999676e+01
9.281250000000000000e+00,-6.727304662949999958e+00,-6.521340031260000103e+01
9.287499999999999645e+00,-6.415774379360000168e+00,-6.999753085940000119e+01
9.293749999999999289e+00,-6.485731451280000393e+00,-7.569165916960000118e+01
9.300000000000000711e+00,-6.916208153390000390e+00,-7.986634801900000014e+01
9.306250000000000355e+00,-7.362695765999999864e+00,-8.126063832110000362e+01
9.312500000000000000e+00,-7.528174252000000344e+00,-8.109634469700000636e+01
9.318749999999999645e+00,-7.384016572810000234e+00,-8.140175911670000630e+01
9.324999999999999289e+00,-7.117071407100000080e+00,-8.330639330440000379e+01
9.331250000000000711e+00,-6.912379509270000000e+00,-8.686738297360000161e+01
9.337500000000000355e+00,-6.920823869520000393e+00,-9.139603061169999876e+01
9.343750000000000000e+00,-7.176035439309999653e+00,-9.566738550200000191e+01
9.349999999999999645e+00,-7.568934559089999681e+00,-9.854305381230000194e+01
9.356249999999999289e+00,-7.898933905869999883e+00,-9.988113753439999698e+01
9.362500000000000711e+00,-8.050967103350000542e+00,-1.004428985469999986e+02
9.368750000000000355e+00,-8.012013375460000475e+00,-1.012150126150000062e+02
9.375000000000000000e+00,-7.865181965869999736e+00,-1.029417103619999949e+02
9.381249999999999645e+00,-7.727691325300000358e+00,-1.059830389509999975e+02
9.387499999999999289e+00,-7.739903057180000268e+00,-1.101146314110000048e+02
9.393750000000000711e+00,-8.009841234810000543e+00,-1.144969111609999999e+02
9.400000000000000355e+00,-8.509202717830000040e+00,-1.175795135810000005e+02
9.406250000000000000e+00,-8.996523555899999636e+00,-1.184141134099999988e+02
9.412499999999999645e+00,-9.212391528170000399e+00,-1.178112968410000008e+02
9.418749999999999289e+00,-9.111814716999999675e+00,-1.176121490689999973e+02
9.425000000000000711e+00,-8.853371045139999396e+00,-1.191106896879999937e+02
9.431250000000000355e+00,-8.652334495210000753e+00,-1.226763972520000010e+02
9.437500000000000000e+00,-8.750425516430000883e+00,-1.277962705529999994e+02
9.443749999999999645e+00,-9.301889228360000317e+00,-1.323912365479999949e+02
9.449999999999999289e+00,-1.007065907099999968e+01,-1.338424167979999879e+02
9.456250000000000711e+00,-1.053222856470000046e+01,-1.323318999210000015e+02
9.462500000000000355e+00,-1.049689334109999983e+01,-1.306789736240000082e+02
9.468750000000000000e+00,-1.016304930729999967e+01,-1.309802236920000098e+02
9.474999999999999645e+00,-9.801593300529999553e+00,-1.338445190989999958e+02
9.481249999999999289e+00,-9.695235876819999987e+00,-1.389006440699999985e+02
9.487500000000000711e+00,-1.010626261120000002e+01,-1.445043041069999958e+02
9.493750000000000355e+00,-1.095725043380000052e+01,-1.471394302680000123e+02
9.500000000000000000e+00,-1.161997366179999958e+01,-1.456719116239999892e+02
9.506249999999999645e+00,-1.172373516979999941e+01,-1.431971671729999969e+02
9.512499999999999289e+00,-1.142300866809999960e+01,-1.425260891830000105e+02
9.518750000000000711e+00,-1.103497408980000039e+01,-1.444664314679999961e+02
9.525000000000000355e+00,-1.082640326049999935e+01,-1.488258227510000040e+02
9.531250000000000000e+00,-1.105612108390000081e+01,-1.543802701449999972e+02
9.537499999999999645e+00,-1.180388813289999916e+01,-1.580153382880000095e+02
9.543749999999999289e+00,-1.257097505309999974e+01,-1.575424452370000097e+02
9.550000000000000711e+00,-1.285319639159999916e+01,-1.550838023249999935e+02
9.556250000000000355e+00,-1.268659049130000049e+01,-1.537511287860000095e+02
9.562500000000000000e+00,-1.235964670249999919e+01,-1.548071353720000047e+02
9.568749999999999645e+00,-1.211983169790000048e+01,-1.580863906330000077e+02
9.574999999999999289e+00,-1.218189301199999974e+01,-1.627546496889999901e+02
9.581250000000000711e+00,-1.265744353280000034e+01,-1.668004917860000091e+02
9.587500000000000355e+00,-1.332225163310000049e+01,-1.679957909169999937e+02
9.593750000000000000e+00,-1.373888701909999988e+01,-1.667541172690000053e+02
9.599999999999999645e+00,-1.378116432190000040e+01,-1.654562298250000083e+02
9.606249999999999289e+00,-1.360778490310000066e+01,-1.656418626399999994e+02
9.612500000000000711e+00,-1.342465894699999929e+01,-1.675622571860000107e+02
9.618750000000000355e+00,-1.338528944499999973e+01,-1.707672454599999980e+02
9.625000000000000000e+00,-1.359205040820000043e+01,-1.743783541340000056e+02
9.631249999999999645e+00,-1.402586697539999960e+01,-1.770042276609999874e+02
9.637499999999999289e+00,-1.450858146969999929e+01,-1.778559799310000074e+02
9.643750000000000711e+00,-1.482796128370000055e+01,-1.774228648819999989e+02
9.650000000000000355e+00,-1.492146622439999959e+01,-1.769508312300000057e+02
9.656250000000000000e+00,-1.486716364539999979e+01,-1.773053167170000108e+02
9.662499999999999645e+00,-1.477325232479999961e+01,-1.788577770240000007e+02
9.668749999999999289e+00,-1.475713015740000067e+01,1.784519468899999879e+02
9.675000000000000711e+00,-1.490782824839999954e+01,1.752037526109999988e+02
9.681250000000000355e+00,-1.528325007009999936e+01,1.722911189609999951e+02
9.687500000000000000e+00,-1.577245022660000018e+01,1.710085826380000071e+02
9.693749999999999645e+00,-1.615152104939999944e+01,1.713591341059999991e+02
9.699999999999999289e+00,-1.627334935309999864e+01,1.721363603910000108e+02
9.706250000000000711e+00,-1.619707371040000154e+01,1.720309726039999987e+02
9.712500000000000355e+00,-1.605049259349999957e+01,1.704021874960000105e+02
9.718750000000000000e+00,-1.602075683989999888e+01,1.673040099099999907e+02
9.724999999999999645e+00,-1.624298205870000089e+01,1.635394539840000050e+02
9.731249999999999289e+00,-1.677401959259999842e+01,1.607277074369999923e+02
9.737500000000000711e+00,-1.735690723869999985e+01,1.602900979599999971e+02
9.743750000000000355e+00,-1.770148796260000168e+01,1.615030953730000078e+02
9.750000000000000000e+00,-1.772209022650000065e+01,1.624325885449999873e+02
9.756249999999999645e+00,-1.757063172499999837e+01,1.617554572619999931e+02
9.762499999999999289e+00,-1.746370929329999910e+01,1.592735311440000032e+02
9.768750000000000711e+00,-1.757489090429999834e+01,1.555274291560000108e+02
9.775000000000000355e+00,-1.800931314709999853e+01,1.518521569460000080e+02
9.781250000000000000e+00,-1.864952404719999990e+01,1.502391826669999944e+02
9.787499999999999645e+00,-1.913791547929999837e+01,1.509403819620000036e+02
9.793749999999999289e+00,-1.929356908950000005e+01,1.520148466139999925e+02
9.800000000000000711e+00,-1.922516558650000107e+01,1.519142038139999897e+02
9.806250000000000355e+00,-1.913591153240000153e+01,1.500661887290000038e+02
9.812500000000000000e+00,-1.920216764179999913e+01,1.468422721190000004e+02
9.818749999999999645e+00,-1.955669801459999846e+01,1.432934951819999867e+02
9.824999999999999289e+00,-2.013401767359999894e+01,1.410252260279999916e+02
9.831250000000000711e+00,-2.069286118320000156e+01,1.407846473179999975e+02
9.837500000000000355e+00,-2.103064221169999826e+01,1.414733696689999931e+02
9.843750000000000000e+00,-2.115042780239999942e+01,1.415359150810000131e+02
9.849999999999999645e+00,-2.121474406229999943e+01,1.403114234820000092e+02
9.856249999999999289e+00,-2.135987988540000160e+01,1.380375330580000082e+02
9.862500000000000711e+00,-2.170378811069999969e+01,1.352908066530000042e+02
9.868750000000000355e+00,-2.220718064940000147e+01,1.331331819330000030e+02
9.875000000000000000e+00,-2.275761206330000164e+01,1.320039023799999995e+02
9.881249999999999645e+00,-2.320439979720000068e+01,1.316754622820000122e+02
9.887499999999999289e+00,-2.352395322270000122e+01,1.311659434579999868e+02
9.893750000000000711e+00,-2.379171294089999833e+01,1.300829582249999987e+02
9.900000000000000355e+00,-2.407663657450000017e+01,1.284404589549999969e+02
9.906250000000000000e+00,-2.444764795840000104e+01,1.264846822269999933e+02
9.912499999999999645e+00,-2.491305201020000126e+01,1.245407499770000044e+02
9.918749999999999289e+00,-2.544135778509999923e+01,1.229833577739999981e+02
9.925000000000000711e+00,-2.600116977549999930e+01,1.215919365249999942e+02
9.931250000000000355e+00,-2.658133072489999904e+01,1.204876921099999976e+02
9.937500000000000000e+00,-2.717590538800000033e+01,1.194291848010000052e+02
9.943749999999999645e+00,-2.782011113840000149e+01,1.185469794259999929e+02
9.949999999999999289e+00,-2.848944741300000061e+01,1.174416645270000004e+02
9.956250000000000711e+00,-2.918210714610000167e+01,1.163440997019999941e+02
9.962500000000000355e+00,-2.995881987359999954e+01,1.147713495200000011e+02
9.968750000000000000e+00,-3.087911051869999923e+01,1.131061051030000044e+02
9.974999999999999645e+00,-3.194609385529999912e+01,1.117833720010000036e+02
9.981249999999999289e+00,-3.316431231570000193e+01,1.106354134340000002e+02
9.987500000000000711e+00,-3.453276914979999646e+01,1.098413866740000060e+02
9.993750000000000355e+00,-3.600597168809999715e+01,1.093029555090000002e+02
1.000000000000000000e+01,-3.772105536650000346e+01,1.078251430910000010e+02
1.000624999999999964e+01,-3.987183418330000251e+01,1.057872760049999954e+02
1.001249999999999929e+01,-4.295986132270000013e+01,1.035542931479999993e+02
1.001875000000000071e+01,-4.779052851430000004e+01,1.011311034000000006e+02
1.002500000000000036e+01,-5.990659363519999658e+01,9.601694938100000343e+01
1.003125000000000000e+01,-5.394792894580000109e+01,-7.654391101970000477e+01
1.003749999999999964e+01,-4.587008595060000005e+01,-8.117500494780000508e+01
1.004374999999999929e+01,-4.153659146529999902e+01,-8.269471440159999531e+01
1.005000000000000071e+01,-3.866387001630000242e+01,-8.466036974520000058e+01
1.005625000000000036e+01,-3.641816695309999830e+01,-8.683649850019999406e+01
1.006250000000000000e+01,-3.474536129370000026e+01,-8.876676533650000067e+01
1.006874999999999964e+01,-3.339492547729999927e+01,-9.006292385080000429e+01
1.007499999999999929e+01,-3.221132588639999739e+01,-9.110185785420000570e+01
1.008125000000000071e+01,-3.112769370559999871e+01,-9.192025876140000662e+01
1.008750000000000036e+01,-3.012233947320000027e+01,-9.330574794100000702e+01
1.009375000000000000e+01,-2.923946371470000116e+01,-9.481745416760000467e+01
1.009999999999999964e+01,-2.849913518660000022e+01,-9.650707615720000376e+01
1.010624999999999929e+01,-2.786214349970000015e+01,-9.791135986320000484e+01
1.011250000000000071e+01,-2.727493782390000021e+01,-9.894948648659999435e+01
1.011875000000000036e+01,-2.668646429700000056e+01,-9.975472822400000439e+01
1.012500000000000000e+01,-2.607541971130000036e+01,-1.007479157719999989e+02
1.013124999999999964e+01,-2.548849236650000094e+01,-1.021934519830000028e+02
1.013749999999999929e+01,-2.496157379050000102e+01,-1.039128644930000007e+02
1.014375000000000071e+01,-2.452033562000000089e+01,-1.056318473670000060e+02
1.015000000000000036e+01,-2.412516509339999971e+01,-1.071046163049999933e+02
1.015625000000000000e+01,-2.369506951119999982e+01,-1.082671262799999994e+02
1.016249999999999964e+01,-2.324480450040000079e+01,-1.092109750970000022e+02
1.016874999999999929e+01,-2.276671479150000010e+01,-1.104540188689999951e+02
1.017500000000000071e+01,-2.231434234929999860e+01,-1.120924572760000046e+02
1.018125000000000036e+01,-2.193510203290000149e+01,-1.139387633230000034e+02
1.018750000000000000e+01,-2.160590470329999846e+01,-1.156627068140000034e+02
1.019374999999999964e+01,-2.135009821650000106e+01,-1.170160741239999993e+02
1.019999999999999929e+01,-2.107796605809999946e+01,-1.179807470020000011e+02
1.020625000000000071e+01,-2.076058411289999839e+01,-1.189761085810000054e+02
1.021250000000000036e+01,-2.042213139349999906e+01,-1.201573991869999958e+02
1.021875000000000000e+01,-2.008992279969999828e+01,-1.216130821349999991e+02
1.022499999999999964e+01,-1.979500904980000087e+01,-1.232656164739999980e+02
1.023124999999999929e+01,-1.955458274089999904e+01,-1.248888788470000009e+02
1.023750000000000071e+01,-1.934549817650000136e+01,-1.263230908489999962e+02
1.024375000000000036e+01,-1.912453440099999824e+01,-1.274556269509999993e+02
1.025000000000000000e+01,-1.888014551219999859e+01,-1.285955205539999895e+02
1.025624999999999964e+01,-1.860930641059999857e+01,-1.298814054620000036e+02
1.026249999999999929e+01,-1.833764268950000087e+01,-1.313544533189999868e+02
1.026875000000000071e+01,-1.808700491569999969e+01,-1.329375305869999977e+02
1.027500000000000036e+01,-1.785695429360000119e+01,-1.344552333489999967e+02
1.028125000000000000e+01,-1.763579458870000138e+01,-1.359033235029999958e+02
1.028749999999999964e+01,-1.743070288050000016e+01,-1.372821133529999997e+02
1.029374999999999929e+01,-1.722080441190000144e+01,-1.386602862240000036e+02
1.030000000000000071e+01,-1.702734195780000093e+01,-1.400674668169999961e+02
1.030625000000000036e+01,-1.684239191560000037e+01,-1.414406830560000117e+02
1.031250000000000000e+01,-1.666412214420000026e+01,-1.426852744420000079e+02
1.031874999999999964e+01,-1.648653028769999906e+01,-1.439671304830000054e+02
1.032499999999999929e+01,-1.628900849369999904e+01,-1.452925554020000050e+02
1.033125000000000071e+01,-1.609151243779999874e+01,-1.467461087750000104e+02
1.033750000000000036e+01,-1.591889241390000009e+01,-1.483093289640000023e+02
1.034375000000000000e+01,-1.577361357350000048e+01,-1.498626463360000116e+02
1.034999999999999964e+01,-1.564527601890000064e+01,-1.512505614000000094e+02
1.035624999999999929e+01,-1.550958739590000057e+01,-1.524440505750000057e+02
1.036250000000000071e+01,-1.535339729580000068e+01,-1.535589959959999931e+02
1.036875000000000036e+01,-1.515991154580000000e+01,-1.547888125009999953e+02
1.037500000000000000e+01,-1.495382360880000050e+01,-1.562516214460000015e+02
1.038124999999999964e+01,-1.476638784330000043e+01,-1.579236037119999878e+02
1.038749999999999929e+01,-1.463234703030000006e+01,-1.596779285229999914e+02
1.039375000000000071e+01,-1.452508453989999992e+01,-1.612291606489999936e+02
1.040000000000000036e+01,-1.443204342810000007e+01,-1.625343181949999973e+02
1.040625000000000000e+01,-1.431284279740000009e+01,-1.636300218730000040e+02
1.041249999999999964e+01,-1.416854551219999969e+01,-1.646808059710000123e+02
1.041874999999999929e+01,-1.400638645979999986e+01,-1.659115670550000061e+02
1.042500000000000071e+01,-1.384630524449999989e+01,-1.673798946910000041e+02
1.043125000000000036e+01,-1.371194878500000058e+01,-1.690512525119999907e+02
1.043750000000000000e+01,-1.361607537819999969e+01,-1.707013697890000117e+02
1.044374999999999964e+01,-1.354067323359999975e+01,-1.721765130100000079e+02
1.044999999999999929e+01,-1.346501290219999980e+01,-1.733963112319999880e+02
1.045625000000000071e+01,-1.335692939589999995e+01,-1.745445936680000045e+02
1.046250000000000036e+01,-1.322415891500000029e+01,-1.757015428050000025e+02
1.046875000000000000e+01,-1.308102167070000021e+01,-1.769915333239999882e+02
1.047499999999999964e+01,-1.293694923159999988e+01,-1.784443648760000087e+02
1.048124999999999929e+01,-1.281529665320000078e+01,1.799653461409999977e+02
1.048750000000000071e+01,-1.272371761229999976e+01,1.783525227140000027e+02
1.049375000000000036e+01,-1.264561283159999938e+01,1.768213859440000135e+02
1.050000000000000000e+01,-1.257789376630000078e+01,1.754835024379999879e+02
1.050624999999999964e+01,-1.249638424439999973e+01,1.742666551229999925e+02
1.051249999999999929e+01,-1.239899166520000051e+01,1.731065555259999940e+02
1.051875000000000071e+01,-1.228817195220000080e+01,1.719303960979999886e+02
1.052500000000000036e+01,-1.217529678180000019e+01,1.706148563170000045e+02
1.053125000000000000e+01,-1.206929349370000004e+01,1.691850254770000106e+02
1.053749999999999964e+01,-1.198599099700000004e+01,1.676167700370000091e+02
1.054374999999999929e+01,-1.192871349930000058e+01,1.660666642060000129e+02
1.055000000000000071e+01,-1.188354648640000022e+01,1.646452297079999880e+02
1.055625000000000036e+01,-1.183407119179999967e+01,1.634025689389999911e+02
1.056250000000000000e+01,-1.177076159079999940e+01,1.622932389020000130e+02
1.056874999999999964e+01,-1.167706477049999947e+01,1.612151060740000048e+02
1.057499999999999929e+01,-1.155133682509999993e+01,1.600664565190000133e+02
1.058125000000000071e+01,-1.142285521940000059e+01,1.586188975469999889e+02
1.058750000000000036e+01,-1.131992885260000037e+01,1.569312242850000132e+02
1.059375000000000000e+01,-1.126844533649999924e+01,1.551802799609999965e+02
1.059999999999999964e+01,-1.126179752730000061e+01,1.536464051799999879e+02
1.060624999999999929e+01,-1.125780055939999968e+01,1.524321592100000089e+02
1.061250000000000071e+01,-1.122242721419999967e+01,1.515601892009999858e+02
1.061875000000000036e+01,-1.112923872300000028e+01,1.507924582120000139e+02
1.062500000000000000e+01,-1.098755577020000018e+01,1.497840413970000100e+02
1.063124999999999964e+01,-1.084304949690000086e+01,1.482582060109999986e+02
1.063749999999999929e+01,-1.076509893000000062e+01,1.463401117500000055e+02
1.064375000000000071e+01,-1.077635954750000025e+01,1.444728298800000061e+02
1.065000000000000036e+01,-1.083657186149999951e+01,1.430578654459999939e+02
1.065625000000000000e+01,-1.087993073470000027e+01,1.421759121210000103e+02
1.066249999999999964e+01,-1.084351869460000017e+01,1.416766447429999971e+02
1.066874999999999929e+01,-1.069963894560000028e+01,1.410696531499999935e+02
1.067500000000000071e+01,-1.049951809410000081e+01,1.397932282470000018e+02
1.068125000000000036e+01,-1.034666199800000008e+01,1.377973025379999967e+02
1.068750000000000000e+01,-1.031846180339999997e+01,1.355825826580000069e+02
1.069374999999999964e+01,-1.038397766820000001e+01,1.337904897450000021e+02
1.069999999999999929e+01,-1.047629830570000031e+01,1.326858732560000078e+02
1.070625000000000071e+01,-1.050828222520000033e+01,1.322274248550000095e+02
1.071250000000000036e+01,-1.041349265560000070e+01,1.319776317779999886e+02
1.071875000000000000e+01,-1.023162564000000074e+01,1.312736031070000138e+02
1.072499999999999964e+01,-1.003189395929999961e+01,1.296058720919999985e+02
1.073124999999999929e+01,-9.950197415290000791e+00,1.273900023570000002e+02
1.073750000000000071e+01,-9.987786396980000703e+00,1.253400285889999992e+02
1.074375000000000036e+01,-1.009270341160000051e+01,1.239289470479999977e+02
1.075000000000000000e+01,-1.017742292870000043e+01,1.232043076260000021e+02
1.075624999999999964e+01,-1.016467242180000063e+01,1.228988038619999941e+02
1.076249999999999929e+01,-1.003231696279999952e+01,1.223599239320000009e+02
1.076875000000000071e+01,-9.841410995680000440e+00,1.210953921280000003e+02
1.077500000000000036e+01,-9.708770005990000840e+00,1.191722304470000040e+02
1.078125000000000000e+01,-9.682529766760000101e+00,1.171779800319999936e+02
1.078749999999999964e+01,-9.730380807939999599e+00,1.155477565199999930e+02
1.079374999999999929e+01,-9.807026678330000635e+00,1.144696553189999975e+02
1.080000000000000071e+01,-9.856268562849999526e+00,1.138715298799999971e+02
1.080625000000000036e+01,-9.828201421510000202e+00,1.134378781690000011e+02
1.081250000000000000e+01,-9.726197680609999452e+00,1.126937291539999961e+02
1.081874999999999964e+01,-9.598361630679999479e+00,1.114171056699999980e+02
1.082499999999999929e+01,-9.502646500099999116e+00,1.097175393570000068e+02
1.083125000000000071e+01,-9.471134274269999764e+00,1.079388370329999987e+02
1.083750000000000036e+01,-9.497980443519999483e+00,1.063459168220000066e+02
1.084375000000000000e+01,-9.560632527499999256e+00,1.051683105949999941e+02
1.084999999999999964e+01,-9.603310442279999748e+00,1.044347853249999929e+02
1.085624999999999929e+01,-9.590697262649999999e+00,1.039757211139999953e+02
1.086250000000000071e+01,-9.495178008670000835e+00,1.034074415000000045e+02
1.086875000000000036e+01,-9.347024335120000416e+00,1.022714783010000019e+02
1.087500000000000000e+01,-9.223758508050000415e+00,1.005210646539999999e+02
1.088124999999999964e+01,-9.196453697240000835e+00,9.850379020130000640e+01
1.088749999999999929e+01,-9.250507416890000556e+00,9.678293292440000073e+01
1.089375000000000071e+01,-9.351915948949999446e+00,9.568886473359999911e+01
1.090000000000000036e+01,-9.422243231659999552e+00,9.528179582999999297e+01
1.090625000000000000e+01,-9.386883163569999411e+00,9.520577429840000150e+01
1.091249999999999964e+01,-9.233356628010000122e+00,9.471018742340000074e+01
1.091874999999999929e+01,-9.057534605740000799e+00,9.320937215649999530e+01
1.092500000000000071e+01,-8.987787891420000008e+00,9.106794444129999988e+01
1.093125000000000036e+01,-9.035161915579999814e+00,8.899994154840000249e+01
1.093750000000000000e+01,-9.155164963200000727e+00,8.759997267049999436e+01
1.094374999999999964e+01,-9.262067070869999696e+00,8.699739639880000652e+01
1.094999999999999929e+01,-9.272137756950000309e+00,8.695296112890000018e+01
1.095625000000000071e+01,-9.140839799040000102e+00,8.671109964769999578e+01
1.096250000000000036e+01,-8.956397971290000370e+00,8.554192416600000115e+01
1.096875000000000000e+01,-8.853038646090000796e+00,8.354098787389999359e+01
1.097499999999999964e+01,-8.883747935649999761e+00,8.146895827900000597e+01
1.098124999999999929e+01,-8.984266640619999578e+00,7.996081879909999657e+01
1.098750000000000071e+01,-9.081137481709999904e+00,7.915455354620000605e+01
1.099375000000000036e+01,-9.089714309050000551e+00,7.882756870359999368e+01
1.100000000000000000e+01,-8.995637233040000069e+00,7.840084423640000466e+01
1.100624999999999964e+01,-8.859364982529999821e+00,7.735609571140000185e+01
1.101249999999999929e+01,-8.788389927600000817e+00,7.576495790639999939e+01
1.101875000000000071e+01,-8.809120778009999597e+00,7.413172411150000585e+01
1.102500000000000036e+01,-8.875598714000000555e+00,7.287641929839999477e+01
1.103125000000000000e+01,-8.920586005229999671e+00,7.206244735200000662e+01
1.103749999999999964e+01,-8.898368322090000504e+00,7.136032238369999448e+01
1.104374999999999929e+01,-8.822344303710000446e+00,7.040607596210000452e+01
1.105000000000000071e+01,-8.751755068490000511e+00,6.907518539890000397e+01
1.105625000000000036e+01,-8.746004367350000308e+00,6.766375816939999766e+01
1.106250000000000000e+01,-8.786472068120000145e+00,6.653555083659999525e+01
1.106874999999999964e+01,-8.826582859489999322e+00,6.579972655289999750e+01
1.107499999999999929e+01,-8.814581059729999168e+00,6.519443553060000340e+01
1.108125000000000071e+01,-8.743922547169999504e+00,6.432023589259999596e+01
1.108750000000000036e+01,-8.675665748860000193e+00,6.296364771380000036e+01
1.109375000000000000e+01,-8.664218104330000614e+00,6.134148775010000065e+01
1.109999999999999964e+01,-8.705114308320000660e+00,5.994580819739999811e+01
1.110624999999999929e+01,-8.771188303389999774e+00,5.901240065710000238e+01
1.111250000000000071e+01,-8.785466725099999152e+00,5.851812392299999743e+01
1.111875000000000036e+01,-8.726805829459999941e+00,5.803545965290000197e+01
1.112500000000000000e+01,-8.629609201910000138e+00,5.707550284300000243e+01
1.113124999999999964e+01,-8.568884256040000480e+00,5.559571202499999742e+01
1.113749999999999929e+01,-8.581796162119999849e+00,5.394868248030000046e+01
1.114375000000000071e+01,-8.653793484470000408e+00,5.258510389349999770e+01
1.115000000000000036e+01,-8.721431684829999753e+00,5.170565925879999725e+01
1.115625000000000000e+01,-8.735571326360000555e+00,5.114637391549999990e+01
1.116249999999999964e+01,-8.684219511609999387e+00,5.055803344769999796e+01
1.116874999999999929e+01,-8.602781475209999584e+00,4.961383293920000170e+01
1.117500000000000071e+01,-8.550732954280000797e+00,4.833615548979999943e+01
1.118125000000000036e+01,-8.554053958380000822e+00,4.699673084810000034e+01
1.118750000000000000e+01,-8.585833659409999541e+00,4.582548168729999816e+01
1.119374999999999964e+01,-8.612533988910000105e+00,4.480703808180000181e+01
1.119999999999999929e+01,-8.613477519490000844e+00,4.379861246010000286e+01
1.120625000000000071e+01,-8.609613825100000284e+00,4.271988080370000063e+01
1.121250000000000036e+01,-8.622793250850000035e+00,4.164458837509999967e+01
1.121875000000000000e+01,-8.652233321489999796e+00,4.076717975999999766e+01
1.122499999999999964e+01,-8.664525747989999971e+00,4.013983221219999820e+01
1.123124999999999929e+01,-8.622660861869999138e+00,3.954065499629999891e+01
1.123750000000000071e+01,-8.531700161559999884e+00,3.856608866639999889e+01
1.124375000000000036e+01,-8.468189391890000195e+00,3.701007434529999784e+01
1.125000000000000000e+01,-8.488742952489999993e+00,3.520965703809999781e+01
1.125624999999999964e+01,-8.598810930590000012e+00,3.376361879899999963e+01
1.126249999999999929e+01,-8.745393555359999738e+00,3.304734160280000310e+01
1.126875000000000071e+01,-8.816252345860000617e+00,3.315985949270000077e+01
1.127500000000000036e+01,-8.743308451349999899e+00,3.348329180590000220e+01
1.128125000000000000e+01,-8.522653263920000555e+00,3.296149362149999718e+01
1.128749999999999964e+01,-8.332607525260000259e+00,3.104763032279999990e+01
1.129374999999999929e+01,-8.331588915650000260e+00,2.846453462979999927e+01
1.130000000000000071e+01,-8.505018883489999126e+00,2.637678629599999880e+01
1.130625000000000036e+01,-8.749583856370000134e+00,2.541549906939999914e+01
1.131250000000000000e+01,-8.928278428120000498e+00,2.572778191229999933e+01
1.131874999999999964e+01,-8.901637319900000733e+00,2.684130317289999823e+01
1.132499999999999929e+01,-8.616626636739999512e+00,2.721013376599999845e+01
1.133125000000000071e+01,-8.290447777220000702e+00,2.552024840509999848e+01
1.133750000000000036e+01,-8.196271215390000364e+00,2.249509620430000112e+01
1.134375000000000000e+01,-8.357292394759999965e+00,1.978857104800000144e+01
1.134999999999999964e+01,-8.642256111920000095e+00,1.826962918119999912e+01
1.135624999999999929e+01,-8.905414630139999232e+00,1.814259139030000156e+01
1.136250000000000071e+01,-8.996325062369999515e+00,1.917323557960000002e+01
1.136875000000000036e+01,-8.808679967079999784e+00,2.013990821910000051e+01
1.137500000000000000e+01,-8.453156212090000565e+00,1.945005155140000142e+01
1.138124999999999964e+01,-8.236724688800000749e+00,1.693428208319999939e+01
1.138749999999999929e+01,-8.283192531199999209e+00,1.408578294440000001e+01
1.139375000000000071e+01,-8.508735487879999226e+00,1.210994824570000006e+01
1.140000000000000036e+01,-8.769345724829999966e+00,1.134453917979999993e+01
1.140625000000000000e+01,-8.934356784189999345e+00,1.161833111149999986e+01
1.141249999999999964e+01,-8.915037242760000424e+00,1.231850277400000060e+01
1.141874999999999929e+01,-8.710592227599999404e+00,1.242202143679999971e+01
1.142500000000000071e+01,-8.467193189959999700e+00,1.126324933669999950e+01
1.143125000000000036e+01,-8.336707089140000804e+00,9.212808251329999365e+00
1.143750000000000000e+01,-8.367546815429999896e+00,7.067034771110000335e+00
1.144374999999999964e+01,-8.505133614689999177e+00,5.405363814000000211e+00
1.144999999999999929e+01,-8.680600234059999920e+00,4.380436809699999934e+00
1.145625000000000071e+01,-8.831965896879999889e+00,3.949265637519999927e+00
1.146250000000000036e+01,-8.907349899130000637e+00,4.030116342750000413e+00
1.146875000000000000e+01,-8.862079252239999150e+00,4.333665491879999720e+00
1.147499999999999964e+01,-8.678237185040000412e+00,4.234569255090000262e+00
1.148124999999999929e+01,-8.443765622320000830e+00,3.077545298850000055e+00
1.148750000000000071e+01,-8.311839495510000120e+00,8.335436412700000242e-01
1.149375000000000036e+01,-8.380025673269999587e+00,-1.706916318180000003e+00
1.150000000000000000e+01,-8.619168074839999250e+00,-3.600811353280000127e+00
1.150624999999999964e+01,-8.915814501739999898e+00,-4.300757306849999573e+00
1.151249999999999929e+01,-9.137072334870000034e+00,-3.641922977000000117e+00
1.151875000000000071e+01,-9.108948444570000191e+00,-2.115806910069999880e+00
1.152500000000000036e+01,-8.740834853189999976e+00,-1.399857894049999940e+00
1.153125000000000000e+01,-8.283445289219999452e+00,-3.188420687809999876e+00
1.153749999999999964e+01,-8.113887473169999254e+00,-6.892964085260000040e+00
1.154374999999999929e+01,-8.318594873160000347e+00,-1.028286731620000083e+01
1.155000000000000071e+01,-8.725310943989999402e+00,-1.204807118239999930e+01
1.155625000000000036e+01,-9.147758047459999986e+00,-1.184957622409999978e+01
1.156250000000000000e+01,-9.379414897849999377e+00,-9.826901134899999946e+00
1.156874999999999964e+01,-9.178391365230000432e+00,-7.266786729389999699e+00
1.157499999999999929e+01,-8.589381324410000573e+00,-7.026193638649999684e+00
1.158125000000000071e+01,-8.084269879129999836e+00,-1.038124893670000048e+01
1.158750000000000036e+01,-8.065180286109999486e+00,-1.499411316750000012e+01
1.159375000000000000e+01,-8.423202569800000816e+00,-1.820248123809999896e+01
1.159999999999999964e+01,-8.911661647440000777e+00,-1.923264562299999980e+01
1.160624999999999929e+01,-9.310979500780000251e+00,-1.808415794669999954e+01
1.161250000000000071e+01,-9.397436049279999537e+00,-1.550582561799999937e+01
1.161875000000000036e+01,-9.025326738840000473e+00,-1.356147584130000006e+01
1.162500000000000000e+01,-8.441259051390000323e+00,-1.473924257450000042e+01
1.163124999999999964e+01,-8.115297881329999186e+00,-1.868014185999999910e+01
1.163749999999999929e+01,-8.223502820520000256e+00,-2.277670772549999967e+01
1.164375000000000071e+01,-8.592369231490000203e+00,-2.521949232369999905e+01
1.165000000000000036e+01,-9.003999752629999520e+00,-2.564999728069999918e+01
1.165625000000000000e+01,-9.286133881319999617e+00,-2.433482626420000017e+01
1.166249999999999964e+01,-9.278928081220000124e+00,-2.224462826970000151e+01
1.166874999999999929e+01,-8.940911542820000335e+00,-2.110606839509999944e+01
1.167500000000000071e+01,-8.470665255929999304e+00,-2.231275954370000036e+01
1.168125000000000036e+01,-8.186976232110000140e+00,-2.567604839759999891e+01
1.168750000000000000e+01,-8.227726138739999584e+00,-2.945387870620000115e+01
1.169374999999999964e+01,-8.518111188400000700e+00,-3.214407896849999702e+01
1.169999999999999929e+01,-8.909181720510000346e+00,-3.311187771600000218e+01
1.170625000000000071e+01,-9.242962641029999205e+00,-3.234415241069999780e+01
1.171250000000000036e+01,-9.350278668839999696e+00,-3.023346903519999884e+01
1.171875000000000000e+01,-9.084425614149999717e+00,-2.825703720930000173e+01
1.172499999999999964e+01,-8.536533623940000481e+00,-2.856787516480000022e+01
1.173124999999999929e+01,-8.076238783000000865e+00,-3.208178317579999828e+01
1.173750000000000071e+01,-8.041456848870000229e+00,-3.703048328719999915e+01
1.174375000000000036e+01,-8.416146572229999734e+00,-4.081151343450000013e+01
1.175000000000000000e+01,-8.965943438240000063e+00,-4.220812806010000173e+01
