9.250000000000000000e+00,-6.468381749719999796e+00,3.416794932559999864e+01
9.256249999999999645e+00,-6.198811047070000413e+00,2.910539754339999874e+01
9.262499999999999289e+00,-6.533735118470000103e+00,2.403346193830000033e+01
9.268750000000000711e+00,-7.252347101569999843e+00,2.253648634449999832e+01
9.275000000000000355e+00,-7.721013978440000258e+00,2.500362411080000058e+01
9.281250000000000000e+00,-7.638479866860000023e+00,2.820932365810000064e+01
9.287499999999999645e+00,-7.200546398670000237e+00,2.958019336290000112e+01
9.293749999999999289e+00,-6.714987555979999634e+00,2.851335981549999943e+01
9.300000000000000711e+00,-6.416770747050000168e+00,2.562265817549999980e+01
9.306250000000000355e+00,-6.442848374329999572e+00,2.241446885239999887e+01
9.312500000000000000e+00,-6.713276669419999898e+00,2.057872380979999960e+01
9.318749999999999645e+00,-6.979553585009999672e+00,2.077515526870000073e+01
9.324999999999999289e+00,-7.033804025550000283e+00,2.218505133780000094e+01
9.331250000000000711e+00,-6.846355559800000101e+00,2.349577511860000101e+01
9.337500000000000355e+00,-6.491874719020000128e+00,2.386374786589999886e+01
9.343750000000000000e+00,-6.089121720009999628e+00,2.297066573340000062e+01
9.349999999999999645e+00,-5.745924330620000298e+00,2.083269506659999948e+01
9.356249999999999289e+00,-5.584534716840000357e+00,1.784416806649999998e+01
9.362500000000000711e+00,-5.680102662420000392e+00,1.508550124619999977e+01
9.368750000000000355e+00,-5.953535856790000302e+00,1.393283642559999969e+01
9.375000000000000000e+00,-6.136793195930000167e+00,1.488717900760000035e+01
9.381249999999999645e+00,-5.991892382449999666e+00,1.673052677740000149e+01
9.387499999999999289e+00,-5.537014890040000026e+00,1.755127352070000057e+01
9.393750000000000711e+00,-4.948505372589999673e+00,1.621714169430000041e+01
9.400000000000000355e+00,-4.481026737189999665e+00,1.258190690610000040e+01
9.406250000000000000e+00,-4.396590198150000184e+00,7.734280812659999782e+00
9.412499999999999645e+00,-4.762194729069999966e+00,4.256858921390000106e+00
9.418749999999999289e+00,-5.228373796759999692e+00,4.404246463329999806e+00
9.425000000000000711e+00,-5.270971701349999705e+00,7.030117881559999837e+00
9.431250000000000355e+00,-4.823508077469999655e+00,8.881209731229999349e+00
9.437500000000000000e+00,-4.149160314839999586e+00,8.149316904410000006e+00
9.443749999999999645e+00,-3.551408610180000203e+00,4.446673419079999690e+00
9.449999999999999289e+00,-3.360636135150000037e+00,-1.301936022380000058e+00
9.456250000000000711e+00,-3.743293316529999970e+00,-6.244493228789999684e+00
9.462500000000000355e+00,-4.381244143710000039e+00,-7.159445417919999777e+00
9.468750000000000000e+00,-4.625235604070000228e+00,-4.546861944649999820e+00
9.474999999999999645e+00,-4.288547506639999618e+00,-2.167968193130000110e+00
9.481249999999999289e+00,-3.656177920130000203e+00,-2.316043971990000117e+00
9.487500000000000711e+00,-3.052435620079999801e+00,-5.434917467650000056e+00
9.493750000000000355e+00,-2.788984843220000176e+00,-1.082878300119999970e+01
9.500000000000000000e+00,-3.070733384880000028e+00,-1.599384141059999997e+01
9.506249999999999645e+00,-3.664690716049999963e+00,-1.783115523380000056e+01
9.512499999999999289e+00,-3.997622999339999872e+00,-1.612202781339999902e+01
9.518750000000000711e+00,-3.808300691029999907e+00,-1.396701505679999933e+01
9.525000000000000355e+00,-3.302056071290000006e+00,-1.378992200459999928e+01
9.531250000000000000e+00,-2.775432886079999939e+00,-1.610454613230000120e+01
9.537499999999999645e+00,-2.495025061199999783e+00,-2.042060693579999864e+01
9.543749999999999289e+00,-2.625086059050000031e+00,-2.493211980750000123e+01
9.550000000000000711e+00,-3.032495962380000076e+00,-2.738916979409999897e+01
9.556250000000000355e+00,-3.351882979200000001e+00,-2.721573049590000082e+01
9.562500000000000000e+00,-3.327182843390000144e+00,-2.613222357069999902e+01
9.568749999999999645e+00,-3.039867306030000105e+00,-2.600796260870000154e+01
9.574999999999999289e+00,-2.686885981490000130e+00,-2.750542904139999933e+01
9.581250000000000711e+00,-2.445946465850000084e+00,-3.033623384419999880e+01
9.587500000000000355e+00,-2.424433164299999888e+00,-3.356679809639999945e+01
9.593750000000000000e+00,-2.584247447850000157e+00,-3.608861383749999874e+01
9.599999999999999645e+00,-2.778996559949999945e+00,-3.737624957740000298e+01
9.606249999999999289e+00,-2.869953458169999916e+00,-3.780587289519999672e+01
9.612500000000000711e+00,-2.819951285060000146e+00,-3.814979431700000134e+01
9.618750000000000355e+00,-2.677500697620000203e+00,-3.890475149489999751e+01
9.625000000000000000e+00,-2.507560446859999903e+00,-4.023128108369999723e+01
9.631249999999999645e+00,-2.361999285270000026e+00,-4.208318873249999825e+01
9.637499999999999289e+00,-2.285338843639999951e+00,-4.432703352890000303e+01
9.643750000000000711e+00,-2.312769186250000164e+00,-4.665515036640000091e+01
9.650000000000000355e+00,-2.435360865879999892e+00,-4.855510941029999827e+01
9.656250000000000000e+00,-2.587014573439999854e+00,-4.962427293420000041e+01
9.662499999999999645e+00,-2.652803793469999949e+00,-4.988182201480000089e+01
9.668749999999999289e+00,-2.564234896449999912e+00,-4.997995364519999839e+01
9.675000000000000711e+00,-2.343615413010000204e+00,-5.069896344410000211e+01
9.681250000000000355e+00,-2.106712605969999874e+00,-5.251179963460000266e+01
9.687500000000000000e+00,-1.983116386819999910e+00,-5.529328100509999899e+01
9.693749999999999645e+00,-2.073163459129999886e+00,-5.820367426699999669e+01
9.699999999999999289e+00,-2.332735916899999928e+00,-6.002518418020000013e+01
9.706250000000000711e+00,-2.553550056500000220e+00,-6.020634684699999895e+01
9.712500000000000355e+00,-2.549939113659999812e+00,-5.961755922180000056e+01
9.718750000000000000e+00,-2.318232671760000141e+00,-5.967151801810000222e+01
9.724999999999999645e+00,-2.011087344569999935e+00,-6.110693677649999955e+01
9.731249999999999289e+00,-1.798562765100000016e+00,-6.392026695039999851e+01
9.737500000000000711e+00,-1.836539854360000001e+00,-6.722007019749999301e+01
9.743750000000000355e+00,-2.107311825610000078e+00,-6.949220266119999678e+01
9.750000000000000000e+00,-2.393467401980000187e+00,-6.984022975179999548e+01
9.756249999999999645e+00,-2.449908745410000144e+00,-6.907141411439999956e+01
9.762499999999999289e+00,-2.253734639080000157e+00,-6.879870328849999339e+01
9.768750000000000711e+00,-1.944711235900000057e+00,-6.994901503719999880e+01
9.775000000000000355e+00,-1.708466825029999914e+00,-7.255408416820000639e+01
9.781250000000000000e+00,-1.696523258470000073e+00,-7.581301078129999382e+01
9.787499999999999645e+00,-1.918083284149999956e+00,-7.826232495409999501e+01
9.793749999999999289e+00,-2.185584875250000003e+00,-7.893708577380000690e+01
9.800000000000000711e+00,-2.260482590620000121e+00,-7.843936382799999762e+01
9.806250000000000355e+00,-2.113806394860000104e+00,-7.822555078640000659e+01
9.812500000000000000e+00,-1.862684652430000032e+00,-7.919736281640000186e+01
9.818749999999999645e+00,-1.659416551090000080e+00,-8.143712889089999862e+01
9.824999999999999289e+00,-1.632410942769999984e+00,-8.423578912130000163e+01
9.831250000000000711e+00,-1.785464977359999983e+00,-8.643536099770000192e+01
9.837500000000000355e+00,-1.972679602209999938e+00,-8.731161308449999581e+01
9.843750000000000000e+00,-2.029560744749999923e+00,-8.729279644919999726e+01
9.849999999999999645e+00,-1.924027952619999926e+00,-8.744948729269999887e+01
9.856249999999999289e+00,-1.743298998600000038e+00,-8.844033655580000186e+01
9.862500000000000711e+00,-1.603012770449999902e+00,-9.029877412439999773e+01
9.868750000000000355e+00,-1.580942285429999927e+00,-9.252418835519999618e+01
9.875000000000000000e+00,-1.663729993590000067e+00,-9.435816293210000083e+01
9.881249999999999645e+00,-1.766131063550000047e+00,-9.542397930309999765e+01
9.887499999999999289e+00,-1.790800944609999945e+00,-9.599631859660000543e+01
9.893750000000000711e+00,-1.729641780709999965e+00,-9.664073185499999852e+01
9.900000000000000355e+00,-1.630016990859999959e+00,-9.773164291800000569e+01
9.906250000000000000e+00,-1.555216248980000104e+00,-9.922248676419999924e+01
9.912499999999999645e+00,-1.534211496960000032e+00,-1.008363328549999949e+02
9.918749999999999289e+00,-1.553720884409999892e+00,-1.022819320790000006e+02
9.925000000000000711e+00,-1.568645910280000111e+00,-1.034736384729999941e+02
9.931250000000000355e+00,-1.556486642789999930e+00,-1.045312391410000004e+02
9.937500000000000000e+00,-1.523845872459999917e+00,-1.056250818320000064e+02
9.943749999999999645e+00,-1.486674417819999983e+00,-1.068025655090000043e+02
9.949999999999999289e+00,-1.460158017259999941e+00,-1.079941856129999991e+02
9.956250000000000711e+00,-1.436411272620000013e+00,-1.091628923349999951e+02
9.962500000000000355e+00,-1.402871293580000067e+00,-1.103514818050000059e+02
9.968750000000000000e+00,-1.366465380099999960e+00,-1.116592128409999987e+02
9.974999999999999645e+00,-1.337363624710000032e+00,-1.130929743410000015e+02
9.981249999999999289e+00,-1.337195551980000063e+00,-1.145287572969999985e+02
9.987500000000000711e+00,-1.350366625709999990e+00,-1.157736820439999974e+02
9.993750000000000355e+00,-1.353245521190000078e+00,-1.167732075450000053e+02
1.000000000000000000e+01,-1.315279490460000034e+00,-1.176726437939999954e+02
1.000624999999999964e+01,-1.247886017969999983e+00,-1.187254926629999972e+02
1.001249999999999929e+01,-1.179645305930000054e+00,-1.200739434430000045e+02
1.001875000000000071e+01,-1.147864336420000075e+00,-1.216692780430000056e+02
1.002500000000000036e+01,-1.168413424069999929e+00,-1.232363096250000041e+02
1.003125000000000000e+01,-1.213535228720000081e+00,-1.244955388869999950e+02
1.003749999999999964e+01,-1.232100339390000077e+00,-1.254172714110000015e+02
1.004374999999999929e+01,-1.193770992359999950e+00,-1.262539027199999992e+02
1.005000000000000071e+01,-1.109417050370000046e+00,-1.272828950389999960e+02
1.005625000000000036e+01,-1.028039762939999990e+00,-1.286611902740000062e+02
1.006250000000000000e+01,-9.838992982540000209e-01,-1.302790920749999941e+02
1.006874999999999964e+01,-1.003422997679999984e+00,-1.318385479220000036e+02
1.007499999999999929e+01,-1.045575108109999984e+00,-1.330812951270000042e+02
1.008125000000000071e+01,-1.063617577690000093e+00,-1.340104940639999995e+02
1.008750000000000036e+01,-1.030775050409999949e+00,-1.349059028329999990e+02
1.009375000000000000e+01,-9.571513006990000072e-01,-1.360102858719999972e+02
1.009999999999999964e+01,-8.882158925690000206e-01,-1.374051920189999976e+02
1.010624999999999929e+01,-8.548508545240000034e-01,-1.389740249849999998e+02
1.011250000000000071e+01,-8.698031590910000332e-01,-1.404526398950000043e+02
1.011875000000000036e+01,-8.983124623110000373e-01,-1.416552040809999937e+02
1.012500000000000000e+01,-9.047848761829999642e-01,-1.426285959340000034e+02
1.013124999999999964e+01,-8.736680865910000371e-01,-1.435987419269999918e+02
1.013749999999999929e+01,-8.173306270729999712e-01,-1.447722418179999977e+02
1.014375000000000071e+01,-7.635746183170000201e-01,-1.461795105369999987e+02
1.015000000000000036e+01,-7.401207330229999659e-01,-1.476836389320000080e+02
1.015625000000000000e+01,-7.400320671150000251e-01,-1.491246613710000020e+02
1.016249999999999964e+01,-7.541689301489999941e-01,-1.503588083900000072e+02
1.016874999999999929e+01,-7.520666973759999596e-01,-1.514518702020000092e+02
1.017500000000000071e+01,-7.235518847309999613e-01,-1.525570414350000021e+02
1.018125000000000036e+01,-6.863435782279999620e-01,-1.537945845469999995e+02
1.018750000000000000e+01,-6.493919809849999503e-01,-1.551547909349999941e+02
1.019374999999999964e+01,-6.296038525949999576e-01,-1.565398975479999990e+02
1.019999999999999929e+01,-6.238131135819999784e-01,-1.578959930119999910e+02
1.020625000000000071e+01,-6.177697582200000204e-01,-1.591541480079999928e+02
1.021250000000000036e+01,-6.044846473660000497e-01,-1.603378413430000080e+02
1.021875000000000000e+01,-5.914340346949999994e-01,-1.615444327570000098e+02
1.022499999999999964e+01,-5.743263439050000363e-01,-1.627937249290000068e+02
1.023124999999999929e+01,-5.662865173319999723e-01,-1.640736462680000045e+02
1.023750000000000071e+01,-5.557504719989999620e-01,-1.653617747129999884e+02
1.024375000000000036e+01,-5.417614634920000505e-01,-1.666582383800000002e+02
1.025000000000000000e+01,-5.241462209749999657e-01,-1.679636840560000053e+02
1.025624999999999964e+01,-5.020040706010000520e-01,-1.692819763349999960e+02
1.026249999999999929e+01,-4.845464954970000182e-01,-1.705757184379999956e+02
1.026875000000000071e+01,-4.801776138309999942e-01,-1.718160704800000076e+02
1.027500000000000036e+01,-4.732862936780000140e-01,-1.730108758570000020e+02
1.028125000000000000e+01,-4.679836448179999775e-01,-1.742023770060000061e+02
1.028749999999999964e+01,-4.539177159730000133e-01,-1.754362604680000004e+02
1.029374999999999929e+01,-4.375905268140000137e-01,-1.767756327959999965e+02
1.030000000000000071e+01,-4.231468359039999849e-01,-1.781835830690000080e+02
1.030625000000000036e+01,-4.201803776690000158e-01,-1.795851680860000101e+02
1.031250000000000000e+01,-4.205368536519999978e-01,1.791127376190000007e+02
1.031874999999999964e+01,-4.167177067619999842e-01,1.779031963570000130e+02
1.032499999999999929e+01,-4.004160688930000211e-01,1.767273601340000084e+02
1.033125000000000071e+01,-3.811663872420000265e-01,1.755022203080000054e+02
1.033750000000000036e+01,-3.686092918020000275e-01,1.741837577539999984e+02
1.034375000000000000e+01,-3.676516974199999788e-01,1.727949702619999925e+02
1.034999999999999964e+01,-3.785225731390000070e-01,1.714170094010000014e+02
1.035624999999999929e+01,-3.888849707450000026e-01,1.701406152389999988e+02
1.036250000000000071e+01,-3.869635453370000033e-01,1.689295264669999881e+02
1.036875000000000036e+01,-3.707944178640000255e-01,1.677182910749999962e+02
1.037500000000000000e+01,-3.506008370629999926e-01,1.664398934390000022e+02
1.038124999999999964e+01,-3.386993334330000160e-01,1.651029575000000023e+02
1.038749999999999929e+01,-3.462327156019999741e-01,1.637399615850000032e+02
1.039375000000000071e+01,-3.662526886720000041e-01,1.624215117889999931e+02
1.040000000000000036e+01,-3.879657661900000054e-01,1.611765326930000128e+02
1.040625000000000000e+01,-3.890606611510000201e-01,1.599616101320000041e+02
1.041249999999999964e+01,-3.779255796770000231e-01,1.587096895029999928e+02
1.041874999999999929e+01,-3.643424682459999731e-01,1.573864760120000028e+02
1.042500000000000071e+01,-3.592091855360000086e-01,1.560187817810000013e+02
1.043125000000000036e+01,-3.650386041020000083e-01,1.546713069399999938e+02
1.043750000000000000e+01,-3.859477233820000075e-01,1.533706624650000094e+02
1.044374999999999964e+01,-4.072605855879999903e-01,1.521402775779999956e+02
1.044999999999999929e+01,-4.209215703559999744e-01,1.509220154029999890e+02
1.045625000000000071e+01,-4.216891873549999947e-01,1.496634665059999918e+02
1.046250000000000036e+01,-4.168741367350000115e-01,1.483431963230000008e+02
1.046875000000000000e+01,-4.150682990999999822e-01,1.469931481449999922e+02
1.047499999999999964e+01,-4.206642911599999812e-01,1.456603567390000080e+02
1.048124999999999929e+01,-4.348516890529999790e-01,1.443746502170000099e+02
1.048750000000000071e+01,-4.512517810000000185e-01,1.431367778569999984e+02
1.049375000000000036e+01,-4.695517558839999994e-01,1.419176142949999928e+02
1.050000000000000000e+01,-4.871299772650000137e-01,1.406845784509999930e+02
1.050624999999999964e+01,-4.979210668879999746e-01,1.393891034039999965e+02
1.051249999999999929e+01,-5.116056748049999658e-01,1.380836982689999957e+02
1.051875000000000071e+01,-5.256714664470000242e-01,1.367770365249999998e+02
1.052500000000000036e+01,-5.383587389149999680e-01,1.354686791800000094e+02
1.053125000000000000e+01,-5.526460665410000139e-01,1.341891786440000089e+02
1.053749999999999964e+01,-5.735227825919999578e-01,1.329375148279999905e+02
1.054374999999999929e+01,-5.967467752949999760e-01,1.317263466480000034e+02
1.055000000000000071e+01,-6.203515571290000308e-01,1.305101438099999882e+02
1.055625000000000036e+01,-6.381269461999999892e-01,1.292706300410000040e+02
1.056250000000000000e+01,-6.501792738860000531e-01,1.280058662060000074e+02
1.056874999999999964e+01,-6.706250599380000343e-01,1.267299390259999967e+02
1.057499999999999929e+01,-6.880676241640000246e-01,1.254585245279999981e+02
1.058125000000000071e+01,-7.138219263749999710e-01,1.242337774220000028e+02
1.058750000000000036e+01,-7.404524228340000347e-01,1.230585873079999999e+02
1.059375000000000000e+01,-7.648644255000000003e-01,1.219054428150000007e+02
1.059999999999999964e+01,-7.867540039210000336e-01,1.206972403729999996e+02
1.060624999999999929e+01,-8.101683399910000194e-01,1.194304691290000022e+02
1.061250000000000071e+01,-8.456972868319999614e-01,1.181737673100000023e+02
1.061875000000000036e+01,-8.844445751430000113e-01,1.169547030150000069e+02
1.062500000000000000e+01,-9.148770422449999939e-01,1.157841461579999986e+02
1.063124999999999964e+01,-9.367129053970000285e-01,1.146255605529999997e+02
1.063749999999999929e+01,-9.515956553419999686e-01,1.134345184769999975e+02
1.064375000000000071e+01,-9.747610852100000445e-01,1.121904734350000012e+02
1.065000000000000036e+01,-1.018711086669999988e+00,1.109024951640000012e+02
1.065625000000000000e+01,-1.071785552739999980e+00,1.096973829530000017e+02
1.066249999999999964e+01,-1.121325199389999971e+00,1.086088751430000059e+02
1.066874999999999929e+01,-1.151930329979999890e+00,1.076097443419999991e+02
1.067500000000000071e+01,-1.158422056190000049e+00,1.065423365620000027e+02
1.068125000000000036e+01,-1.153443288330000094e+00,1.053477608799999956e+02
1.068750000000000000e+01,-1.161859978160000084e+00,1.040124765989999958e+02
1.069374999999999964e+01,-1.203578744549999913e+00,1.026566217379999983e+02
1.069999999999999929e+01,-1.272170372219999956e+00,1.014392043729999955e+02
1.070625000000000071e+01,-1.341996989489999903e+00,1.004534096259999956e+02
1.071250000000000036e+01,-1.381108595900000013e+00,9.957576263299999653e+01
1.071875000000000000e+01,-1.385574434100000030e+00,9.864808734380000033e+01
1.072499999999999964e+01,-1.378139442049999941e+00,9.748730923019999750e+01
1.073124999999999929e+01,-1.387572185230000033e+00,9.612218794909999531e+01
1.073750000000000071e+01,-1.432007444439999944e+00,9.474667642570000226e+01
1.074375000000000036e+01,-1.508635223269999992e+00,9.355943522980000182e+01
1.075000000000000000e+01,-1.583832113819999998e+00,9.263329075510000621e+01
1.075624999999999964e+01,-1.634104328350000079e+00,9.185689218180000637e+01
1.076249999999999929e+01,-1.644816455810000022e+00,9.101177320489999545e+01
1.076875000000000071e+01,-1.643884920020000084e+00,8.992143161389999761e+01
1.077500000000000036e+01,-1.654814448860000065e+00,8.862464844589999302e+01
1.078125000000000000e+01,-1.699674550259999917e+00,8.729048739780000687e+01
1.078749999999999964e+01,-1.759174647770000099e+00,8.609533233189999635e+01
1.079374999999999929e+01,-1.818587562450000084e+00,8.508363092320000476e+01
1.080000000000000071e+01,-1.864128155820000021e+00,8.418818802760000608e+01
1.080625000000000036e+01,-1.889711460990000091e+00,8.331514059619999557e+01
1.081250000000000000e+01,-1.908696577139999961e+00,8.237888345070000184e+01
1.081874999999999964e+01,-1.923054412880000008e+00,8.136336997829999973e+01
1.082499999999999929e+01,-1.940539245719999917e+00,8.028853424870000310e+01
1.083125000000000071e+01,-1.963145370099999898e+00,7.915167234400000495e+01
1.083750000000000036e+01,-2.001541105339999849e+00,7.795348214700000256e+01
1.084375000000000000e+01,-2.061306440010000074e+00,7.677910616260000154e+01
1.084999999999999964e+01,-2.134052753230000210e+00,7.573791605969999807e+01
1.085624999999999929e+01,-2.205050839000000096e+00,7.492625079500000140e+01
1.086250000000000071e+01,-2.242332028419999901e+00,7.425546972589999939e+01
1.086875000000000036e+01,-2.236350293570000147e+00,7.353124761310000679e+01
1.087500000000000000e+01,-2.198415400900000094e+00,7.245651878030000148e+01
1.088124999999999964e+01,-2.189874670840000093e+00,7.100318489000000000e+01
1.088749999999999929e+01,-2.249380496590000167e+00,6.948649189100000001e+01
1.089375000000000071e+01,-2.365318028159999919e+00,6.828976410369999428e+01
1.090000000000000036e+01,-2.486418740870000033e+00,6.760024480730000107e+01
1.090625000000000000e+01,-2.544896683879999788e+00,6.734450469669999961e+01
1.091249999999999964e+01,-2.506279868570000069e+00,6.704797918330000073e+01
1.091874999999999929e+01,-2.404838630280000000e+00,6.608910133940000264e+01
1.092500000000000071e+01,-2.351341834769999917e+00,6.437366037869999502e+01
1.093125000000000036e+01,-2.423194866699999839e+00,6.249787891159999731e+01
1.093750000000000000e+01,-2.583663257650000045e+00,6.111478170990000081e+01
1.094374999999999964e+01,-2.753788778720000163e+00,6.051354132579999856e+01
1.094999999999999929e+01,-2.835985617389999991e+00,6.056577359909999814e+01
1.095625000000000071e+01,-2.769995155210000171e+00,6.059219748659999993e+01
1.096250000000000036e+01,-2.612360826669999803e+00,5.969480513629999763e+01
1.096875000000000000e+01,-2.533573576569999819e+00,5.775847738139999876e+01
1.097499999999999964e+01,-2.616487540030000059e+00,5.565963236940000058e+01
1.098124999999999929e+01,-2.806716269129999830e+00,5.421264822709999720e+01
1.098750000000000071e+01,-3.006496667199999973e+00,5.370223263100000111e+01
1.099375000000000036e+01,-3.097697485399999895e+00,5.395631327689999779e+01
1.100000000000000000e+01,-3.012699607610000108e+00,5.415788779679999720e+01
1.100624999999999964e+01,-2.829834709200000020e+00,5.326088783449999653e+01
1.101249999999999929e+01,-2.736993675179999919e+00,5.122538053489999754e+01
1.101875000000000071e+01,-2.819865757810000151e+00,4.905513608710000284e+01
1.102500000000000036e+01,-3.018438467450000218e+00,4.759461513349999962e+01
1.103125000000000000e+01,-3.216246721490000127e+00,4.707106799719999657e+01
1.103749999999999964e+01,-3.310922369390000064e+00,4.723786279269999966e+01
1.104374999999999929e+01,-3.247604983020000002e+00,4.732231362739999980e+01
1.105000000000000071e+01,-3.103540860019999847e+00,4.649173655340000266e+01
1.105625000000000036e+01,-3.027021497009999784e+00,4.477746467290000254e+01
1.106250000000000000e+01,-3.086220825189999850e+00,4.298066438259999700e+01
1.106874999999999964e+01,-3.230457368480000202e+00,4.175377444299999752e+01
1.107499999999999929e+01,-3.365842429609999797e+00,4.120697504759999674e+01
1.108125000000000071e+01,-3.422280459260000018e+00,4.103515668139999661e+01
1.108750000000000036e+01,-3.389263788740000116e+00,4.065487790600000295e+01
1.109375000000000000e+01,-3.327035368509999813e+00,3.972856358429999801e+01
1.109999999999999964e+01,-3.310663864169999915e+00,3.841366252910000156e+01
1.110624999999999929e+01,-3.352121976469999876e+00,3.710668092089999703e+01
1.111250000000000071e+01,-3.415687816020000156e+00,3.606407755490000255e+01
1.111875000000000036e+01,-3.466782329459999978e+00,3.518993290030000054e+01
1.112500000000000000e+01,-3.505367822749999807e+00,3.431160004390000040e+01
1.113124999999999964e+01,-3.551198374520000201e+00,3.334928591149999733e+01
1.113749999999999929e+01,-3.619247465890000015e+00,3.247749981649999995e+01
1.114375000000000071e+01,-3.685899032290000044e+00,3.187599627699999871e+01
1.115000000000000036e+01,-3.700752761359999976e+00,3.148566285029999889e+01
1.115625000000000000e+01,-3.640518862640000020e+00,3.091422067530000106e+01
1.116249999999999964e+01,-3.560236123660000196e+00,2.974803431590000002e+01
1.116874999999999929e+01,-3.550324830020000100e+00,2.804560280870000000e+01
1.117500000000000071e+01,-3.660306937470000133e+00,2.639043577050000167e+01
1.118125000000000036e+01,-3.844822092349999831e+00,2.541183814109999872e+01
1.118750000000000000e+01,-4.005966631009999723e+00,2.531137201860000019e+01
1.119374999999999964e+01,-4.026237044420000188e+00,2.573352830980000050e+01
1.119999999999999929e+01,-3.873142215270000133e+00,2.570972881990000047e+01
1.120625000000000071e+01,-3.676598259869999996e+00,2.432294884439999905e+01
1.121250000000000036e+01,-3.627127007179999918e+00,2.190695595109999871e+01
1.121875000000000000e+01,-3.791098558369999871e+00,1.968584267190000148e+01
1.122499999999999964e+01,-4.068059440629999912e+00,1.855165407360000174e+01
1.123124999999999929e+01,-4.320050031280000091e+00,1.872598474460000162e+01
1.123750000000000071e+01,-4.383318234969999949e+00,1.982118106289999915e+01
1.124375000000000036e+01,-4.180393728910000384e+00,2.046847374549999898e+01
1.125000000000000000e+01,-3.874039374370000122e+00,1.918591406310000025e+01
1.125624999999999964e+01,-3.763627382940000210e+00,1.636718497269999872e+01
1.126249999999999929e+01,-3.917864772650000216e+00,1.369362015709999980e+01
1.126875000000000071e+01,-4.222883704710000075e+00,1.224961924029999949e+01
1.127500000000000036e+01,-4.514920180019999840e+00,1.234858005239999912e+01
1.128125000000000000e+01,-4.621747020339999956e+00,1.358377672399999980e+01
1.128749999999999964e+01,-4.449341627529999954e+00,1.454612650590000023e+01
1.129374999999999929e+01,-4.143188575950000008e+00,1.363143594890000010e+01
1.130000000000000071e+01,-4.007051293550000004e+00,1.101991639290000080e+01
1.130625000000000036e+01,-4.136240415539999660e+00,8.355057826899999540e+00
1.131250000000000000e+01,-4.415619982399999977e+00,6.795487425960000216e+00
1.131874999999999964e+01,-4.690763016990000089e+00,6.666551543999999829e+00
1.132499999999999929e+01,-4.803475384879999588e+00,7.549023868209999932e+00
1.133125000000000071e+01,-4.677298484459999628e+00,8.300482578489999597e+00
1.133750000000000036e+01,-4.437715378950000122e+00,7.654997329479999557e+00
1.134375000000000000e+01,-4.297630154770000210e+00,5.697545323429999975e+00
1.134999999999999964e+01,-4.352623577000000132e+00,3.548161864849999958e+00
1.135624999999999929e+01,-4.532760697039999620e+00,2.126075082329999866e+00
1.136250000000000071e+01,-4.716251272140000061e+00,1.587306410689999892e+00
1.136875000000000036e+01,-4.813054849160000259e+00,1.613304161280000093e+00
1.137500000000000000e+01,-4.798589476500000117e+00,1.545838425819999973e+00
1.138124999999999964e+01,-4.739049817719999780e+00,9.781936546720000347e-01
1.138749999999999929e+01,-4.714232009019999836e+00,8.029797288740000635e-03
1.139375000000000071e+01,-4.728528982020000271e+00,-9.587999552170000106e-01
1.140000000000000036e+01,-4.751819297900000016e+00,-1.821203676299999907e+00
1.140625000000000000e+01,-4.763086394430000148e+00,-2.702565191620000196e+00
1.141249999999999964e+01,-4.784086767059999801e+00,-3.831873069929999875e+00
1.141874999999999929e+01,-4.859199171410000240e+00,-5.014848760549999618e+00
1.142500000000000071e+01,-4.992580438610000115e+00,-5.823285396130000180e+00
1.143125000000000036e+01,-5.110956609419999630e+00,-5.955177001350000054e+00
1.143750000000000000e+01,-5.115091638750000058e+00,-5.589890894949999911e+00
1.144374999999999964e+01,-4.958995785569999981e+00,-5.562889069869999759e+00
1.144999999999999929e+01,-4.747574845709999991e+00,-6.820642618229999954e+00
1.145625000000000071e+01,-4.680687042099999751e+00,-9.218544143309999939e+00
1.146250000000000036e+01,-4.841224307270000082e+00,-1.157565260129999984e+01
1.146875000000000000e+01,-5.154482640260000359e+00,-1.277301579659999931e+01
1.147499999999999964e+01,-5.453284961329999625e+00,-1.237541027410000005e+01
1.148124999999999929e+01,-5.539317505919999718e+00,-1.075197152640000020e+01
1.148750000000000071e+01,-5.297022493110000063e+00,-9.457624877489999804e+00
1.149375000000000036e+01,-4.882729843629999955e+00,-1.048188648920000077e+01
1.150000000000000000e+01,-4.692331226700000357e+00,-1.372626763879999956e+01
1.150624999999999964e+01,-4.866223291279999863e+00,-1.705303428150000045e+01
1.151249999999999929e+01,-5.272259558510000055e+00,-1.883162296600000118e+01
1.151875000000000071e+01,-5.691582896359999921e+00,-1.845140763679999907e+01
1.152500000000000036e+01,-5.867352147860000144e+00,-1.621268839980000109e+01
1.153125000000000000e+01,-5.604924967029999650e+00,-1.394706158430000009e+01
1.153749999999999964e+01,-5.049373796650000301e+00,-1.440531077900000057e+01
1.154374999999999929e+01,-4.715349644699999843e+00,-1.798280298590000115e+01
1.155000000000000071e+01,-4.842944072739999939e+00,-2.199187823640000161e+01
1.155625000000000036e+01,-5.267367775740000369e+00,-2.435687474470000069e+01
1.156250000000000000e+01,-5.750958286320000390e+00,-2.444753867300000039e+01
1.156874999999999964e+01,-6.039455023380000398e+00,-2.246289051669999992e+01
1.157499999999999929e+01,-5.912366264220000112e+00,-1.987521332229999871e+01
1.158125000000000071e+01,-5.421317041000000003e+00,-1.934694095940000125e+01
1.158750000000000036e+01,-5.004167441699999941e+00,-2.208328165929999898e+01
1.159375000000000000e+01,-5.006075980980000395e+00,-2.594560446539999887e+01
1.159999999999999964e+01,-5.339635354730000394e+00,-2.859562918640000007e+01
1.160624999999999929e+01,-5.775873987339999793e+00,-2.919195949270000057e+01
1.161250000000000071e+01,-6.096380599789999799e+00,-2.780429118500000030e+01
1.161875000000000036e+01,-6.092040528770000130e+00,-2.556622749530000149e+01
1.162500000000000000e+01,-5.760651085900000190e+00,-2.448924130090000162e+01
1.163124999999999964e+01,-5.369919556490000190e+00,-2.584712938470000054e+01
1.163749999999999929e+01,-5.225070335839999913e+00,-2.879393061320000058e+01
1.164375000000000071e+01,-5.363897661940000283e+00,-3.148876172379999971e+01
1.165000000000000036e+01,-5.645017212169999965e+00,-3.295032373570000317e+01
1.165625000000000000e+01,-5.911294008179999615e+00,-3.306406142739999865e+01
1.166249999999999964e+01,-6.050194497499999713e+00,-3.226831883850000082e+01
1.166874999999999929e+01,-6.007256064389999928e+00,-3.143891479190000027e+01
1.167500000000000071e+01,-5.835636854319999678e+00,-3.132049690410000053e+01
1.168125000000000036e+01,-5.638771529809999628e+00,-3.222936738279999958e+01
1.168750000000000000e+01,-5.522091518289999890e+00,-3.395680053699999945e+01
1.169374999999999964e+01,-5.539842112879999725e+00,-3.596818332029999965e+01
1.169999999999999929e+01,-5.696719810910000348e+00,-3.763858777810000333e+01
1.170625000000000071e+01,-5.939269292559999691e+00,-3.845407194319999888e+01
1.171250000000000036e+01,-6.179605347589999909e+00,-3.809643521969999824e+01
1.171875000000000000e+01,-6.265054325790000433e+00,-3.677882661640000350e+01
1.172499999999999964e+01,-6.093378290729999591e+00,-3.543148691550000251e+01
1.173124999999999929e+01,-5.706760464350000284e+00,-3.564282054689999768e+01
1.173750000000000071e+01,-5.368809617650000199e+00,-3.815503716970000170e+01
1.174375000000000036e+01,-5.358471334529999908e+00,-4.178504984780000342e+01
1.175000000000000000e+01,-5.677838914569999673e+00,-4.449946945309999791e+01
