9.250000000000000000e+00,-1.414210662399999929e+00,-6.791563656910000191e+01
9.256249999999999645e+00,-1.375287986050000022e+00,-7.052051164089999702e+01
9.262499999999999289e+00,-1.347815332879999994e+00,-7.272496344539999313e+01
9.268750000000000711e+00,-1.315025414209999965e+00,-7.464491522599999485e+01
9.275000000000000355e+00,-1.309216169880000002e+00,-7.670533401049999611e+01
9.281250000000000000e+00,-1.362809466889999932e+00,-7.892040275339999766e+01
9.287499999999999645e+00,-1.430882242400000059e+00,-8.124748124619999601e+01
9.293749999999999289e+00,-1.468603574300000103e+00,-8.378875610279999364e+01
9.300000000000000711e+00,-1.469248741739999975e+00,-8.654812408050000272e+01
9.306250000000000355e+00,-1.466283482849999986e+00,-8.913216432500000508e+01
9.312500000000000000e+00,-1.458939595909999998e+00,-9.133831048369999905e+01
9.318749999999999645e+00,-1.465713389730000094e+00,-9.332186799710000003e+01
9.324999999999999289e+00,-1.517193491350000034e+00,-9.530275957019999566e+01
9.331250000000000711e+00,-1.603658976229999977e+00,-9.733905035600000133e+01
9.337500000000000355e+00,-1.700071414840000017e+00,-9.960333022140000026e+01
9.343750000000000000e+00,-1.774042041169999973e+00,-1.021320773099999997e+02
9.349999999999999645e+00,-1.819879474139999953e+00,-1.047956017759999980e+02
9.356249999999999289e+00,-1.840720974349999928e+00,-1.072417274310000010e+02
9.362500000000000711e+00,-1.860118543490000054e+00,-1.092467974759999976e+02
9.368750000000000355e+00,-1.899468336620000031e+00,-1.109578109060000060e+02
9.375000000000000000e+00,-1.976466304739999957e+00,-1.126581582360000056e+02
9.381249999999999645e+00,-2.104364642210000191e+00,-1.144614552780000025e+02
9.387499999999999289e+00,-2.253392065429999924e+00,-1.163959013780000049e+02
9.393750000000000711e+00,-2.370421781380000148e+00,-1.186091268790000015e+02
9.400000000000000355e+00,-2.429454239520000058e+00,-1.210348293920000060e+02
9.406250000000000000e+00,-2.476704628179999812e+00,-1.232875542780000018e+02
9.412499999999999645e+00,-2.514267224090000141e+00,-1.249772432500000008e+02
9.418749999999999289e+00,-2.557403311579999894e+00,-1.264473693479999952e+02
9.425000000000000711e+00,-2.657619771989999879e+00,-1.279280010420000053e+02
9.431250000000000355e+00,-2.829391146309999883e+00,-1.293233973419999927e+02
9.437500000000000000e+00,-2.995806637619999879e+00,-1.307408100019999893e+02
9.443749999999999645e+00,-3.090619211339999950e+00,-1.326911875929999951e+02
9.449999999999999289e+00,-3.163829209739999815e+00,-1.350819304400000078e+02
9.456250000000000711e+00,-3.226119737019999878e+00,-1.369989822889999971e+02
9.462500000000000355e+00,-3.232450268030000018e+00,-1.384616832879999890e+02
9.468750000000000000e+00,-3.268095747969999909e+00,-1.399032933070000126e+02
9.474999999999999645e+00,-3.388687019749999862e+00,-1.410494473079999977e+02
9.481249999999999289e+00,-3.548026177470000153e+00,-1.418751263110000025e+02
9.487500000000000711e+00,-3.654941277679999878e+00,-1.430197110599999917e+02
9.493750000000000355e+00,-3.753878129329999869e+00,-1.450753868589999911e+02
9.500000000000000000e+00,-3.863650856850000093e+00,-1.471246043319999899e+02
9.506249999999999645e+00,-3.891009831779999928e+00,-1.487398182610000106e+02
9.512499999999999289e+00,-3.886543557980000063e+00,-1.502626520869999922e+02
9.518750000000000711e+00,-3.950767726020000037e+00,-1.515165143629999989e+02
9.525000000000000355e+00,-4.063523336830000332e+00,-1.522499093559999892e+02
9.531250000000000000e+00,-4.160543503409999566e+00,-1.529335953089999975e+02
9.537499999999999645e+00,-4.259829867669999715e+00,-1.544270235259999993e+02
9.543749999999999289e+00,-4.397775442810000435e+00,-1.564061170100000027e+02
9.550000000000000711e+00,-4.469471957809999729e+00,-1.582171173590000137e+02
9.556250000000000355e+00,-4.454557092049999945e+00,-1.599221327299999871e+02
9.562500000000000000e+00,-4.448338182569999688e+00,-1.613310481739999886e+02
9.568749999999999645e+00,-4.471926842130000246e+00,-1.621478809230000024e+02
9.574999999999999289e+00,-4.522934794820000270e+00,-1.625840846279999994e+02
9.581250000000000711e+00,-4.604668065910000330e+00,-1.632742667070000095e+02
9.587500000000000355e+00,-4.752641912869999707e+00,-1.645399389410000026e+02
9.593750000000000000e+00,-4.901368324769999951e+00,-1.661514482899999905e+02
9.599999999999999645e+00,-4.977557116119999847e+00,-1.679487656739999863e+02
9.606249999999999289e+00,-5.000675069579999743e+00,-1.697183588089999944e+02
9.612500000000000711e+00,-4.999679052090000297e+00,-1.711385466049999877e+02
9.618750000000000355e+00,-5.005612943130000048e+00,-1.720484997210000131e+02
9.625000000000000000e+00,-5.046772251420000188e+00,-1.726553350640000133e+02
9.631249999999999645e+00,-5.139225802450000380e+00,-1.733921663520000038e+02
9.637499999999999289e+00,-5.278472477790000283e+00,-1.745459083030000045e+02
9.643750000000000711e+00,-5.410264182299999725e+00,-1.760947693360000130e+02
9.650000000000000355e+00,-5.490771093330000241e+00,-1.778391400099999942e+02
9.656250000000000000e+00,-5.507558195969999737e+00,-1.795446062279999921e+02
9.662499999999999645e+00,-5.496181729889999978e+00,1.790766287429999863e+02
9.668749999999999289e+00,-5.496944609759999878e+00,1.781812555109999892e+02
9.675000000000000711e+00,-5.538870652870000022e+00,1.776324869139999976e+02
9.681250000000000355e+00,-5.629446469940000419e+00,1.769667595850000055e+02
9.687500000000000000e+00,-5.772126927959999598e+00,1.758513371969999923e+02
9.693749999999999645e+00,-5.916043616639999669e+00,1.743235609550000049e+02
9.699999999999999289e+00,-6.006212071540000252e+00,1.726123752469999886e+02
9.706250000000000711e+00,-6.030773949250000321e+00,1.708702143689999957e+02
9.712500000000000355e+00,-6.030594140689999882e+00,1.694439815670000087e+02
9.718750000000000000e+00,-6.038328017379999579e+00,1.685689005510000129e+02
9.724999999999999645e+00,-6.070836115399999677e+00,1.679968288869999924e+02
9.731249999999999289e+00,-6.164558882049999688e+00,1.672224092509999878e+02
9.737500000000000711e+00,-6.319910106370000058e+00,1.660633828329999915e+02
9.743750000000000355e+00,-6.472271933600000082e+00,1.646359175860000050e+02
9.750000000000000000e+00,-6.553729316680000139e+00,1.629059903499999962e+02
9.756249999999999645e+00,-6.585318367950000251e+00,1.611318666660000076e+02
9.762499999999999289e+00,-6.587231406729999961e+00,1.597643043859999921e+02
9.768750000000000711e+00,-6.579318285100000274e+00,1.589891629109999940e+02
9.775000000000000355e+00,-6.608494593029999642e+00,1.584012520160000008e+02
9.781250000000000000e+00,-6.723824047799999981e+00,1.576793794030000129e+02
9.787499999999999645e+00,-6.899595815929999709e+00,1.567245170060000135e+02
9.793749999999999289e+00,-7.057264685419999850e+00,1.553278091710000126e+02
9.800000000000000711e+00,-7.163631720469999742e+00,1.534872067430000016e+02
9.806250000000000355e+00,-7.222211866510000355e+00,1.516507274370000005e+02
9.812500000000000000e+00,-7.224816986040000444e+00,1.502363278120000132e+02
9.818749999999999645e+00,-7.211987808029999947e+00,1.492896423919999904e+02
9.824999999999999289e+00,-7.258618850659999566e+00,1.486155399520000060e+02
9.831250000000000711e+00,-7.383491140700000344e+00,1.480280834360000028e+02
9.837500000000000355e+00,-7.546105970930000240e+00,1.471908225239999979e+02
9.843750000000000000e+00,-7.715657567850000120e+00,1.457938787470000079e+02
9.849999999999999645e+00,-7.851260388470000073e+00,1.440200999719999970e+02
9.856249999999999289e+00,-7.920077474540000217e+00,1.421994396549999919e+02
9.862500000000000711e+00,-7.932737689149999660e+00,1.406906678619999980e+02
9.868750000000000355e+00,-7.938669189109999635e+00,1.396217270829999961e+02
9.875000000000000000e+00,-7.991820731269999811e+00,1.389350502839999990e+02
9.881249999999999645e+00,-8.107860076619999745e+00,1.383074286279999967e+02
9.887499999999999289e+00,-8.271120043250000720e+00,1.373899485370000093e+02
9.893750000000000711e+00,-8.451408447280000402e+00,1.360084256989999858e+02
9.900000000000000355e+00,-8.591113504730000017e+00,1.342298958060000018e+02
9.906250000000000000e+00,-8.666818571129999427e+00,1.324005769370000110e+02
9.912499999999999645e+00,-8.689687853420000607e+00,1.308877260360000037e+02
9.918749999999999289e+00,-8.706897498169999139e+00,1.298618908089999877e+02
9.925000000000000711e+00,-8.768666940430000167e+00,1.292589810519999958e+02
9.931250000000000355e+00,-8.900808152539999796e+00,1.287238546270000086e+02
9.937500000000000000e+00,-9.093150461149999586e+00,1.278672022110000057e+02
9.943749999999999645e+00,-9.300706573699999424e+00,1.264669652409999969e+02
9.949999999999999289e+00,-9.468843319970000394e+00,1.246384769090000049e+02
9.956250000000000711e+00,-9.564960470620000876e+00,1.226807542890000065e+02
9.962500000000000355e+00,-9.588705703109999590e+00,1.210432785050000035e+02
9.968750000000000000e+00,-9.603607545950000102e+00,1.199456118169999996e+02
9.974999999999999645e+00,-9.655604748169999141e+00,1.193486730890000018e+02
9.981249999999999289e+00,-9.790271226050000664e+00,1.188693246020000061e+02
9.987500000000000711e+00,-9.999868427959999195e+00,1.181015476999999976e+02
9.993750000000000355e+00,-1.024148067119999972e+01,1.167378958970000014e+02
1.000000000000000000e+01,-1.045006412560000086e+01,1.148128534110000061e+02
1.000624999999999964e+01,-1.057432117189999943e+01,1.126748327079999967e+02
1.001249999999999929e+01,-1.061966843639999958e+01,1.108044650509999940e+02
1.001875000000000071e+01,-1.063169885339999965e+01,1.095468293389999985e+02
1.002500000000000036e+01,-1.068417116150000012e+01,1.088787447349999979e+02
1.003125000000000000e+01,-1.082604463320000043e+01,1.084780130470000046e+02
1.003749999999999964e+01,-1.105490313640000011e+01,1.078357522270000004e+02
1.004374999999999929e+01,-1.133263812649999913e+01,1.064980707189999976e+02
1.005000000000000071e+01,-1.159171351059999999e+01,1.045427856090000063e+02
1.005625000000000036e+01,-1.175866910280000077e+01,1.022537329839999956e+02
1.006250000000000000e+01,-1.183412541560000086e+01,1.001246158910000048e+02
1.006874999999999964e+01,-1.185558036079999944e+01,9.856182572000000164e+01
1.007499999999999929e+01,-1.189958146400000061e+01,9.771527677989999461e+01
1.008125000000000071e+01,-1.204330765579999962e+01,9.709888467259999345e+01
1.008750000000000036e+01,-1.229369895680000013e+01,9.625851226449999842e+01
1.009375000000000000e+01,-1.259491075390000070e+01,9.473731702300000279e+01
1.009999999999999964e+01,-1.287331175339999945e+01,9.243498752019999642e+01
1.010624999999999929e+01,-1.305326199779999996e+01,8.975245720370000413e+01
1.011250000000000071e+01,-1.310080656210000072e+01,8.722654943780000281e+01
1.011875000000000036e+01,-1.308660780619999997e+01,8.549289847590000591e+01
1.012500000000000000e+01,-1.311588350809999959e+01,8.467206516890000501e+01
1.013124999999999964e+01,-1.326451388289999933e+01,8.428253619699999888e+01
1.013749999999999929e+01,-1.355301809110000022e+01,8.359487785819999317e+01
1.014375000000000071e+01,-1.392767713870000001e+01,8.204921231000000148e+01
1.015000000000000036e+01,-1.427711766940000082e+01,7.952964345850000427e+01
1.015625000000000000e+01,-1.450618980189999974e+01,7.629672528810000642e+01
1.016249999999999964e+01,-1.456249104379999970e+01,7.320826398549999681e+01
1.016874999999999929e+01,-1.451176472230000059e+01,7.102345754719999604e+01
1.017500000000000071e+01,-1.450448345609999912e+01,7.002205027630000700e+01
1.018125000000000036e+01,-1.464576233959999918e+01,6.952010778970000615e+01
1.018750000000000000e+01,-1.496060211630000047e+01,6.878288393750000296e+01
1.019374999999999964e+01,-1.539468031580000051e+01,6.700720101420000674e+01
1.019999999999999929e+01,-1.582283342310000052e+01,6.392819812710000349e+01
1.020625000000000071e+01,-1.608898437179999874e+01,5.975751073039999994e+01
1.021250000000000036e+01,-1.612405519220000016e+01,5.573608002630000158e+01
1.021875000000000000e+01,-1.601603839690000086e+01,5.295889530889999719e+01
1.022499999999999964e+01,-1.596980636099999984e+01,5.168609833930000264e+01
1.023124999999999929e+01,-1.610454366900000167e+01,5.108728507429999866e+01
1.023750000000000071e+01,-1.645570072920000015e+01,5.017740062330000228e+01
1.024375000000000036e+01,-1.695706311929999899e+01,4.789130649199999823e+01
1.025000000000000000e+01,-1.744432639340000080e+01,4.387650459439999651e+01
1.025624999999999964e+01,-1.769658808339999823e+01,3.840843310460000026e+01
1.026249999999999929e+01,-1.764939812189999913e+01,3.320665440300000171e+01
1.026875000000000071e+01,-1.742330770839999943e+01,2.983669575740000113e+01
1.027500000000000036e+01,-1.727325350990000175e+01,2.818687721619999920e+01
1.028125000000000000e+01,-1.734381732199999959e+01,2.726837294719999960e+01
1.028749999999999964e+01,-1.764022665630000120e+01,2.576266146709999916e+01
1.029374999999999929e+01,-1.808650270469999910e+01,2.270734125670000125e+01
1.030000000000000071e+01,-1.846512096909999912e+01,1.744396193109999871e+01
1.030625000000000036e+01,-1.854554052789999830e+01,1.102180150300000072e+01
1.031250000000000000e+01,-1.827248757510000132e+01,5.499568850450000213e+00
1.031874999999999964e+01,-1.789725592699999979e+01,2.163701980649999967e+00
1.032499999999999929e+01,-1.766309794700000069e+01,4.201558588789999771e-01
1.033125000000000071e+01,-1.769100731159999995e+01,-7.939572469150000256e-01
1.033750000000000036e+01,-1.796232974400000160e+01,-2.799657316899999859e+00
1.034375000000000000e+01,-1.831839541029999907e+01,-6.804023657180000129e+00
1.034999999999999964e+01,-1.850622688600000032e+01,-1.271674760700000029e+01
1.035624999999999929e+01,-1.832762168589999874e+01,-1.914912452700000145e+01
1.036250000000000071e+01,-1.786671715410000161e+01,-2.412181552550000063e+01
1.036875000000000036e+01,-1.738791670490000030e+01,-2.689667822799999897e+01
1.037500000000000000e+01,-1.708504333999999858e+01,-2.828708446850000158e+01
1.038124999999999964e+01,-1.704037202680000007e+01,-2.960574722089999966e+01
1.038749999999999929e+01,-1.716850649139999874e+01,-3.191227078500000047e+01
1.039375000000000071e+01,-1.727912319620000048e+01,-3.591803509079999657e+01
1.040000000000000036e+01,-1.717885320650000125e+01,-4.116626516849999717e+01
1.040625000000000000e+01,-1.680225409479999854e+01,-4.619334434539999990e+01
1.041249999999999964e+01,-1.630385595939999988e+01,-4.964135452459999698e+01
1.041874999999999929e+01,-1.584737954899999934e+01,-5.158447257889999804e+01
1.042500000000000071e+01,-1.557305065679999956e+01,-5.264752141430000165e+01
1.043125000000000036e+01,-1.550798858859999996e+01,-5.397565777330000003e+01
1.043750000000000000e+01,-1.553480091169999966e+01,-5.628844978130000243e+01
1.044374999999999964e+01,-1.549158224259999983e+01,-5.998705351379999939e+01
1.044999999999999929e+01,-1.527056391700000049e+01,-6.441530433500000186e+01
1.045625000000000071e+01,-1.485330814930000010e+01,-6.817680835410000384e+01
1.046250000000000036e+01,-1.437717417800000064e+01,-7.057339379319999750e+01
1.046875000000000000e+01,-1.399410953379999967e+01,-7.172125707040000009e+01
1.047499999999999964e+01,-1.378427308570000065e+01,-7.235151814190000152e+01
1.048124999999999929e+01,-1.374193690050000072e+01,-7.330392771830000243e+01
1.048750000000000071e+01,-1.375332077530000063e+01,-7.541737478909999481e+01
1.049375000000000036e+01,-1.368020628870000088e+01,-7.878503263970000603e+01
1.050000000000000000e+01,-1.343866923400000069e+01,-8.259734480180000560e+01
1.050624999999999964e+01,-1.303247722829999944e+01,-8.580692782360000592e+01
1.051249999999999929e+01,-1.258652400409999927e+01,-8.775789239830000099e+01
1.051875000000000071e+01,-1.221922323459999937e+01,-8.861781175340000516e+01
1.052500000000000036e+01,-1.200986046000000051e+01,-8.896160351650000564e+01
1.053125000000000000e+01,-1.194609884750000006e+01,-8.970588707849999821e+01
1.053749999999999964e+01,-1.194400778620000025e+01,-9.137379290789999686e+01
1.054374999999999929e+01,-1.190778132139999990e+01,-9.412364731959999631e+01
1.055000000000000071e+01,-1.173446491720000040e+01,-9.735343075359999432e+01
1.055625000000000036e+01,-1.143314780759999927e+01,-1.002627075470000051e+02
1.056250000000000000e+01,-1.107106267480000028e+01,-1.021550604440000001e+02
1.056874999999999964e+01,-1.075783597010000037e+01,-1.031208423380000028e+02
1.057499999999999929e+01,-1.055477608980000070e+01,-1.036072556620000000e+02
1.058125000000000071e+01,-1.046001049340000044e+01,-1.043169097039999969e+02
1.058750000000000036e+01,-1.040857756740000006e+01,-1.057931920839999975e+02
1.059375000000000000e+01,-1.033299953749999922e+01,-1.081110599080000014e+02
1.059999999999999964e+01,-1.016762754229999999e+01,-1.108551216780000033e+02
1.060624999999999929e+01,-9.908909425879999233e+00,-1.133095175159999997e+02
1.061250000000000071e+01,-9.613337863119999938e+00,-1.149747636599999936e+02
1.061875000000000036e+01,-9.347746451080000796e+00,-1.157826062200000052e+02
1.062500000000000000e+01,-9.162198201209999837e+00,-1.162164625559999962e+02
1.063124999999999964e+01,-9.054502527349999497e+00,-1.168499055780000049e+02
1.063749999999999929e+01,-9.004382683230000239e+00,-1.182083284560000038e+02
1.064375000000000071e+01,-8.957428341019999962e+00,-1.202396743919999977e+02
1.065000000000000036e+01,-8.857353449019999658e+00,-1.226725677550000029e+02
1.065625000000000000e+01,-8.696838240370000861e+00,-1.249415147689999941e+02
1.066249999999999964e+01,-8.493252960279999542e+00,-1.265302107220000067e+02
1.066874999999999929e+01,-8.275574921429999620e+00,-1.274559506800000008e+02
1.067500000000000071e+01,-8.099684817669999148e+00,-1.281537263600000074e+02
1.068125000000000036e+01,-7.982447985750000363e+00,-1.291311000020000108e+02
1.068750000000000000e+01,-7.914519251859999827e+00,-1.305567568680000079e+02
1.069374999999999964e+01,-7.845702446529999818e+00,-1.324369141109999930e+02
1.069999999999999929e+01,-7.742118740499999596e+00,-1.344571253480000053e+02
1.070625000000000071e+01,-7.601947262300000396e+00,-1.362159270569999876e+02
1.071250000000000036e+01,-7.419950403469999678e+00,-1.373417447079999931e+02
1.071875000000000000e+01,-7.236862784100000390e+00,-1.381263518689999898e+02
1.072499999999999964e+01,-7.105617930320000220e+00,-1.389331697179999878e+02
1.073124999999999929e+01,-7.047896093950000385e+00,-1.400841318109999918e+02
1.073750000000000071e+01,-7.020201622700000144e+00,-1.416767325900000003e+02
1.074375000000000036e+01,-6.973368172849999880e+00,-1.436989755920000107e+02
1.075000000000000000e+01,-6.881271016530000395e+00,-1.457584328330000005e+02
1.075624999999999964e+01,-6.720188582349999606e+00,-1.474568069329999958e+02
1.076249999999999929e+01,-6.510023158210000105e+00,-1.486573507200000108e+02
1.076875000000000071e+01,-6.318803824669999791e+00,-1.494616629569999873e+02
1.077500000000000036e+01,-6.205872541409999776e+00,-1.501255410949999884e+02
1.078125000000000000e+01,-6.167912900220000161e+00,-1.509808936990000063e+02
1.078749999999999964e+01,-6.172916797330000094e+00,-1.522514229280000109e+02
1.079374999999999929e+01,-6.175243071809999762e+00,-1.539460952389999875e+02
1.080000000000000071e+01,-6.114445162830000058e+00,-1.558768815759999882e+02
1.080625000000000036e+01,-5.981935491479999811e+00,-1.576426471260000142e+02
1.081250000000000000e+01,-5.787218608769999939e+00,-1.590121510049999927e+02
1.081874999999999964e+01,-5.609984886020000339e+00,-1.599351967860000059e+02
1.082499999999999929e+01,-5.494790626230000363e+00,-1.606048695730000020e+02
1.083125000000000071e+01,-5.451387754539999797e+00,-1.613449322529999961e+02
1.083750000000000036e+01,-5.458433862729999753e+00,-1.624007449329999986e+02
1.084375000000000000e+01,-5.475253165589999860e+00,-1.638895952409999950e+02
1.084999999999999964e+01,-5.453486155470000263e+00,-1.657051631850000035e+02
1.085624999999999929e+01,-5.359388418290000011e+00,-1.674498728549999953e+02
1.086250000000000071e+01,-5.209969812809999823e+00,-1.688403244659999984e+02
1.086875000000000036e+01,-5.055310823510000162e+00,-1.698918684600000120e+02
1.087500000000000000e+01,-4.951419691439999937e+00,-1.707207067870000117e+02
1.088124999999999964e+01,-4.917661710530000008e+00,-1.715098542689999874e+02
1.088749999999999929e+01,-4.932376370660000120e+00,-1.725440382520000071e+02
1.089375000000000071e+01,-4.952364498799999737e+00,-1.739845191070000112e+02
1.090000000000000036e+01,-4.945838876309999854e+00,-1.757413517930000069e+02
1.090625000000000000e+01,-4.861990129069999611e+00,-1.773960650250000128e+02
1.091249999999999964e+01,-4.713753961700000161e+00,-1.788203104090000011e+02
1.091874999999999929e+01,-4.562619321299999697e+00,-1.799617486850000034e+02
1.092500000000000071e+01,-4.477156175250000203e+00,1.791987836810000090e+02
1.093125000000000036e+01,-4.446443377629999638e+00,1.785777792469999952e+02
1.093750000000000000e+01,-4.457563708500000388e+00,1.777157336269999917e+02
1.094374999999999964e+01,-4.493582757969999619e+00,1.764481344529999944e+02
1.094999999999999929e+01,-4.496622815550000318e+00,1.748499984460000007e+02
1.095625000000000071e+01,-4.419042799369999663e+00,1.731476722529999961e+02
1.096250000000000036e+01,-4.298170059240000285e+00,1.714748669939999957e+02
1.096875000000000000e+01,-4.189138349750000323e+00,1.702218956069999933e+02
1.097499999999999964e+01,-4.106643191749999922e+00,1.694505108550000045e+02
1.098124999999999929e+01,-4.059163996539999708e+00,1.688799076589999970e+02
1.098750000000000071e+01,-4.060563278590000102e+00,1.681223286690000123e+02
1.099375000000000036e+01,-4.089447635169999984e+00,1.670516687800000000e+02
1.100000000000000000e+01,-4.081459736910000302e+00,1.655856464830000050e+02
1.100624999999999964e+01,-4.030807464459999601e+00,1.638801639469999998e+02
1.101249999999999929e+01,-3.957511629119999874e+00,1.623657445370000119e+02
1.101875000000000071e+01,-3.868509092400000071e+00,1.613141481090000013e+02
1.102500000000000036e+01,-3.787778925460000057e+00,1.606031995460000132e+02
1.103125000000000000e+01,-3.746827786469999921e+00,1.600525115890000052e+02
1.103749999999999964e+01,-3.752895671860000171e+00,1.593362040519999994e+02
1.104374999999999929e+01,-3.786198717039999995e+00,1.582020925719999980e+02
1.105000000000000071e+01,-3.812287033670000103e+00,1.566260208139999861e+02
1.105625000000000036e+01,-3.801900110290000079e+00,1.549046485039999936e+02
1.106250000000000000e+01,-3.736837508469999847e+00,1.533653721389999873e+02
1.106874999999999964e+01,-3.640242684039999954e+00,1.521870770509999886e+02
1.107499999999999929e+01,-3.549517082349999963e+00,1.513923174290000020e+02
1.108125000000000071e+01,-3.494928815589999793e+00,1.508224432119999960e+02
1.108750000000000036e+01,-3.492878886769999802e+00,1.501751724309999929e+02
1.109375000000000000e+01,-3.533436589779999970e+00,1.492341710160000048e+02
1.109999999999999964e+01,-3.570374794040000133e+00,1.479534344170000111e+02
1.110624999999999929e+01,-3.572759904189999780e+00,1.464908575949999943e+02
1.111250000000000071e+01,-3.529012302980000015e+00,1.450427465790000099e+02
1.111875000000000036e+01,-3.453516546569999957e+00,1.438260867140000130e+02
1.112500000000000000e+01,-3.383483092900000155e+00,1.429298402370000076e+02
1.113124999999999964e+01,-3.342979527669999840e+00,1.422525257679999982e+02
1.113749999999999929e+01,-3.348794195780000038e+00,1.415465116489999957e+02
1.114375000000000071e+01,-3.383598377149999781e+00,1.405713643429999991e+02
1.115000000000000036e+01,-3.422756944410000113e+00,1.392633970820000116e+02
1.115625000000000000e+01,-3.426839529640000048e+00,1.377482429499999910e+02
1.116249999999999964e+01,-3.386687943920000166e+00,1.362628663030000098e+02
1.116874999999999929e+01,-3.323209070389999908e+00,1.350238048230000061e+02
1.117500000000000071e+01,-3.251251791280000081e+00,1.341802652259999888e+02
1.118125000000000036e+01,-3.205345411330000172e+00,1.335861228050000022e+02
1.118750000000000000e+01,-3.198673105840000197e+00,1.329791559139999890e+02
1.119374999999999964e+01,-3.230934256859999909e+00,1.321191205689999890e+02
1.119999999999999929e+01,-3.274135228170000023e+00,1.309380016899999930e+02
1.120625000000000071e+01,-3.303628565619999957e+00,1.295467636610000000e+02
1.121250000000000036e+01,-3.289483033559999825e+00,1.281691959929999882e+02
1.121875000000000000e+01,-3.237479569060000006e+00,1.269447742809999937e+02
1.122499999999999964e+01,-3.175621887200000160e+00,1.259661864450000053e+02
1.123124999999999929e+01,-3.134901899409999970e+00,1.251949175759999946e+02
1.123750000000000071e+01,-3.125008853349999782e+00,1.244350405010000031e+02
1.124375000000000036e+01,-3.153827024059999928e+00,1.234645336610000044e+02
1.125000000000000000e+01,-3.200677257889999794e+00,1.223083837230000057e+02
1.125624999999999964e+01,-3.225569115529999920e+00,1.211045293420000064e+02
1.126249999999999929e+01,-3.200066883729999923e+00,1.198545844439999968e+02
1.126875000000000071e+01,-3.147509985840000191e+00,1.186870245260000019e+02
1.127500000000000036e+01,-3.104124282099999910e+00,1.177473674489999951e+02
1.128125000000000000e+01,-3.071832633960000170e+00,1.170224063099999938e+02
1.128749999999999964e+01,-3.071247550199999843e+00,1.162178371690000063e+02
1.129374999999999929e+01,-3.116109653320000117e+00,1.152338771480000048e+02
1.130000000000000071e+01,-3.163846873519999825e+00,1.141914810880000033e+02
1.130625000000000036e+01,-3.165012905869999837e+00,1.129867984010000015e+02
1.131250000000000000e+01,-3.132943404350000183e+00,1.116347845810000052e+02
1.131874999999999964e+01,-3.091187577469999948e+00,1.104304476810000040e+02
1.132499999999999929e+01,-3.048675767519999802e+00,1.096091155240000035e+02
1.133125000000000071e+01,-3.019732059899999932e+00,1.089162081879999988e+02
1.133750000000000036e+01,-3.043046340450000109e+00,1.081919644890000001e+02
1.134375000000000000e+01,-3.091898613810000196e+00,1.074362999800000011e+02
1.134999999999999964e+01,-3.126046684229999872e+00,1.064401871059999962e+02
1.135624999999999929e+01,-3.131017809259999840e+00,1.051259784300000035e+02
1.136250000000000071e+01,-3.120887847240000124e+00,1.037413824570000003e+02
1.136875000000000036e+01,-3.085628504619999823e+00,1.025718556390000060e+02
1.137500000000000000e+01,-3.039631390359999852e+00,1.016890117250000003e+02
1.138124999999999964e+01,-3.017144355310000137e+00,1.010096821350000056e+02
1.138749999999999929e+01,-3.031694437790000141e+00,1.004169434540000054e+02
1.139375000000000071e+01,-3.067648338610000192e+00,9.964931091590000278e+01
1.140000000000000036e+01,-3.112261977370000210e+00,9.859204827940000371e+01
1.140625000000000000e+01,-3.136495772860000031e+00,9.727133606949999489e+01
1.141249999999999964e+01,-3.132179068230000141e+00,9.584497345319999795e+01
1.141874999999999929e+01,-3.098410949809999870e+00,9.457521960859999410e+01
1.142500000000000071e+01,-3.058125170669999893e+00,9.364332213779999847e+01
1.143125000000000036e+01,-3.023749646729999796e+00,9.298987227349999785e+01
1.143750000000000000e+01,-3.024212618910000039e+00,9.240227073110000333e+01
1.144374999999999964e+01,-3.063923666290000014e+00,9.169106523620000360e+01
1.144999999999999929e+01,-3.116148338099999915e+00,9.079994303659999844e+01
1.145625000000000071e+01,-3.145073106699999954e+00,8.963828536760000532e+01
1.146250000000000036e+01,-3.138260554429999960e+00,8.826789830490000099e+01
1.146875000000000000e+01,-3.115682912190000042e+00,8.694466172049999386e+01
1.147499999999999964e+01,-3.086358677359999803e+00,8.595455624529999739e+01
1.148124999999999929e+01,-3.056996249060000004e+00,8.528080740270000604e+01
1.148750000000000071e+01,-3.060991276789999826e+00,8.467708512490000317e+01
1.149375000000000036e+01,-3.110928018890000146e+00,8.399839702170000066e+01
1.150000000000000000e+01,-3.169426219240000009e+00,8.319372157460000494e+01
1.150624999999999964e+01,-3.192442186420000105e+00,8.195176851889999625e+01
1.151249999999999929e+01,-3.192250139660000041e+00,8.034271114470000441e+01
1.151875000000000071e+01,-3.187616123479999786e+00,7.877100850150000610e+01
1.152500000000000036e+01,-3.161256233620000078e+00,7.769578862810000430e+01
1.153125000000000000e+01,-3.102109897010000061e+00,7.696869912770000610e+01
1.153749999999999964e+01,-3.090953385460000202e+00,7.636251182029999995e+01
1.154374999999999929e+01,-3.131905405639999973e+00,7.602378747000000203e+01
1.155000000000000071e+01,-3.150441516349999915e+00,7.555554976259999478e+01
1.155625000000000036e+01,-3.168880067829999980e+00,7.444863827250000554e+01
1.156250000000000000e+01,-3.209520159829999830e+00,7.292678583730000241e+01
1.156874999999999964e+01,-3.248503238070000076e+00,7.154207591750000006e+01
1.157499999999999929e+01,-3.236866801110000136e+00,7.054817141179999851e+01
1.158125000000000071e+01,-3.188290676829999892e+00,6.961218339920000631e+01
1.158750000000000036e+01,-3.191984301979999827e+00,6.892889286499999457e+01
1.159375000000000000e+01,-3.201956076630000148e+00,6.851512455770000543e+01
1.159999999999999964e+01,-3.203412269110000210e+00,6.775784732569999846e+01
1.160624999999999929e+01,-3.244166644109999886e+00,6.647797944849999396e+01
1.161250000000000071e+01,-3.310136852399999885e+00,6.501533211059999928e+01
1.161875000000000036e+01,-3.343692133019999790e+00,6.374110509439999817e+01
1.162500000000000000e+01,-3.308385192129999819e+00,6.263377569320000049e+01
1.163124999999999964e+01,-3.265979419349999802e+00,6.164412703459999676e+01
1.163749999999999929e+01,-3.251867253859999973e+00,6.105052550300000291e+01
1.164375000000000071e+01,-3.257608875779999913e+00,6.060165842459999652e+01
1.165000000000000036e+01,-3.280603927840000100e+00,5.984627608510000130e+01
1.165625000000000000e+01,-3.345533672529999780e+00,5.870470705559999658e+01
1.166249999999999964e+01,-3.418239331990000185e+00,5.732494751809999656e+01
1.166874999999999929e+01,-3.451464249279999841e+00,5.594044874429999936e+01
1.167500000000000071e+01,-3.423107737930000116e+00,5.466330303099999810e+01
1.168125000000000036e+01,-3.375168610429999827e+00,5.365481044349999706e+01
1.168750000000000000e+01,-3.338148125110000031e+00,5.301155732990000047e+01
1.169374999999999964e+01,-3.330482757730000021e+00,5.259261139310000033e+01
1.169999999999999929e+01,-3.359135578710000125e+00,5.205814981470000191e+01
1.170625000000000071e+01,-3.422686696900000047e+00,5.110099827269999651e+01
1.171250000000000036e+01,-3.510217068239999794e+00,4.975283501370000039e+01
1.171875000000000000e+01,-3.575193440310000081e+00,4.829788703149999662e+01
1.172499999999999964e+01,-3.562314558909999818e+00,4.696481253820000035e+01
1.173124999999999929e+01,-3.500337583859999935e+00,4.575155156070000118e+01
1.173750000000000071e+01,-3.460588475209999793e+00,4.488422101569999967e+01
1.174375000000000036e+01,-3.440179088689999887e+00,4.447273105240000035e+01
1.175000000000000000e+01,-3.436375501770000174e+00,4.397598791859999778e+01
