2.999999999999999737e-04,-9.273377133689999358e-03,3.311487468490000030e-02
5.029924999999999674e-02,3.828669730439999974e-03,-2.777846688459999935e+00
1.002984999999999988e-01,8.660735070169999720e-04,-5.386850670670000341e+00
1.502977500000000077e-01,-2.498584939029999900e-03,-8.033191394699999321e+00
2.002970000000000028e-01,-1.371970671689999978e-03,-1.067863233909999998e+01
2.502962499999999979e-01,2.103563662860000096e-03,-1.338329755770000062e+01
3.002954999999999930e-01,2.412831425249999974e-03,-1.605860258819999942e+01
3.502947499999999881e-01,-2.145364970609999790e-03,-1.865071140539999917e+01
4.002939999999999832e-01,-3.043510735800000061e-03,-2.133232442650000138e+01
4.502932499999999783e-01,-1.279409001189999937e-03,-2.400089178609999863e+01
5.002925000000000288e-01,-3.350820208140000041e-03,-2.667726047980000104e+01
5.502917499999999684e-01,-8.887616444119999549e-04,-2.933012096259999879e+01
6.002910000000000190e-01,2.194189716109999947e-04,-3.201754238560000232e+01
6.502902499999999586e-01,-5.187294670999999767e-03,-3.475923450429999662e+01
7.002895000000000092e-01,-1.016694855739999973e-02,-3.741312515749999790e+01
7.502887499999999488e-01,-5.639440122069999846e-03,-4.005517841860000061e+01
8.002879999999999994e-01,1.148628836380000042e-03,-4.280438153640000110e+01
8.502872500000000500e-01,-5.348540668539999553e-04,-4.549375644719999912e+01
9.002864999999999895e-01,-9.698234679929999477e-03,-4.819479315809999775e+01
9.502857500000000401e-01,-6.496612693149999770e-03,-5.087984506360000125e+01
1.000285000000000091e+00,-4.668257179149999832e-03,-5.370695510689999708e+01
1.050284250000000030e+00,-8.525501973969999703e-03,-5.637144573089999966e+01
1.100283499999999970e+00,-1.158609974009999939e-02,-5.905654033310000273e+01
1.150282749999999909e+00,-8.196054292670000574e-03,-6.165107616569999749e+01
1.200282000000000071e+00,-3.346445768340000106e-03,-6.446031602450000264e+01
1.250281250000000011e+00,-9.845715778979999971e-03,-6.731568805979999581e+01
1.300280499999999950e+00,-1.094632970800000007e-02,-6.983362576010000566e+01
1.350279749999999890e+00,-6.210141057260000312e-03,-7.249641081369999540e+01
1.400279000000000051e+00,-5.735697749689999854e-03,-7.528318559330000426e+01
1.450278249999999991e+00,-7.213539571629999994e-03,-7.820432418730000279e+01
1.500277499999999931e+00,-1.216574271669999992e-02,-8.085434516700000529e+01
1.550276750000000092e+00,-1.181536806470000027e-02,-8.348603905410000436e+01
1.600276000000000032e+00,-6.204381514879999879e-03,-8.635234175140000445e+01
1.650275249999999971e+00,-8.668715797930000300e-03,-8.902036792849999358e+01
1.700274499999999911e+00,-1.203275566579999935e-02,-9.183679750470000158e+01
1.750273750000000073e+00,-1.098051539430000036e-02,-9.465521599369999706e+01
1.800273000000000012e+00,-2.032565697520000159e-03,-9.738001447640000663e+01
1.850272249999999952e+00,-8.667142257849999240e-03,-1.001233262850000045e+02
1.900271499999999891e+00,-1.934750395790000091e-02,-1.028863481629999939e+02
1.950270750000000053e+00,-7.334608439829999951e-03,-1.055569245279999961e+02
2.000269999999999992e+00,-6.775494398249999779e-03,-1.085047654050000006e+02
2.050269249999999932e+00,-5.616827056869999613e-03,-1.113430519439999955e+02
2.100268499999999872e+00,-2.240636273159999844e-02,-1.140017023319999936e+02
2.150267749999999811e+00,-2.072477105639999873e-02,-1.168028950060000000e+02
2.200267000000000195e+00,-1.057029020989999971e-02,-1.196617580310000051e+02
2.250266250000000134e+00,-2.441532233779999863e-03,-1.226612358149999977e+02
2.300265500000000074e+00,-1.305498442059999965e-02,-1.253506746110000023e+02
2.350264750000000014e+00,-1.896168160289999835e-02,-1.281319481859999883e+02
2.400263999999999953e+00,-2.236733435049999968e-02,-1.310701062480000019e+02
2.450263249999999893e+00,-1.281393150989999959e-02,-1.338695063279999999e+02
2.500262499999999832e+00,-7.610575352360000184e-03,-1.367421840970000062e+02
2.550261750000000216e+00,-1.306123150359999978e-02,-1.397521144350000100e+02
2.600261000000000156e+00,-2.707994276460000058e-02,-1.425101549990000080e+02
2.650260250000000095e+00,-3.007154750260000037e-02,-1.453751358920000030e+02
2.700259500000000035e+00,-2.345709372039999838e-02,-1.481826354590000108e+02
2.750258749999999974e+00,-1.860592388160000124e-02,-1.512222583850000035e+02
2.800257999999999914e+00,-2.691997980689999834e-02,-1.542111803280000117e+02
2.850257249999999853e+00,-4.072579926469999806e-02,-1.571835612799999922e+02
2.900256499999999793e+00,-2.633553207990000158e-02,-1.599257632540000031e+02
2.950255750000000177e+00,-2.955060128060000083e-02,-1.628083016610000016e+02
3.000255000000000116e+00,-2.506404278760000076e-02,-1.658457692119999933e+02
3.050254250000000056e+00,-1.571573175680000128e-02,-1.687751561860000038e+02
3.100253499999999995e+00,-2.713582489829999972e-02,-1.716412214119999931e+02
3.150252749999999935e+00,-4.467566975639999938e-02,-1.746400241700000038e+02
3.200251999999999875e+00,-5.234763241200000167e-02,-1.773951742090000039e+02
3.250251249999999814e+00,-4.178204747449999756e-02,1.795031637559999922e+02
3.300250500000000198e+00,-2.300403048869999884e-02,1.764207635420000031e+02
3.350249750000000137e+00,-1.980900457609999915e-02,1.733450388429999975e+02
3.400249000000000077e+00,-4.026754086440000047e-02,1.705600236630000097e+02
3.450248250000000017e+00,-6.864393363309999330e-02,1.678433892410000112e+02
3.500247499999999956e+00,-4.882989111759999945e-02,1.649436947499999917e+02
3.550246749999999896e+00,-2.409345731690000145e-02,1.617741077279999899e+02
3.600245999999999835e+00,-4.243793829340000018e-02,1.587428203169999961e+02
3.650245250000000219e+00,-7.465517368589999481e-02,1.555753845810000087e+02
3.700244500000000158e+00,-7.588016459570000316e-02,1.529756739970000012e+02
3.750243750000000098e+00,-4.143190574510000057e-02,1.500780209049999883e+02
3.800243000000000038e+00,-1.375439742179999925e-02,1.466988645870000028e+02
3.850242249999999977e+00,-6.501802392409999909e-02,1.437330503480000061e+02
3.900241499999999917e+00,-8.963555632990000133e-02,1.410304115220000085e+02
3.950240749999999856e+00,-6.925856226759999346e-02,1.380550001350000002e+02
4.000239999999999796e+00,-4.792375925850000246e-02,1.348274039689999881e+02
4.050239249999999736e+00,-7.083945524159999951e-02,1.320115334589999918e+02
4.100238499999999675e+00,-8.084365827009999672e-02,1.291305552169999942e+02
4.150237749999999615e+00,-6.547646754659999790e-02,1.259785645940000052e+02
4.200237000000000442e+00,-6.999726656270000014e-02,1.227961859990000022e+02
4.250236250000000382e+00,-9.611865726939999854e-02,1.197035946599999932e+02
4.300235500000000322e+00,-1.008877827319999976e-01,1.167623296290000070e+02
4.350234750000000261e+00,-7.655215557330000142e-02,1.138687921880000005e+02
4.400234000000000201e+00,-4.321408982379999764e-02,1.105087306000000069e+02
4.450233250000000140e+00,-8.852023686319999973e-02,1.073688235049999946e+02
4.500232500000000080e+00,-1.439845779699999995e-01,1.044719081989999978e+02
4.550231750000000019e+00,-1.280561760520000092e-01,1.016338133969999973e+02
4.600230999999999959e+00,-7.720779987329999539e-02,9.847965294540000514e+01
4.650230249999999899e+00,-8.556196985889999440e-02,9.534620331060000353e+01
4.700229499999999838e+00,-1.710360268680000129e-01,9.229534901700000660e+01
4.750228749999999778e+00,-1.677562976199999945e-01,8.888135761639999544e+01
4.800227999999999717e+00,-9.902414341159999911e-02,8.611133433489999334e+01
4.850227249999999657e+00,-8.584041508919999786e-02,8.260647578089999854e+01
4.900226499999999596e+00,-1.391385115579999998e-01,7.956012045639999997e+01
4.950225750000000424e+00,-1.723131885860000045e-01,7.681683101289999627e+01
5.000225000000000364e+00,-1.482049186759999970e-01,7.337085293120000529e+01
5.050224250000000303e+00,-1.085095244899999950e-01,7.037626279820000263e+01
5.100223500000000243e+00,-1.343555895509999931e-01,6.689602755609999463e+01
5.150222750000000183e+00,-2.108371457840000074e-01,6.383389830189999969e+01
5.200222000000000122e+00,-1.758577403280000007e-01,6.087877550990000231e+01
5.250221250000000062e+00,-1.446172258760000107e-01,5.723341288579999997e+01
5.300220500000000001e+00,-1.906982020959999968e-01,5.340233603400000106e+01
5.350219749999999941e+00,-1.948220345539999898e-01,5.119442014610000058e+01
5.400218999999999880e+00,-1.957383992550000007e-01,4.821022205330000077e+01
5.450218249999999820e+00,-1.725499223670000082e-01,4.464148025770000316e+01
5.500217499999999760e+00,-1.449371868909999916e-01,4.095138324420000231e+01
5.550216749999999699e+00,-2.330004368960000016e-01,3.716489671949999973e+01
5.600215999999999639e+00,-2.875140215770000118e-01,3.419458322389999694e+01
5.650215249999999578e+00,-2.202021474939999945e-01,3.029790216560000005e+01
5.700214500000000406e+00,-2.145942288780000040e-01,2.801153483759999929e+01
5.750213750000000346e+00,-1.523059520850000015e-01,2.379780158799999867e+01
5.800213000000000285e+00,-1.944232580699999935e-01,2.064619464580000141e+01
5.850212250000000225e+00,-2.895157562940000040e-01,1.788933999809999875e+01
5.900211500000000164e+00,-2.382425464190000008e-01,1.388247205200000067e+01
5.950210750000000104e+00,-2.850737795680000075e-01,9.969534947159999660e+00
6.000210000000000043e+00,-2.900413683670000076e-01,6.516661642419999900e+00
6.050209249999999983e+00,-2.930631875899999961e-01,3.190039168529999802e+00
6.100208499999999923e+00,-2.281797010040000073e-01,-1.605381560190000112e-01
6.150207749999999862e+00,-2.235041005129999869e-01,-3.914849287810000078e+00
6.200206999999999802e+00,-3.106179636829999868e-01,-7.518680640560000406e+00
6.250206249999999741e+00,-3.268559345279999917e-01,-1.064785448019999947e+01
6.300205499999999681e+00,-2.731928504650000256e-01,-1.408652864619999967e+01
6.350204749999999621e+00,-2.557744402630000025e-01,-1.772283176499999868e+01
6.400203999999999560e+00,-3.630208123529999886e-01,-2.206271463719999915e+01
6.450203250000000388e+00,-3.992304765910000275e-01,-2.536965408309999859e+01
6.500202500000000327e+00,-3.862142242200000131e-01,-2.857470558229999824e+01
6.550201750000000267e+00,-2.743756044699999785e-01,-3.257157364510000264e+01
6.600201000000000207e+00,-3.039214607599999840e-01,-3.685468618059999812e+01
6.650200250000000146e+00,-4.229800135419999885e-01,-4.095719504209999684e+01
6.700199500000000086e+00,-4.716883942080000169e-01,-4.397386300750000032e+01
6.750198750000000025e+00,-3.911032965169999875e-01,-4.773240149770000329e+01
6.800197999999999965e+00,-3.816346283939999751e-01,-5.195515984090000217e+01
6.850197249999999904e+00,-4.461633186780000204e-01,-5.629425125440000244e+01
6.900196499999999844e+00,-5.536187190839999550e-01,-5.983739250600000048e+01
6.950195749999999784e+00,-5.144622458309999757e-01,-6.385271323770000151e+01
7.000194999999999723e+00,-4.505647784410000134e-01,-6.833385834499999589e+01
7.050194249999999663e+00,-5.411099592100000466e-01,-7.262662416300000245e+01
7.100193499999999602e+00,-6.339432393530000098e-01,-7.643267856539999627e+01
7.150192750000000430e+00,-5.832105424969999952e-01,-8.073755810759999463e+01
7.200192000000000370e+00,-5.247333462990000363e-01,-8.552846957840000641e+01
7.250191250000000309e+00,-6.112664507699999694e-01,-8.997836891590000619e+01
7.300190500000000249e+00,-7.636468157419999958e-01,-9.417111679350000486e+01
7.350189750000000188e+00,-8.213934874920000295e-01,-9.817894064280000066e+01
7.400189000000000128e+00,-7.215997905630000542e-01,-1.028203180290000063e+02
7.450188250000000068e+00,-7.133259108749999688e-01,-1.088910715930000066e+02
7.500187500000000007e+00,-8.770522685889999837e-01,-1.140987044759999947e+02
7.550186749999999947e+00,-1.079216379420000038e+00,-1.176340924339999958e+02
7.600185999999999886e+00,-1.055335458030000062e+00,-1.216837686110000050e+02
7.650185249999999826e+00,-9.702096689179999789e-01,-1.278561776089999995e+02
7.700184499999999765e+00,-1.133602478790000090e+00,-1.339925067959999865e+02
7.750183749999999705e+00,-1.382010152679999937e+00,-1.382971456180000018e+02
7.800182999999999645e+00,-1.505726785900000086e+00,-1.425107341730000030e+02
7.850182249999999584e+00,-1.384313110259999924e+00,-1.479144786630000112e+02
7.900181500000000412e+00,-1.499411273500000030e+00,-1.540149655589999895e+02
7.950180750000000351e+00,-1.762243970469999921e+00,-1.600880144879999989e+02
8.000180000000000291e+00,-2.039806296210000092e+00,-1.643240581150000139e+02
8.050179249999999342e+00,-2.004718439439999944e+00,-1.693272535499999947e+02
8.100178500000000170e+00,-2.048306734140000085e+00,-1.755727458700000057e+02
8.150177749999999222e+00,-2.363730992339999837e+00,1.784037151070000107e+02
8.200177000000000049e+00,-2.743466344169999793e+00,1.735461830270000121e+02
8.250176250000000877e+00,-2.885459960429999970e+00,1.688820547969999950e+02
8.300175499999999928e+00,-2.882974890739999907e+00,1.627283691389999944e+02
8.350174750000000756e+00,-3.260953475590000039e+00,1.555095366280000064e+02
8.400173999999999808e+00,-3.799647392969999871e+00,1.500402529090000030e+02
8.450173250000000635e+00,-4.128822401909999940e+00,1.466051003949999938e+02
8.500172499999999687e+00,-4.075369637159999670e+00,1.405917701509999915e+02
8.550171750000000515e+00,-4.423503883419999561e+00,1.340162741640000093e+02
8.600170999999999566e+00,-5.140292674590000388e+00,1.270717143309999955e+02
8.650170250000000394e+00,-5.868495954720000185e+00,1.234537704819999959e+02
8.700169499999999445e+00,-6.107343130820000354e+00,1.198225443630000058e+02
8.750168750000000273e+00,-6.150823303500000172e+00,1.125485953870000060e+02
8.800167999999999324e+00,-6.917511419910000292e+00,1.048920169889999983e+02
8.850167250000000152e+00,-8.045098862630000625e+00,1.009622159030000006e+02
8.900166499999999203e+00,-8.564278988719999930e+00,1.003625352650000053e+02
8.950165750000000031e+00,-8.613186613190000784e+00,9.444400168490000169e+01
9.000165000000000859e+00,-9.169629864870000091e+00,8.605351079769999956e+01
9.050164249999999910e+00,-1.083696684979999958e+01,8.107211360399999478e+01
9.100163500000000738e+00,-1.183776863489999975e+01,8.422531374829999606e+01
9.150162749999999789e+00,-1.175099556039999982e+01,8.319333265859999926e+01
9.200162000000000617e+00,-1.187187347569999929e+01,7.128539834800000108e+01
9.250161249999999669e+00,-1.398787930950000025e+01,6.395285814710000238e+01
9.300160500000000496e+00,-1.632301280989999981e+01,7.116622124740000288e+01
9.350159749999999548e+00,-1.583196420199999999e+01,7.905856144919999906e+01
9.400159000000000376e+00,-1.542896401209999979e+01,6.970754362879999633e+01
9.450158249999999427e+00,-1.756493433289999828e+01,5.520059552840000094e+01
9.500157500000000255e+00,-2.205250422050000125e+01,6.942115763920000404e+01
9.550156749999999306e+00,-2.036858826519999965e+01,9.467380040790000351e+01
9.600156000000000134e+00,-1.801863350709999878e+01,8.254124862829999643e+01
9.650155249999999185e+00,-2.045443818189999874e+01,6.805437257350000380e+01
9.700154500000000013e+00,-2.508686515719999832e+01,8.982590282419999994e+01
9.750153750000000841e+00,-2.083520155309999922e+01,1.108252310719999940e+02
9.800152999999999892e+00,-1.786374480719999980e+01,9.447483404599999801e+01
9.850152250000000720e+00,-2.068129091329999980e+01,8.006782556800000350e+01
9.900151499999999771e+00,-2.461398321860000138e+01,9.902273335820000000e+01
9.950150750000000599e+00,-1.968588479960000015e+01,1.195045468550000010e+02
1.000014999999999965e+01,-1.726308092820000084e+01,9.962095792220000590e+01
1.005014925000000048e+01,-2.003019236540000136e+01,7.985999816550000219e+01
1.010014849999999953e+01,-2.546106965910000142e+01,1.054818924439999961e+02
1.015014775000000036e+01,-1.994429347739999869e+01,1.250768135040000004e+02
1.020014699999999941e+01,-1.672022953959999825e+01,1.027808414760000062e+02
1.025014625000000024e+01,-1.818553652559999989e+01,7.767923607230000016e+01
1.030014549999999929e+01,-2.430430485990000022e+01,8.809573774259999368e+01
1.035014475000000012e+01,-1.987729540160000141e+01,1.225388632140000027e+02
1.040014399999999917e+01,-1.660266477229999893e+01,1.018474387669999999e+02
1.045014324999999999e+01,-1.687635066400000028e+01,7.450058823659999518e+01
1.050014250000000082e+01,-2.116909777540000093e+01,6.092964960980000200e+01
1.055014174999999987e+01,-2.260977256720000028e+01,9.802074664030000406e+01
1.060014100000000070e+01,-1.634449980300000149e+01,9.284476910489999568e+01
1.065014024999999975e+01,-1.539740645660000062e+01,6.011754680260000328e+01
1.070013950000000058e+01,-1.986696171690000057e+01,2.958902963319999913e+01
1.075013874999999963e+01,-2.478447255120000037e+01,5.615745163180000077e+01
1.080013800000000046e+01,-1.894069151509999926e+01,7.026831939609999722e+01
1.085013724999999951e+01,-1.638997242290000145e+01,3.616275223059999888e+01
1.090013650000000034e+01,-1.676690303049999997e+01,-5.071241534760000391e+00
1.095013574999999939e+01,-2.227563841719999971e+01,-4.135896664980000281e+01
1.100013500000000022e+01,-2.736098286809999891e+01,2.683888129680000034e+01
1.105013424999999927e+01,-1.886317392770000012e+01,7.145036265479999926e+00
1.110013350000000010e+01,-1.529308546540000080e+01,-3.453281851090000032e+01
1.115013274999999915e+01,-1.647749327460000046e+01,-7.774657548929999962e+01
1.120013199999999998e+01,-2.129112032120000109e+01,-1.024681927919999964e+02
1.125013125000000080e+01,-2.139225072469999844e+01,-5.012654710319999651e+01
1.130013049999999986e+01,-1.472016210680000015e+01,-6.031135093910000222e+01
1.135012975000000068e+01,-1.264308907260000048e+01,-9.498816592650000246e+01
1.140012899999999973e+01,-1.425136621529999914e+01,-1.238065472309999961e+02
1.145012825000000056e+01,-1.846093660340000042e+01,-1.139541579689999935e+02
1.150012749999999961e+01,-1.399446721560000029e+01,-9.447992725100000655e+01
1.155012675000000044e+01,-1.055054929189999946e+01,-1.129337858070000067e+02
1.160012599999999949e+01,-1.040452932090000004e+01,-1.380082512820000034e+02
1.165012525000000032e+01,-1.365606573180000005e+01,-1.485344513569999947e+02
1.170012449999999937e+01,-1.339468449259999971e+01,-1.231281710330000010e+02
1.175012375000000020e+01,-9.036283302170000198e+00,-1.312889214909999964e+02
1.180012299999999925e+01,-8.117509222340000719e+00,-1.550340486210000108e+02
1.185012225000000008e+01,-1.026500213289999941e+01,-1.698870542669999963e+02
1.190012149999999913e+01,-1.209189351879999919e+01,-1.512303433529999950e+02
1.195012074999999996e+01,-8.676103783949999482e+00,-1.469269184849999874e+02
1.200012000000000079e+01,-6.877885353429999959e+00,-1.663391782219999868e+02
1.205011924999999984e+01,-7.833904020030000304e+00,1.736250300849999917e+02
1.210011850000000067e+01,-1.073110208770000007e+01,1.763947524239999893e+02
1.215011774999999972e+01,-8.924842566780000652e+00,-1.636541896539999925e+02
1.220011700000000054e+01,-6.152293939169999781e+00,-1.760706905620000100e+02
1.225011624999999960e+01,-6.221353410279999885e+00,1.602913555389999942e+02
1.230011550000000042e+01,-9.142624646870000760e+00,1.536996378629999924e+02
1.235011474999999947e+01,-9.552068991000000509e+00,1.768265358859999878e+02
1.240011400000000030e+01,-5.932630825610000436e+00,1.717420299100000136e+02
1.245011324999999935e+01,-5.329908597760000255e+00,1.511887088050000045e+02
1.250011250000000018e+01,-7.393672618580000133e+00,1.346128811910000138e+02
1.255011174999999923e+01,-9.774924117290000325e+00,1.535037203359999864e+02
1.260011100000000006e+01,-6.175169407180000292e+00,1.618356591959999946e+02
1.265011024999999911e+01,-4.615657386969999720e+00,1.397857502610000040e+02
1.270010949999999994e+01,-6.408059201450000408e+00,1.182049587260000010e+02
1.275010875000000077e+01,-9.841185991159999702e+00,1.294915110830000060e+02
1.280010799999999982e+01,-6.951796599819999756e+00,1.501447981739999875e+02
1.285010725000000065e+01,-4.349388606209999786e+00,1.304682867530000010e+02
1.290010649999999970e+01,-5.296961660820000084e+00,1.048587504590000066e+02
1.295010575000000053e+01,-9.848906098329999637e+00,1.026289043200000037e+02
1.300010499999999958e+01,-8.301662511050000859e+00,1.344504043459999991e+02
1.305010425000000041e+01,-4.575739834440000209e+00,1.207228813300000070e+02
1.310010349999999946e+01,-4.761302163999999948e+00,9.381049794650000706e+01
1.315010275000000028e+01,-8.680737252109999247e+00,8.016503343509999979e+01
1.320010199999999934e+01,-1.042561107719999924e+01,1.144037807149999963e+02
1.325010125000000016e+01,-5.428276853689999903e+00,1.114582621419999953e+02
1.330010049999999922e+01,-4.597110344379999880e+00,8.426182575990000601e+01
1.335009975000000004e+01,-8.361310519970000854e+00,5.972606181799999803e+01
1.340009900000000087e+01,-1.293281305150000016e+01,8.730970754749999685e+01
1.345009824999999992e+01,-6.554955013989999912e+00,1.027149483740000022e+02
1.350009750000000075e+01,-4.734533263440000361e+00,7.302673008269999855e+01
1.355009674999999980e+01,-7.198034896230000257e+00,4.374036686640000227e+01
1.360009600000000063e+01,-1.499679689719999942e+01,5.058173839199999833e+01
1.365009524999999968e+01,-8.788134222760000114e+00,9.277759099429999878e+01
1.370009450000000051e+01,-5.131048335790000081e+00,6.616820052799999985e+01
1.375009374999999956e+01,-6.381730191930000018e+00,2.943994760760000062e+01
1.380009300000000039e+01,-1.334484471080000034e+01,3.936795860550000192e+00
1.385009224999999944e+01,-1.323584198910000076e+01,8.860613969509999777e+01
1.390009150000000027e+01,-6.627832831490000132e+00,6.157126744749999858e+01
1.395009074999999932e+01,-6.204833923009999808e+00,1.899719027500000124e+01
1.400009000000000015e+01,-1.156953343059999995e+01,-2.077118367879999994e+01
1.405008924999999920e+01,-2.271543642800000029e+01,8.771832633319999672e+01
1.410008850000000002e+01,-9.140543496579999427e+00,5.776761425170000308e+01
1.415008775000000085e+01,-7.128645084150000422e+00,9.570820942850000179e+00
1.420008699999999990e+01,-1.021122380369999938e+01,-3.954739492470000073e+01
1.425008625000000073e+01,-2.301957126710000168e+01,-1.353359489960000133e+02
1.430008549999999978e+01,-1.267924278949999994e+01,6.713328565630000355e+01
1.435008475000000061e+01,-9.090577689990000820e+00,4.546341617550000436e+00
1.440008399999999966e+01,-9.871013664270000376e+00,-5.900600106990000171e+01
1.445008325000000049e+01,-1.359415650719999924e+01,-1.468589095869999994e+02
1.450008249999999954e+01,-1.418404754840000059e+01,1.063279374130000008e+02
1.455008175000000037e+01,-1.222878780389999953e+01,8.687531756280000295e+00
1.460008099999999942e+01,-1.089086174310000033e+01,-7.651350692549999621e+01
1.465008025000000025e+01,-9.175293513259999756e+00,-1.589152127289999896e+02
1.470007949999999930e+01,-9.795426694299999681e+00,1.289249946809999869e+02
1.475007875000000013e+01,-1.407779995479999968e+01,4.980518088649999697e+01
1.480007799999999918e+01,-1.444251638219999911e+01,-8.644329890279999518e+01
1.485007725000000001e+01,-7.560986569759999831e+00,-1.723109605699999918e+02
1.490007650000000083e+01,-6.229406583490000315e+00,1.323802313379999873e+02
1.495007574999999989e+01,-9.663748471890000857e+00,8.230635686680000163e+01
1.500007500000000071e+01,-3.239546724670000089e+01,-1.551312554030000115e+02
1.505007424999999976e+01,-7.816293203909999932e+00,1.680108346250000011e+02
1.510007350000000059e+01,-4.084188426679999928e+00,1.249346347989999941e+02
1.515007274999999964e+01,-5.904963839419999694e+00,8.588812632089999966e+01
1.520007200000000047e+01,-1.451734520900000014e+01,7.671010666780000520e+01
1.525007124999999952e+01,-8.528586887399999483e+00,1.417313668740000026e+02
1.530007050000000035e+01,-3.001181835680000187e+00,1.118737948590000002e+02
1.535006974999999940e+01,-3.213852950210000170e+00,7.818174295800000095e+01
1.540006900000000023e+01,-8.490919505869999995e+00,5.779550835180000234e+01
1.545006824999999928e+01,-9.014818109240000155e+00,1.128210133839999969e+02
1.550006750000000011e+01,-2.535884848839999872e+00,1.008130044149999947e+02
1.555006674999999916e+01,-1.365667189959999916e+00,6.853503091330000530e+01
1.560006599999999999e+01,-4.866958701479999760e+00,4.332315597190000034e+01
1.565006525000000082e+01,-9.765995024969999605e+00,7.666753462169999978e+01
1.570006449999999987e+01,-2.850504941850000140e+00,8.862961150729999815e+01
1.575006375000000070e+01,-5.423678023669999959e-01,6.051270286900000173e+01
1.580006299999999975e+01,-2.312273374520000147e+00,3.354561639279999952e+01
1.585006225000000057e+01,-8.182484691149999989e+00,3.936216794690000143e+01
1.590006149999999963e+01,-4.085867103830000069e+00,7.367366646889999515e+01
1.595006075000000045e+01,-4.092526486590000179e-01,5.064266221710000337e+01
1.600006000000000128e+01,-1.120444792000000023e+00,2.388579931310000148e+01
1.605005925000000033e+01,-5.486108309659999627e+00,1.684181723349999871e+01
1.610005849999999938e+01,-5.064282787629999838e+00,5.684076572749999912e+01
1.615005774999999844e+01,-6.858657448539999812e-01,4.049505930450000335e+01
1.620005700000000104e+01,-4.653037509710000186e-01,1.332705211530000078e+01
1.625005625000000009e+01,-4.243282549569999951e+00,-1.047131162979999974e+00
1.630005549999999914e+01,-6.193934677649999720e+00,2.981328433559999880e+01
1.635005475000000175e+01,-1.720737216060000074e+00,2.586321914710000058e+01
1.640005400000000080e+01,-1.598985908830000136e-01,3.704523900680000281e+01
1.645005324999999985e+01,-2.647779554530000024e+00,-6.957869450689999624e+00
1.650005249999999890e+01,-5.979664007770000289e+00,1.405721798040000081e+01
1.655005175000000150e+01,-1.335877207230000030e+00,2.273037369940000119e+01
1.660005100000000056e+01,6.863545244919999622e-01,-1.389430033460000047e+00
1.665005024999999961e+01,-9.550521080449999589e-01,-2.525046481349999894e+01
1.670004949999999866e+01,-5.897292398790000334e+00,-1.543903305339999932e+01
1.675004875000000126e+01,-2.733959331709999940e+00,8.615162020350000560e+00
1.680004800000000031e+01,2.800528819570000105e-01,-7.101492646949999710e+00
1.685004724999999937e+01,-2.101511028680000115e-01,-3.301682999650000028e+01
1.690004649999999842e+01,-4.162978721550000039e+00,-3.719640938669999741e+01
1.695004575000000102e+01,-3.659784673549999923e+00,-1.062179901969999918e+01
1.700004500000000007e+01,-2.881697060780000208e-01,-1.890379781569999906e+01
1.705004424999999912e+01,9.391580464000000295e-02,-4.042115147469999670e+01
1.710004350000000173e+01,-3.199121038899999991e+00,-5.186667295190000004e+01
1.715004275000000078e+01,-4.035776670399999766e+00,-2.792507281849999856e+01
1.720004199999999983e+01,-6.235046148059999460e-01,-3.026897940850000168e+01
1.725004124999999888e+01,3.385560024059999784e-01,-5.256909822480000116e+01
1.730004050000000149e+01,-2.227494598459999864e+00,-6.909763255090000200e+01
1.735003975000000054e+01,-4.920625717370000096e+00,-4.618148169540000225e+01
1.740003899999999959e+01,-1.044786681740000001e+00,-3.948230841729999696e+01
1.745003824999999864e+01,8.525395597429999972e-01,-6.023182015879999796e+01
1.750003750000000124e+01,-1.004523668780000101e+00,-8.421947499990000097e+01
1.755003675000000030e+01,-5.081212989419999992e+00,-7.291123702349999292e+01
1.760003599999999935e+01,-2.120381846479999943e+00,-5.081818338080000075e+01
1.765003524999999840e+01,4.623849843799999748e-01,-6.869653826169999888e+01
1.770003450000000100e+01,9.545714733500000604e-02,-9.061982705500000179e+01
1.775003375000000005e+01,-3.348798366310000052e+00,-9.816190671690000613e+01
1.780003299999999911e+01,-3.585217681910000120e+00,-7.089535642929999426e+01
1.785003225000000171e+01,-3.839057345740000127e-01,-7.690752711320000401e+01
1.790003150000000076e+01,1.611872619660000006e-01,-9.786618539440000575e+01
1.795003074999999981e+01,-2.458649703839999923e+00,-1.075803727419999944e+02
1.800002999999999886e+01,-3.705988712789999973e+00,-9.166887694499999384e+01
1.805002925000000147e+01,-7.995702397439999887e-01,-8.965943197890000249e+01
1.810002850000000052e+01,3.589789858399999867e-01,-1.101540205910000054e+02
1.815002774999999957e+01,-1.915707490149999970e+00,-1.243539571999999964e+02
1.820002699999999862e+01,-3.664327493570000094e+00,-1.093401129779999934e+02
1.825002625000000123e+01,-5.882470333549999486e-01,-1.003901287479999951e+02
1.830002550000000028e+01,1.742532427669999939e-01,-1.180845326059999962e+02
1.835002474999999933e+01,-6.025435258410000161e-01,-1.421564399270000081e+02
1.840002399999999838e+01,-2.796845298860000106e+00,-1.287533165989999873e+02
1.845002325000000098e+01,-2.499791885280000070e+00,-1.170680358120000051e+02
1.850002250000000004e+01,6.656857855969999793e-02,-1.274415065289999944e+02
1.855002174999999909e+01,-1.091221279300000069e-01,-1.500206793529999914e+02
1.860002100000000169e+01,-3.245723504069999876e+00,-1.570803139589999944e+02
1.865002025000000074e+01,-3.504876979620000110e+00,-1.332738031609999894e+02
1.870001949999999979e+01,-8.940880933689999699e-01,-1.356622317750000093e+02
1.875001874999999885e+01,1.902106645469999954e-02,-1.562021873390000053e+02
1.880001800000000145e+01,-2.041033704949999805e+00,-1.684032899400000076e+02
1.885001725000000050e+01,-3.430598402509999811e+00,-1.572290302639999879e+02
1.890001649999999955e+01,-1.698017000089999895e+00,-1.503631342049999944e+02
1.895001574999999860e+01,-4.345248308219999966e-01,-1.648351829409999993e+02
1.900001500000000121e+01,-1.747483724499999891e+00,-1.777175638280000101e+02
1.905001425000000026e+01,-3.469585377770000090e+00,-1.724962398039999982e+02
1.910001349999999931e+01,-1.904623943690000099e+00,-1.641486828470000034e+02
1.915001274999999836e+01,-4.824003882760000139e-01,-1.769857185189999882e+02
1.920001200000000097e+01,-1.400052869300000058e+00,1.663305016809999870e+02
1.925001125000000002e+01,-3.896884700599999807e+00,1.662914888870000141e+02
1.930001049999999907e+01,-3.054446549840000191e+00,-1.793760611179999955e+02
1.935000975000000167e+01,-7.960767832589999982e-01,1.749026397959999883e+02
1.940000900000000073e+01,-7.897345173580000433e-01,1.556468181019999975e+02
1.945000824999999978e+01,-3.071190517859999858e+00,1.454955381450000118e+02
1.950000749999999883e+01,-4.772679689830000349e+00,1.615423404699999992e+02
1.955000675000000143e+01,-2.138910000420000124e+00,1.645543368509999880e+02
1.960000600000000048e+01,-8.297154095969999643e-01,1.479225568150000072e+02
1.965000524999999953e+01,-2.096432112130000025e+00,1.307359441709999999e+02
1.970000449999999859e+01,-5.182464700659999757e+00,1.335470338899999945e+02
1.975000375000000119e+01,-4.067068147999999717e+00,1.458663467410000010e+02
1.980000300000000024e+01,-2.128421204139999912e+00,1.362367454490000114e+02
1.985000224999999929e+01,-2.730999356899999952e+00,1.173709888249999977e+02
1.990000149999999834e+01,-5.474885515120000434e+00,1.113302060380000000e+02
1.995000075000000095e+01,-5.786441973649999682e+00,1.205904190119999981e+02
2.000000000000000000e+01,-4.321700674239999707e+00,1.171828269899999952e+02
