8.400000000000000355e+00,-7.411978919999999960e+01
8.400124999999999176e+00,-7.279853199999999447e+01
8.400249999999999773e+00,-7.423117159999999615e+01
8.400375000000000369e+00,-7.263518679999999961e+01
8.400499999999999190e+00,-7.458918749999999420e+01
8.400624999999999787e+00,-7.274239690000000280e+01
8.400750000000000384e+00,-7.438798710000000369e+01
8.400874999999999204e+00,-7.370639570000000163e+01
8.400999999999999801e+00,-7.323494180000000142e+01
8.401125000000000398e+00,-7.219947530000000313e+01
8.401249999999999218e+00,-7.429595840000000351e+01
8.401374999999999815e+00,-7.225133710000000065e+01
8.401500000000000412e+00,-7.337222180000000549e+01
8.401624999999999233e+00,-7.343006529999999543e+01
8.401749999999999829e+00,-7.279286729999999750e+01
8.401875000000000426e+00,-7.435318540000000098e+01
8.401999999999999247e+00,-7.490416260000000648e+01
8.402124999999999844e+00,-7.387558780000000525e+01
8.402250000000000441e+00,-7.433826639999999486e+01
8.402374999999999261e+00,-7.352682599999999979e+01
8.402499999999999858e+00,-7.324768749999999784e+01
8.402625000000000455e+00,-7.298890079999999614e+01
8.402749999999999275e+00,-7.237502320000000111e+01
8.402874999999999872e+00,-7.309170500000000459e+01
8.403000000000000469e+00,-7.459529949999999587e+01
8.403124999999999289e+00,-7.421267170000000135e+01
8.403249999999999886e+00,-7.177758350000000576e+01
8.403375000000000483e+00,-7.231705979999999556e+01
8.403499999999999304e+00,-7.147695090000000562e+01
8.403624999999999901e+00,-7.175349099999999680e+01
8.403750000000000497e+00,-7.267167469999999696e+01
8.403874999999999318e+00,-7.160504550000000279e+01
8.403999999999999915e+00,-7.224997679999999889e+01
8.404125000000000512e+00,-7.196396110000000590e+01
8.404249999999999332e+00,-7.293631019999999410e+01
8.404374999999999929e+00,-7.197206289999999740e+01
8.404500000000000526e+00,-7.324919970000000546e+01
8.404624999999999346e+00,-7.150418009999999924e+01
8.404749999999999943e+00,-7.140097609999999406e+01
8.404875000000000540e+00,-7.289419959999999321e+01
8.404999999999999361e+00,-7.196494049999999731e+01
8.405124999999999957e+00,-7.306308490000000688e+01
8.405250000000000554e+00,-7.128413390000000049e+01
8.405374999999999375e+00,-7.297696229999999673e+01
8.405499999999999972e+00,-7.294088630000000251e+01
8.405625000000000568e+00,-7.358276800000000151e+01
8.405749999999999389e+00,-7.306426199999999938e+01
8.405874999999999986e+00,-7.254947199999999441e+01
8.406000000000000583e+00,-7.039520600000000172e+01
8.406124999999999403e+00,-7.272635280000000080e+01
8.406250000000000000e+00,-7.141110329999999351e+01
8.406375000000000597e+00,-7.405150079999999946e+01
8.406499999999999417e+00,-7.165789979999999559e+01
8.406625000000000014e+00,-7.273345890000000225e+01
8.406750000000000611e+00,-7.298907189999999900e+01
8.406874999999999432e+00,-7.177778179999999963e+01
8.407000000000000028e+00,-7.278761780000000670e+01
8.407125000000000625e+00,-7.193029950000000383e+01
8.407249999999999446e+00,-7.194420019999999738e+01
8.407375000000000043e+00,-7.196892490000000464e+01
8.407500000000000639e+00,-7.247687279999999532e+01
8.407624999999999460e+00,-7.184428929999999980e+01
8.407750000000000057e+00,-7.130354859999999917e+01
8.407875000000000654e+00,-7.247194720000000245e+01
8.407999999999999474e+00,-7.063276249999999834e+01
8.408125000000000071e+00,-7.140384849999999517e+01
8.408250000000000668e+00,-7.120240149999999346e+01
8.408374999999999488e+00,-7.101603950000000509e+01
8.408500000000000085e+00,-7.107246349999999779e+01
8.408625000000000682e+00,-7.120942349999999976e+01
8.408749999999999503e+00,-7.224351910000000032e+01
8.408875000000000099e+00,-7.075093769999999438e+01
8.409000000000000696e+00,-7.219135380000000168e+01
8.409124999999999517e+00,-7.271378040000000453e+01
8.409250000000000114e+00,-7.225793899999999326e+01
8.409375000000000711e+00,-7.118926620000000582e+01
8.409499999999999531e+00,-7.103487140000000011e+01
8.409625000000000128e+00,-7.321985739999999510e+01
8.409750000000000725e+00,-7.037303699999999651e+01
8.409874999999999545e+00,-7.157226239999999962e+01
8.410000000000000142e+00,-7.251900129999999933e+01
8.410125000000000739e+00,-7.215529680000000212e+01
8.410249999999999559e+00,-6.878762759999999332e+01
8.410375000000000156e+00,-7.106326839999999834e+01
8.410500000000000753e+00,-7.071428950000000668e+01
8.410624999999999574e+00,-7.126368850000000066e+01
8.410750000000000171e+00,-7.061646819999999991e+01
8.410875000000000767e+00,-7.070382189999999412e+01
8.410999999999999588e+00,-7.006511399999999412e+01
8.411125000000000185e+00,-7.137087950000000092e+01
8.411250000000000782e+00,-7.131710110000000213e+01
8.411374999999999602e+00,-6.961062939999999344e+01
8.411500000000000199e+00,-7.008897890000000075e+01
8.411625000000000796e+00,-7.049226679999999590e+01
8.411749999999999616e+00,-7.008164659999999913e+01
8.411875000000000213e+00,-7.084152419999999495e+01
8.412000000000000810e+00,-7.039981330000000526e+01
8.412124999999999631e+00,-7.058400810000000547e+01
8.412250000000000227e+00,-7.075480949999999325e+01
8.412375000000000824e+00,-7.102450199999999825e+01
8.412499999999999645e+00,-7.092638909999999441e+01
8.412625000000000242e+00,-6.984931430000000319e+01
8.412750000000000838e+00,-6.952993949999999757e+01
8.412874999999999659e+00,-7.062196090000000481e+01
8.413000000000000256e+00,-7.105658939999999291e+01
8.413125000000000853e+00,-7.087883080000000291e+01
8.413249999999999673e+00,-6.998051700000000608e+01
8.413375000000000270e+00,-6.963254419999999811e+01
8.413500000000000867e+00,-6.937386200000000258e+01
8.413624999999999687e+00,-6.923032460000000299e+01
8.413750000000000284e+00,-6.981694039999999291e+01
8.413875000000000881e+00,-6.925958450000000255e+01
8.413999999999999702e+00,-6.932620989999999495e+01
8.414125000000000298e+00,-6.978559970000000590e+01
8.414249999999999119e+00,-6.846621430000000430e+01
8.414374999999999716e+00,-7.023578750000000070e+01
8.414500000000000313e+00,-6.849418660000000614e+01
8.414624999999999133e+00,-6.857931619999999384e+01
8.414749999999999730e+00,-7.026813950000000375e+01
8.414875000000000327e+00,-6.845933630000000392e+01
8.414999999999999147e+00,-6.906677790000000527e+01
8.415124999999999744e+00,-6.822331819999999425e+01
8.415250000000000341e+00,-6.908033109999999510e+01
8.415374999999999162e+00,-6.777392030000000034e+01
8.415499999999999758e+00,-6.900754190000000676e+01
8.415625000000000355e+00,-6.843947889999999745e+01
8.415749999999999176e+00,-6.759482350000000395e+01
8.415874999999999773e+00,-6.747370619999999519e+01
8.416000000000000369e+00,-6.795424979999999948e+01
8.416124999999999190e+00,-6.895748609999999701e+01
8.416249999999999787e+00,-6.777478729999999985e+01
8.416375000000000384e+00,-6.950374469999999860e+01
8.416499999999999204e+00,-6.722491589999999917e+01
8.416624999999999801e+00,-6.737902359999999646e+01
8.416750000000000398e+00,-6.692078990000000260e+01
8.416874999999999218e+00,-6.817892589999999586e+01
8.416999999999999815e+00,-6.610772400000000459e+01
8.417125000000000412e+00,-6.707720530000000281e+01
8.417249999999999233e+00,-6.674823189999999329e+01
8.417374999999999829e+00,-6.822956150000000264e+01
8.417500000000000426e+00,-6.654125779999999679e+01
8.417624999999999247e+00,-6.623705040000000110e+01
8.417749999999999844e+00,-6.681252419999999859e+01
8.417875000000000441e+00,-6.624482469999999523e+01
8.417999999999999261e+00,-6.667977630000000033e+01
8.418124999999999858e+00,-6.674946669999999926e+01
8.418250000000000455e+00,-6.625870190000000548e+01
8.418374999999999275e+00,-6.623631319999999789e+01
8.418499999999999872e+00,-6.622422589999999332e+01
8.418625000000000469e+00,-6.550425740000000019e+01
8.418749999999999289e+00,-6.448975900000000649e+01
8.418874999999999886e+00,-6.519747270000000583e+01
8.419000000000000483e+00,-6.433184620000000109e+01
8.419124999999999304e+00,-6.583595339999999396e+01
8.419249999999999901e+00,-6.401068170000000634e+01
8.419375000000000497e+00,-6.459719719999999654e+01
8.419499999999999318e+00,-6.362313400000000030e+01
8.419624999999999915e+00,-6.416384600000000660e+01
8.419750000000000512e+00,-6.429775750000000301e+01
8.419874999999999332e+00,-6.360163450000000296e+01
8.419999999999999929e+00,-6.389670739999999682e+01
8.420125000000000526e+00,-6.358214999999999861e+01
8.420249999999999346e+00,-6.331204110000000185e+01
8.420374999999999943e+00,-6.239015059999999835e+01
8.420500000000000540e+00,-6.324827849999999785e+01
8.420624999999999361e+00,-6.293978010000000012e+01
8.420749999999999957e+00,-6.273510900000000134e+01
8.420875000000000554e+00,-6.138445049999999981e+01
8.420999999999999375e+00,-6.052775789999999745e+01
8.421124999999999972e+00,-6.052812010000000242e+01
8.421250000000000568e+00,-6.009626999999999697e+01
8.421374999999999389e+00,-6.056865390000000104e+01
8.421499999999999986e+00,-6.033476439999999741e+01
8.421625000000000583e+00,-6.067773849999999669e+01
8.421749999999999403e+00,-5.965368999999999744e+01
8.421875000000000000e+00,-5.916114319999999793e+01
8.422000000000000597e+00,-5.904703769999999707e+01
8.422124999999999417e+00,-5.899938840000000084e+01
8.422250000000000014e+00,-5.898888720000000063e+01
8.422375000000000611e+00,-5.865778430000000299e+01
8.422499999999999432e+00,-5.874403089999999850e+01
8.422625000000000028e+00,-5.824829239999999686e+01
8.422750000000000625e+00,-5.844318220000000252e+01
8.422874999999999446e+00,-5.799468799999999646e+01
8.423000000000000043e+00,-5.813292220000000299e+01
8.423125000000000639e+00,-5.859787200000000240e+01
8.423249999999999460e+00,-5.966345299999999696e+01
8.423375000000000057e+00,-6.021200100000000077e+01
8.423500000000000654e+00,-6.022781890000000260e+01
8.423624999999999474e+00,-6.027956269999999961e+01
8.423750000000000071e+00,-6.031622589999999917e+01
8.423875000000000668e+00,-6.085461229999999944e+01
8.423999999999999488e+00,-6.115165410000000179e+01
8.424125000000000085e+00,-6.217684719999999743e+01
8.424250000000000682e+00,-6.258733629999999692e+01
8.424374999999999503e+00,-6.330151130000000137e+01
8.424500000000000099e+00,-6.304321070000000304e+01
8.424625000000000696e+00,-6.272631109999999666e+01
8.424749999999999517e+00,-6.277687300000000192e+01
8.424875000000000114e+00,-6.368067320000000109e+01
8.425000000000000711e+00,-6.467405030000000465e+01
8.425124999999999531e+00,-6.640867049999999949e+01
8.425250000000000128e+00,-6.735165329999999528e+01
8.425375000000000725e+00,-6.871010689999999954e+01
8.425499999999999545e+00,-6.867598560000000418e+01
8.425625000000000142e+00,-6.928083279999999888e+01
8.425750000000000739e+00,-6.881106619999999907e+01
8.425874999999999559e+00,-6.908668910000000096e+01
8.426000000000000156e+00,-6.947057030000000566e+01
8.426125000000000753e+00,-7.068506669999999303e+01
8.426249999999999574e+00,-7.123836059999999293e+01
8.426375000000000171e+00,-7.101403399999999522e+01
8.426500000000000767e+00,-7.167529639999999347e+01
8.426624999999999588e+00,-7.286052770000000578e+01
8.426750000000000185e+00,-7.212403249999999844e+01
8.426875000000000782e+00,-7.272152470000000335e+01
8.426999999999999602e+00,-7.098353109999999333e+01
8.427125000000000199e+00,-7.408680970000000343e+01
8.427250000000000796e+00,-7.393565890000000707e+01
8.427374999999999616e+00,-7.709005510000000072e+01
8.427500000000000213e+00,-7.388010130000000686e+01
8.427625000000000810e+00,-7.482070849999999496e+01
8.427749999999999631e+00,-7.904834130000000414e+01
8.427875000000000227e+00,-7.567203430000000708e+01
8.428000000000000824e+00,-7.818610219999999345e+01
8.428124999999999645e+00,-7.950045860000000175e+01
8.428250000000000242e+00,-7.499419829999999365e+01
8.428375000000000838e+00,-7.844904379999999833e+01
8.428499999999999659e+00,-8.236507240000000252e+01
8.428625000000000256e+00,-8.284667439999999772e+01
8.428750000000000853e+00,-7.729219740000000627e+01
8.428874999999999673e+00,-8.087399130000000014e+01
8.429000000000000270e+00,-7.887407229999999458e+01
8.429125000000000867e+00,-7.990472029999999393e+01
8.429249999999999687e+00,-8.001905940000000328e+01
8.429375000000000284e+00,-8.255889860000000624e+01
8.429500000000000881e+00,-7.997324879999999325e+01
8.429624999999999702e+00,-8.277607299999999668e+01
8.429750000000000298e+00,-8.360948419999999714e+01
8.429874999999999119e+00,-7.660917589999999677e+01
8.429999999999999716e+00,-7.786803120000000433e+01
8.430125000000000313e+00,-8.700427469999999630e+01
8.430249999999999133e+00,-8.576976399999999501e+01
8.430374999999999730e+00,-8.500092829999999822e+01
8.430500000000000327e+00,-8.910839439999999456e+01
8.430624999999999147e+00,-8.075578099999999893e+01
8.430749999999999744e+00,-9.164512329999999452e+01
8.430875000000000341e+00,-8.623083789999999738e+01
8.430999999999999162e+00,-8.559379619999999989e+01
8.431124999999999758e+00,-8.532750350000000594e+01
8.431250000000000355e+00,-8.714052949999999953e+01
8.431374999999999176e+00,-9.471688489999999661e+01
8.431499999999999773e+00,-8.222622450000000072e+01
8.431625000000000369e+00,-9.113683079999999848e+01
8.431749999999999190e+00,-1.054624320000000068e+02
8.431874999999999787e+00,-8.268982040000000211e+01
8.432000000000000384e+00,-8.179985650000000419e+01
8.432124999999999204e+00,-9.214701999999999771e+01
8.432249999999999801e+00,-8.095815570000000605e+01
8.432375000000000398e+00,-8.669157079999999382e+01
8.432499999999999218e+00,-8.963963230000000237e+01
8.432624999999999815e+00,-8.703839779999999848e+01
8.432750000000000412e+00,-7.704495470000000523e+01
8.432874999999999233e+00,-9.327050950000000284e+01
8.432999999999999829e+00,-8.267918950000000677e+01
8.433125000000000426e+00,-8.436985359999999901e+01
8.433249999999999247e+00,-8.312356939999999383e+01
8.433374999999999844e+00,-8.287707319999999811e+01
8.433500000000000441e+00,-8.270732119999999554e+01
8.433624999999999261e+00,-8.125070139999999697e+01
8.433749999999999858e+00,-9.576295190000000446e+01
8.433875000000000455e+00,-8.807725709999999708e+01
8.433999999999999275e+00,-8.473957660000000658e+01
8.434124999999999872e+00,-7.849528800000000217e+01
8.434250000000000469e+00,-7.997710390000000302e+01
8.434374999999999289e+00,-8.323819159999999329e+01
8.434499999999999886e+00,-8.180393359999999348e+01
8.434625000000000483e+00,-8.088638559999999700e+01
8.434749999999999304e+00,-8.801217929999999967e+01
8.434874999999999901e+00,-8.319039019999999596e+01
8.435000000000000497e+00,-8.394966630000000407e+01
8.435124999999999318e+00,-8.235428279999999290e+01
8.435249999999999915e+00,-8.457455000000000211e+01
8.435375000000000512e+00,-8.431113670000000582e+01
8.435499999999999332e+00,-7.740456319999999835e+01
8.435624999999999929e+00,-8.051568659999999511e+01
8.435750000000000526e+00,-7.945122159999999667e+01
8.435874999999999346e+00,-7.899739660000000185e+01
8.435999999999999943e+00,-7.823809889999999712e+01
8.436125000000000540e+00,-7.922034739999999431e+01
8.436249999999999361e+00,-7.813879249999999388e+01
8.436374999999999957e+00,-8.220047730000000286e+01
8.436500000000000554e+00,-7.768566330000000164e+01
8.436624999999999375e+00,-7.681665610000000299e+01
8.436749999999999972e+00,-7.715227070000000253e+01
8.436875000000000568e+00,-7.792581760000000202e+01
8.436999999999999389e+00,-7.943639849999999569e+01
8.437124999999999986e+00,-8.213192399999999793e+01
8.437250000000000583e+00,-8.320817089999999894e+01
8.437374999999999403e+00,-8.057475680000000295e+01
8.437500000000000000e+00,-7.850268010000000629e+01
8.437625000000000597e+00,-7.908672210000000291e+01
8.437749999999999417e+00,-7.854794760000000053e+01
8.437875000000000014e+00,-7.966077799999999343e+01
8.438000000000000611e+00,-8.295484530000000234e+01
8.438124999999999432e+00,-8.074976650000000689e+01
8.438250000000000028e+00,-7.791800630000000183e+01
8.438375000000000625e+00,-7.587483279999999297e+01
8.438499999999999446e+00,-7.860091110000000469e+01
8.438625000000000043e+00,-7.754399039999999843e+01
8.438750000000000639e+00,-7.743886960000000386e+01
8.438874999999999460e+00,-7.575378240000000574e+01
8.439000000000000057e+00,-7.706132230000000050e+01
8.439125000000000654e+00,-7.897058649999999602e+01
8.439249999999999474e+00,-7.822952990000000284e+01
8.439375000000000071e+00,-7.942846079999999631e+01
8.439500000000000668e+00,-7.854944670000000428e+01
8.439624999999999488e+00,-7.915052749999999548e+01
8.439750000000000085e+00,-7.712352269999999521e+01
8.439875000000000682e+00,-7.534690310000000579e+01
8.439999999999999503e+00,-7.857459439999999518e+01
8.440125000000000099e+00,-8.059185429999999428e+01
8.440250000000000696e+00,-7.814258949999999970e+01
8.440374999999999517e+00,-7.611550459999999418e+01
8.440500000000000114e+00,-7.842779769999999928e+01
8.440625000000000711e+00,-7.580275640000000692e+01
8.440749999999999531e+00,-7.841255850000000294e+01
8.440875000000000128e+00,-7.891845290000000546e+01
8.441000000000000725e+00,-7.657460879999999293e+01
8.441124999999999545e+00,-7.520385910000000251e+01
8.441250000000000142e+00,-7.742478359999999782e+01
8.441375000000000739e+00,-7.682578589999999963e+01
8.441499999999999559e+00,-7.456567080000000658e+01
8.441625000000000156e+00,-7.643159570000000258e+01
8.441750000000000753e+00,-7.316700640000000533e+01
8.441874999999999574e+00,-7.644911460000000147e+01
8.442000000000000171e+00,-7.790552529999999365e+01
8.442125000000000767e+00,-7.802381929999999954e+01
8.442249999999999588e+00,-7.531508900000000040e+01
8.442375000000000185e+00,-7.614855280000000448e+01
8.442500000000000782e+00,-7.600652540000000101e+01
8.442624999999999602e+00,-7.984167119999999329e+01
8.442750000000000199e+00,-7.798928130000000181e+01
8.442875000000000796e+00,-7.550666990000000567e+01
8.442999999999999616e+00,-7.784269170000000315e+01
8.443125000000000213e+00,-7.686984259999999836e+01
8.443250000000000810e+00,-7.766398039999999980e+01
8.443374999999999631e+00,-7.415045879999999556e+01
8.443500000000000227e+00,-7.331449639999999590e+01
8.443625000000000824e+00,-7.525315609999999822e+01
8.443749999999999645e+00,-7.279165059999999698e+01
8.443875000000000242e+00,-7.438907709999999440e+01
8.444000000000000838e+00,-7.550953160000000253e+01
8.444124999999999659e+00,-7.909715649999999698e+01
8.444250000000000256e+00,-7.447690029999999695e+01
8.444375000000000853e+00,-7.654975279999999316e+01
8.444499999999999673e+00,-7.306469819999999515e+01
8.444625000000000270e+00,-7.432939039999999409e+01
8.444750000000000867e+00,-7.369997259999999528e+01
8.444874999999999687e+00,-7.180730060000000492e+01
8.445000000000000284e+00,-7.382780859999999734e+01
8.445125000000000881e+00,-7.963662340000000484e+01
8.445249999999999702e+00,-7.530294790000000660e+01
8.445375000000000298e+00,-7.272410460000000398e+01
8.445499999999999119e+00,-7.302228289999999333e+01
8.445624999999999716e+00,-7.625059389999999837e+01
8.445750000000000313e+00,-7.454783940000000086e+01
8.445874999999999133e+00,-7.573916730000000541e+01
8.445999999999999730e+00,-7.536109910000000411e+01
8.446125000000000327e+00,-7.341483250000000282e+01
8.446249999999999147e+00,-7.425292749999999842e+01
8.446374999999999744e+00,-7.430061019999999417e+01
8.446500000000000341e+00,-7.589823309999999879e+01
8.446624999999999162e+00,-7.336840700000000481e+01
8.446749999999999758e+00,-7.247571360000000595e+01
8.446875000000000355e+00,-7.477559800000000223e+01
8.446999999999999176e+00,-7.755831700000000239e+01
8.447124999999999773e+00,-7.479664590000000146e+01
8.447250000000000369e+00,-7.298434679999999730e+01
8.447374999999999190e+00,-7.689691890000000285e+01
8.447499999999999787e+00,-7.279189209999999832e+01
8.447625000000000384e+00,-7.394660419999999590e+01
8.447749999999999204e+00,-7.223804830000000265e+01
8.447874999999999801e+00,-7.219250289999999382e+01
8.448000000000000398e+00,-7.698452949999999362e+01
8.448124999999999218e+00,-7.389887930000000438e+01
8.448249999999999815e+00,-7.305211389999999483e+01
8.448375000000000412e+00,-7.416223960000000659e+01
8.448499999999999233e+00,-7.494411709999999971e+01
8.448624999999999829e+00,-7.279642789999999763e+01
8.448750000000000426e+00,-7.254018109999999808e+01
8.448874999999999247e+00,-7.453061660000000188e+01
8.448999999999999844e+00,-7.273336639999999420e+01
8.449125000000000441e+00,-7.428980020000000195e+01
8.449249999999999261e+00,-6.987301259999999559e+01
8.449374999999999858e+00,-7.416495630000000006e+01
8.449500000000000455e+00,-7.526990560000000130e+01
8.449624999999999275e+00,-7.268533709999999814e+01
8.449749999999999872e+00,-7.394156549999999584e+01
8.449875000000000469e+00,-7.435018370000000232e+01
8.449999999999999289e+00,-7.564795180000000130e+01
8.450124999999999886e+00,-7.411943379999999593e+01
8.450250000000000483e+00,-7.170387049999999363e+01
8.450374999999999304e+00,-7.384068689999999435e+01
8.450499999999999901e+00,-7.124474139999999522e+01
8.450625000000000497e+00,-7.377469150000000297e+01
8.450749999999999318e+00,-7.497971680000000561e+01
8.450874999999999915e+00,-7.263555399999999906e+01
8.451000000000000512e+00,-7.296737589999999329e+01
8.451124999999999332e+00,-7.352248480000000086e+01
8.451249999999999929e+00,-7.364283410000000174e+01
8.451375000000000526e+00,-7.092107070000000135e+01
8.451499999999999346e+00,-7.354702399999999329e+01
8.451624999999999943e+00,-7.318903779999999415e+01
8.451750000000000540e+00,-7.207222609999999463e+01
8.451874999999999361e+00,-7.101515120000000536e+01
8.451999999999999957e+00,-7.369833199999999351e+01
8.452125000000000554e+00,-7.221716569999999535e+01
8.452249999999999375e+00,-7.200087310000000684e+01
8.452374999999999972e+00,-7.327686769999999683e+01
8.452500000000000568e+00,-7.297480880000000525e+01
8.452624999999999389e+00,-7.422798650000000009e+01
8.452749999999999986e+00,-7.209821560000000318e+01
8.452875000000000583e+00,-7.110416539999999941e+01
8.452999999999999403e+00,-7.216349069999999699e+01
8.453125000000000000e+00,-7.294896479999999883e+01
8.453250000000000597e+00,-7.422030440000000340e+01
8.453374999999999417e+00,-7.317819400000000485e+01
8.453500000000000014e+00,-7.252105389999999829e+01
8.453625000000000611e+00,-7.258696589999999560e+01
8.453749999999999432e+00,-7.165470929999999328e+01
8.453875000000000028e+00,-7.117084970000000510e+01
8.454000000000000625e+00,-7.330910950000000526e+01
8.454124999999999446e+00,-7.506311940000000504e+01
8.454250000000000043e+00,-7.182406720000000178e+01
8.454375000000000639e+00,-7.260531799999999691e+01
8.454499999999999460e+00,-7.324497409999999320e+01
8.454625000000000057e+00,-7.345262830000000065e+01
8.454750000000000654e+00,-7.170647200000000510e+01
8.454874999999999474e+00,-7.139400849999999821e+01
8.455000000000000071e+00,-7.142419189999999674e+01
8.455125000000000668e+00,-7.124040370000000166e+01
8.455249999999999488e+00,-7.150014869999999689e+01
8.455375000000000085e+00,-7.359032700000000204e+01
8.455500000000000682e+00,-7.138411010000000090e+01
8.455624999999999503e+00,-7.061305720000000008e+01
8.455750000000000099e+00,-7.204903430000000242e+01
8.455875000000000696e+00,-7.177451179999999908e+01
8.455999999999999517e+00,-7.448907450000000097e+01
8.456125000000000114e+00,-7.209729140000000314e+01
8.456250000000000711e+00,-7.283110080000000153e+01
8.456374999999999531e+00,-7.102054979999999773e+01
8.456500000000000128e+00,-7.183233989999999380e+01
8.456625000000000725e+00,-7.077099200000000678e+01
8.456749999999999545e+00,-7.268120720000000290e+01
8.456875000000000142e+00,-7.232492779999999755e+01
8.457000000000000739e+00,-7.304943020000000331e+01
8.457124999999999559e+00,-7.297867329999999697e+01
8.457250000000000156e+00,-7.293067460000000324e+01
8.457375000000000753e+00,-7.166089139999999702e+01
8.457499999999999574e+00,-7.125218519999999955e+01
8.457625000000000171e+00,-7.041693390000000363e+01
8.457750000000000767e+00,-7.251510700000000043e+01
8.457874999999999588e+00,-7.096082499999999982e+01
8.458000000000000185e+00,-7.142331880000000410e+01
8.458125000000000782e+00,-7.165255940000000123e+01
8.458249999999999602e+00,-7.522599490000000344e+01
8.458375000000000199e+00,-7.270097900000000379e+01
8.458500000000000796e+00,-7.182263919999999757e+01
8.458624999999999616e+00,-7.284930749999999477e+01
8.458750000000000213e+00,-7.373850349999999310e+01
8.458875000000000810e+00,-7.197621650000000670e+01
8.458999999999999631e+00,-7.189290850000000432e+01
8.459125000000000227e+00,-7.041947079999999914e+01
8.459250000000000824e+00,-7.047849209999999687e+01
8.459374999999999645e+00,-7.121090010000000348e+01
8.459500000000000242e+00,-7.090134270000000072e+01
8.459625000000000838e+00,-7.124619920000000661e+01
8.459749999999999659e+00,-7.135086300000000392e+01
8.459875000000000256e+00,-7.132271199999999567e+01
8.460000000000000853e+00,-7.034491850000000568e+01
8.460124999999999673e+00,-7.154803939999999329e+01
8.460250000000000270e+00,-7.092921889999999507e+01
8.460375000000000867e+00,-7.060960590000000536e+01
8.460499999999999687e+00,-7.100391779999999642e+01
8.460625000000000284e+00,-7.128755479999999523e+01
8.460750000000000881e+00,-7.226743439999999907e+01
8.460874999999999702e+00,-6.979767929999999865e+01
8.461000000000000298e+00,-7.011025399999999763e+01
8.461124999999999119e+00,-7.098414900000000216e+01
8.461249999999999716e+00,-7.071684989999999971e+01
8.461375000000000313e+00,-7.025741340000000434e+01
8.461499999999999133e+00,-7.081520360000000380e+01
8.461624999999999730e+00,-7.134926149999999723e+01
8.461750000000000327e+00,-7.056331889999999873e+01
8.461874999999999147e+00,-7.011568110000000331e+01
8.461999999999999744e+00,-6.997813490000000058e+01
8.462125000000000341e+00,-7.132370860000000334e+01
8.462249999999999162e+00,-7.169845019999999636e+01
8.462374999999999758e+00,-7.041492150000000549e+01
8.462500000000000355e+00,-6.867344119999999918e+01
8.462624999999999176e+00,-6.946415709999999422e+01
8.462749999999999773e+00,-7.065991409999999462e+01
8.462875000000000369e+00,-7.029098670000000482e+01
8.462999999999999190e+00,-7.004523840000000234e+01
8.463124999999999787e+00,-6.966570869999999616e+01
8.463250000000000384e+00,-7.142470690000000388e+01
8.463374999999999204e+00,-7.124299299999999846e+01
8.463499999999999801e+00,-7.000158899999999562e+01
8.463625000000000398e+00,-7.096214460000000201e+01
8.463749999999999218e+00,-6.996200070000000437e+01
8.463874999999999815e+00,-7.038833859999999731e+01
8.464000000000000412e+00,-6.893506750000000238e+01
8.464124999999999233e+00,-6.939841889999999580e+01
8.464249999999999829e+00,-7.094354909999999848e+01
8.464375000000000426e+00,-6.998195920000000569e+01
8.464499999999999247e+00,-7.013355919999999344e+01
8.464624999999999844e+00,-7.034610229999999831e+01
8.464750000000000441e+00,-6.916372029999999427e+01
8.464874999999999261e+00,-6.915810849999999732e+01
8.464999999999999858e+00,-7.082654399999999839e+01
8.465125000000000455e+00,-6.962523219999999924e+01
8.465249999999999275e+00,-6.964319940000000031e+01
8.465374999999999872e+00,-6.984402140000000259e+01
8.465500000000000469e+00,-7.087985519999999440e+01
8.465624999999999289e+00,-7.000867060000000208e+01
8.465749999999999886e+00,-7.039428619999999626e+01
8.465875000000000483e+00,-6.946686739999999816e+01
8.465999999999999304e+00,-6.896517020000000286e+01
8.466124999999999901e+00,-7.095605319999999949e+01
8.466250000000000497e+00,-6.922114910000000521e+01
8.466374999999999318e+00,-6.969043550000000664e+01
8.466499999999999915e+00,-6.881006829999999752e+01
8.466625000000000512e+00,-6.908130789999999877e+01
8.466749999999999332e+00,-6.928288980000000663e+01
8.466874999999999929e+00,-6.983017460000000654e+01
8.467000000000000526e+00,-7.004674730000000693e+01
8.467124999999999346e+00,-6.961629619999999363e+01
8.467249999999999943e+00,-6.938678570000000434e+01
8.467375000000000540e+00,-6.806355189999999311e+01
8.467499999999999361e+00,-6.958448400000000333e+01
8.467624999999999957e+00,-7.121386800000000505e+01
8.467750000000000554e+00,-6.934536420000000589e+01
8.467874999999999375e+00,-6.944075220000000570e+01
8.467999999999999972e+00,-6.937625939999999503e+01
8.468125000000000568e+00,-6.892790069999999503e+01
8.468249999999999389e+00,-6.970691600000000676e+01
8.468374999999999986e+00,-6.987183849999999552e+01
8.468500000000000583e+00,-6.909058349999999393e+01
8.468624999999999403e+00,-6.911478710000000092e+01
8.468750000000000000e+00,-6.968473819999999819e+01
8.468875000000000597e+00,-6.943841729999999757e+01
8.468999999999999417e+00,-6.928290330000000097e+01
8.469125000000000014e+00,-6.902422260000000165e+01
8.469250000000000611e+00,-6.879875810000000058e+01
8.469374999999999432e+00,-6.918848909999999819e+01
8.469500000000000028e+00,-6.912705300000000364e+01
8.469625000000000625e+00,-6.967218719999999621e+01
8.469749999999999446e+00,-6.897894890000000601e+01
8.469875000000000043e+00,-6.929066339999999968e+01
8.470000000000000639e+00,-6.937503010000000359e+01
8.470124999999999460e+00,-6.893072730000000092e+01
8.470250000000000057e+00,-6.766558510000000126e+01
8.470375000000000654e+00,-6.854877980000000548e+01
8.470499999999999474e+00,-6.861863850000000298e+01
8.470625000000000071e+00,-6.910570169999999735e+01
8.470750000000000668e+00,-6.912219090000000676e+01
8.470874999999999488e+00,-6.926922890000000166e+01
8.471000000000000085e+00,-6.904577100000000200e+01
8.471125000000000682e+00,-6.902540799999999876e+01
8.471249999999999503e+00,-6.827565839999999753e+01
8.471375000000000099e+00,-6.902294720000000439e+01
8.471500000000000696e+00,-6.787106509999999560e+01
8.471624999999999517e+00,-6.826837469999999541e+01
8.471750000000000114e+00,-6.870685100000000034e+01
8.471875000000000711e+00,-6.804107270000000085e+01
8.471999999999999531e+00,-6.840834870000000478e+01
8.472125000000000128e+00,-6.729469480000000203e+01
8.472250000000000725e+00,-6.814399910000000204e+01
8.472374999999999545e+00,-6.907205000000000439e+01
8.472500000000000142e+00,-6.730339730000000031e+01
8.472625000000000739e+00,-6.950302349999999763e+01
8.472749999999999559e+00,-6.868332859999999584e+01
8.472875000000000156e+00,-6.778233409999999992e+01
8.473000000000000753e+00,-6.771280600000000049e+01
8.473124999999999574e+00,-6.870251369999999724e+01
8.473250000000000171e+00,-6.818481579999999553e+01
8.473375000000000767e+00,-6.752315450000000396e+01
8.473499999999999588e+00,-6.729054610000000025e+01
8.473625000000000185e+00,-6.685740680000000680e+01
8.473750000000000782e+00,-6.810563999999999396e+01
8.473874999999999602e+00,-6.783019210000000498e+01
8.474000000000000199e+00,-6.708353769999999372e+01
8.474125000000000796e+00,-6.811500780000000077e+01
8.474249999999999616e+00,-6.866487250000000131e+01
8.474375000000000213e+00,-6.759738919999999496e+01
8.474500000000000810e+00,-6.797235310000000652e+01
8.474624999999999631e+00,-6.793680689999999345e+01
8.474750000000000227e+00,-6.718788759999999627e+01
8.474875000000000824e+00,-6.717717190000000471e+01
8.474999999999999645e+00,-6.790856499999999585e+01
8.475125000000000242e+00,-6.715909019999999430e+01
8.475250000000000838e+00,-6.808483950000000107e+01
8.475374999999999659e+00,-6.707569180000000131e+01
8.475500000000000256e+00,-6.760171429999999759e+01
8.475625000000000853e+00,-6.766057329999999581e+01
8.475749999999999673e+00,-6.659428660000000377e+01
8.475875000000000270e+00,-6.737212200000000450e+01
8.476000000000000867e+00,-6.705190170000000194e+01
8.476124999999999687e+00,-6.780284550000000365e+01
8.476250000000000284e+00,-6.668656509999999571e+01
8.476375000000000881e+00,-6.692519090000000404e+01
8.476499999999999702e+00,-6.611995380000000466e+01
8.476625000000000298e+00,-6.688166710000000137e+01
8.476749999999999119e+00,-6.764927470000000653e+01
8.476874999999999716e+00,-6.738839919999999495e+01
8.477000000000000313e+00,-6.672365299999999877e+01
8.477124999999999133e+00,-6.622168560000000070e+01
8.477249999999999730e+00,-6.660279769999999644e+01
8.477375000000000327e+00,-6.678693490000000565e+01
8.477499999999999147e+00,-6.686709410000000275e+01
8.477624999999999744e+00,-6.647700899999999535e+01
8.477750000000000341e+00,-6.662834080000000370e+01
8.477874999999999162e+00,-6.713637060000000645e+01
8.477999999999999758e+00,-6.466108280000000263e+01
8.478125000000000355e+00,-6.581940480000000093e+01
8.478249999999999176e+00,-6.640463350000000275e+01
8.478374999999999773e+00,-6.581836619999999982e+01
8.478500000000000369e+00,-6.622922560000000658e+01
8.478624999999999190e+00,-6.577851970000000392e+01
8.478749999999999787e+00,-6.622491689999999664e+01
8.478875000000000384e+00,-6.564136419999999816e+01
8.478999999999999204e+00,-6.597789880000000551e+01
8.479124999999999801e+00,-6.576633150000000683e+01
8.479250000000000398e+00,-6.571769290000000296e+01
8.479374999999999218e+00,-6.537538429999999323e+01
8.479499999999999815e+00,-6.571001370000000463e+01
8.479625000000000412e+00,-6.524788709999999980e+01
8.479749999999999233e+00,-6.596945920000000285e+01
8.479874999999999829e+00,-6.568777380000000221e+01
8.480000000000000426e+00,-6.486472650000000328e+01
8.480124999999999247e+00,-6.517562979999999584e+01
8.480249999999999844e+00,-6.600177800000000161e+01
8.480375000000000441e+00,-6.502507789999999943e+01
8.480499999999999261e+00,-6.554819779999999696e+01
8.480624999999999858e+00,-6.514593109999999854e+01
8.480750000000000455e+00,-6.595006300000000010e+01
8.480874999999999275e+00,-6.491330700000000320e+01
8.480999999999999872e+00,-6.600640590000000429e+01
8.481125000000000469e+00,-6.548728549999999871e+01
8.481249999999999289e+00,-6.463038000000000238e+01
8.481374999999999886e+00,-6.500576619999999650e+01
8.481500000000000483e+00,-6.500398660000000461e+01
8.481624999999999304e+00,-6.428481440000000191e+01
8.481749999999999901e+00,-6.505652259999999387e+01
8.481875000000000497e+00,-6.529068329999999776e+01
8.481999999999999318e+00,-6.520670529999999587e+01
8.482124999999999915e+00,-6.528250370000000657e+01
8.482250000000000512e+00,-6.473825390000000368e+01
8.482374999999999332e+00,-6.475781379999999388e+01
8.482499999999999929e+00,-6.554826599999999814e+01
8.482625000000000526e+00,-6.509236780000000522e+01
8.482749999999999346e+00,-6.490007839999999817e+01
8.482874999999999943e+00,-6.468392140000000268e+01
8.483000000000000540e+00,-6.455823379999999645e+01
8.483124999999999361e+00,-6.490116070000000548e+01
8.483249999999999957e+00,-6.464166380000000345e+01
8.483375000000000554e+00,-6.526373309999999606e+01
8.483499999999999375e+00,-6.493963639999999771e+01
8.483624999999999972e+00,-6.470961869999999294e+01
8.483750000000000568e+00,-6.497908400000000029e+01
8.483874999999999389e+00,-6.436570820000000026e+01
8.483999999999999986e+00,-6.458663640000000328e+01
8.484125000000000583e+00,-6.426916199999999435e+01
8.484249999999999403e+00,-6.480088539999999853e+01
8.484375000000000000e+00,-6.478225510000000043e+01
8.484500000000000597e+00,-6.337953980000000342e+01
8.484624999999999417e+00,-6.527010190000000023e+01
8.484750000000000014e+00,-6.324387550000000147e+01
8.484875000000000611e+00,-6.447687530000000322e+01
8.484999999999999432e+00,-6.446709789999999884e+01
8.485125000000000028e+00,-6.435291519999999821e+01
8.485250000000000625e+00,-6.431630810000000054e+01
8.485374999999999446e+00,-6.444852760000000558e+01
8.485500000000000043e+00,-6.379229889999999870e+01
8.485625000000000639e+00,-6.368460470000000129e+01
8.485749999999999460e+00,-6.315664739999999711e+01
8.485875000000000057e+00,-6.398636239999999731e+01
8.486000000000000654e+00,-6.343071750000000009e+01
8.486124999999999474e+00,-6.319657889999999867e+01
8.486250000000000071e+00,-6.406516259999999363e+01
8.486375000000000668e+00,-6.390368420000000071e+01
8.486499999999999488e+00,-6.373802340000000299e+01
8.486625000000000085e+00,-6.364644750000000073e+01
8.486750000000000682e+00,-6.437701010000000679e+01
8.486874999999999503e+00,-6.365255760000000151e+01
8.487000000000000099e+00,-6.331563349999999701e+01
8.487125000000000696e+00,-6.364971649999999670e+01
8.487249999999999517e+00,-6.398502760000000222e+01
8.487375000000000114e+00,-6.332285430000000304e+01
8.487500000000000711e+00,-6.406314679999999839e+01
8.487624999999999531e+00,-6.389447349999999659e+01
8.487750000000000128e+00,-6.347368269999999768e+01
8.487875000000000725e+00,-6.380133239999999972e+01
8.487999999999999545e+00,-6.379961060000000117e+01
8.488125000000000142e+00,-6.301174060000000310e+01
8.488250000000000739e+00,-6.320685069999999683e+01
8.488374999999999559e+00,-6.342983199999999755e+01
8.488500000000000156e+00,-6.261203129999999817e+01
8.488625000000000753e+00,-6.293546070000000014e+01
8.488749999999999574e+00,-6.264606640000000226e+01
8.488875000000000171e+00,-6.302319169999999815e+01
8.489000000000000767e+00,-6.296164830000000023e+01
8.489124999999999588e+00,-6.265870340000000027e+01
8.489250000000000185e+00,-6.246147479999999774e+01
8.489375000000000782e+00,-6.227173810000000032e+01
8.489499999999999602e+00,-6.301924040000000105e+01
8.489625000000000199e+00,-6.241088700000000244e+01
8.489750000000000796e+00,-6.218918399999999735e+01
8.489874999999999616e+00,-6.199797329999999818e+01
8.490000000000000213e+00,-6.213068249999999892e+01
8.490125000000000810e+00,-6.209471899999999778e+01
8.490249999999999631e+00,-6.226609919999999931e+01
8.490375000000000227e+00,-6.213969099999999912e+01
8.490500000000000824e+00,-6.198654429999999849e+01
8.490624999999999645e+00,-6.231323739999999844e+01
8.490750000000000242e+00,-6.210552640000000224e+01
8.490875000000000838e+00,-6.193407479999999765e+01
8.490999999999999659e+00,-6.185511509999999902e+01
8.491125000000000256e+00,-6.179696150000000188e+01
8.491250000000000853e+00,-6.172179620000000000e+01
8.491374999999999673e+00,-6.208424589999999910e+01
8.491500000000000270e+00,-6.217257790000000028e+01
8.491625000000000867e+00,-6.167087800000000186e+01
8.491749999999999687e+00,-6.120924269999999723e+01
8.491875000000000284e+00,-6.189627600000000029e+01
8.492000000000000881e+00,-6.184492720000000077e+01
8.492124999999999702e+00,-6.147725460000000197e+01
8.492250000000000298e+00,-6.155504760000000175e+01
8.492374999999999119e+00,-6.165436410000000222e+01
8.492499999999999716e+00,-6.130312930000000193e+01
8.492625000000000313e+00,-6.098102779999999967e+01
8.492749999999999133e+00,-6.123691720000000061e+01
8.492874999999999730e+00,-6.137814800000000304e+01
8.493000000000000327e+00,-6.104181530000000322e+01
8.493124999999999147e+00,-6.081478919999999988e+01
8.493249999999999744e+00,-6.098555089999999979e+01
8.493375000000000341e+00,-6.112967350000000266e+01
8.493499999999999162e+00,-6.090871190000000013e+01
8.493624999999999758e+00,-6.108469039999999950e+01
8.493750000000000355e+00,-6.102113760000000298e+01
8.493874999999999176e+00,-6.096796090000000135e+01
8.493999999999999773e+00,-6.083843889999999988e+01
8.494125000000000369e+00,-6.019678280000000115e+01
8.494249999999999190e+00,-6.018420439999999871e+01
8.494374999999999787e+00,-6.035914950000000090e+01
8.494500000000000384e+00,-6.042573629999999696e+01
8.494624999999999204e+00,-6.021850100000000339e+01
8.494749999999999801e+00,-6.063148600000000243e+01
8.494875000000000398e+00,-6.030759940000000086e+01
8.494999999999999218e+00,-6.009329939999999937e+01
8.495124999999999815e+00,-5.988935099999999778e+01
8.495250000000000412e+00,-6.031871749999999821e+01
8.495374999999999233e+00,-5.994190009999999802e+01
8.495499999999999829e+00,-6.037882969999999716e+01
8.495625000000000426e+00,-5.970775540000000348e+01
8.495749999999999247e+00,-5.996859769999999656e+01
8.495874999999999844e+00,-5.971170060000000035e+01
8.496000000000000441e+00,-5.960052280000000025e+01
8.496124999999999261e+00,-6.000415929999999776e+01
8.496249999999999858e+00,-5.952126520000000198e+01
8.496375000000000455e+00,-5.904808849999999865e+01
8.496499999999999275e+00,-5.948117799999999988e+01
8.496624999999999872e+00,-5.926863649999999950e+01
8.496750000000000469e+00,-5.935699060000000316e+01
8.496874999999999289e+00,-5.940002950000000226e+01
8.496999999999999886e+00,-5.905878429999999923e+01
8.497125000000000483e+00,-5.909266180000000190e+01
8.497249999999999304e+00,-5.884151159999999692e+01
8.497374999999999901e+00,-5.926331840000000284e+01
8.497500000000000497e+00,-5.876878580000000341e+01
8.497624999999999318e+00,-5.883968250000000211e+01
8.497749999999999915e+00,-5.849648419999999760e+01
8.497875000000000512e+00,-5.878411020000000065e+01
8.497999999999999332e+00,-5.843500399999999928e+01
8.498124999999999929e+00,-5.827822830000000209e+01
8.498250000000000526e+00,-5.852029759999999925e+01
8.498374999999999346e+00,-5.817575620000000214e+01
8.498499999999999943e+00,-5.848950359999999904e+01
8.498625000000000540e+00,-5.821955479999999739e+01
8.498749999999999361e+00,-5.805324829999999992e+01
8.498874999999999957e+00,-5.791912940000000276e+01
8.499000000000000554e+00,-5.803653340000000327e+01
8.499124999999999375e+00,-5.743537489999999934e+01
8.499249999999999972e+00,-5.757749170000000305e+01
8.499375000000000568e+00,-5.729965179999999947e+01
8.499499999999999389e+00,-5.760283720000000329e+01
8.499624999999999986e+00,-5.745122570000000195e+01
8.499750000000000583e+00,-5.720790610000000243e+01
8.499874999999999403e+00,-5.712828869999999881e+01
8.500000000000000000e+00,-5.726543759999999850e+01
8.500125000000000597e+00,-5.666076939999999951e+01
8.500249999999999417e+00,-5.745900220000000047e+01
8.500375000000000014e+00,-5.661906359999999694e+01
8.500500000000000611e+00,-5.666742409999999808e+01
8.500624999999999432e+00,-5.660711169999999726e+01
8.500750000000000028e+00,-5.644985210000000109e+01
8.500875000000000625e+00,-5.658231870000000185e+01
8.500999999999999446e+00,-5.676880810000000110e+01
8.501125000000000043e+00,-5.533154009999999801e+01
8.501250000000000639e+00,-5.582230450000000133e+01
8.501374999999999460e+00,-5.603701759999999865e+01
8.501500000000000057e+00,-5.559424520000000314e+01
8.501625000000000654e+00,-5.503636999999999802e+01
8.501749999999999474e+00,-5.577177470000000170e+01
8.501875000000000071e+00,-5.555731970000000075e+01
8.502000000000000668e+00,-5.418991729999999762e+01
8.502124999999999488e+00,-5.606153549999999797e+01
8.502250000000000085e+00,-5.629537210000000158e+01
8.502375000000000682e+00,-5.527431380000000161e+01
8.502499999999999503e+00,-5.557622169999999784e+01
8.502625000000000099e+00,-5.449709169999999858e+01
8.502750000000000696e+00,-5.497325459999999708e+01
8.502874999999999517e+00,-5.387282830000000189e+01
8.503000000000000114e+00,-5.444957120000000117e+01
8.503125000000000711e+00,-5.465348120000000165e+01
8.503249999999999531e+00,-5.348294190000000015e+01
8.503375000000000128e+00,-5.380812670000000253e+01
8.503500000000000725e+00,-5.374383089999999896e+01
8.503624999999999545e+00,-5.407971899999999721e+01
8.503750000000000142e+00,-5.376917830000000009e+01
8.503875000000000739e+00,-5.364374949999999842e+01
8.503999999999999559e+00,-5.378271989999999647e+01
8.504125000000000156e+00,-5.299220969999999653e+01
8.504250000000000753e+00,-5.297196050000000156e+01
8.504374999999999574e+00,-5.293673580000000101e+01
8.504500000000000171e+00,-5.225351009999999974e+01
8.504625000000000767e+00,-5.245870639999999696e+01
8.504749999999999588e+00,-5.227037899999999837e+01
8.504875000000000185e+00,-5.235166339999999963e+01
8.505000000000000782e+00,-5.196707059999999956e+01
8.505124999999999602e+00,-5.161557109999999682e+01
8.505250000000000199e+00,-5.105682680000000317e+01
8.505375000000000796e+00,-5.149035039999999697e+01
8.505499999999999616e+00,-5.122836370000000272e+01
8.505625000000000213e+00,-5.104481109999999688e+01
8.505750000000000810e+00,-5.084967410000000143e+01
8.505874999999999631e+00,-5.075888570000000044e+01
8.506000000000000227e+00,-5.054603709999999950e+01
8.506125000000000824e+00,-5.014560860000000275e+01
8.506249999999999645e+00,-5.007946669999999756e+01
8.506375000000000242e+00,-5.029672510000000329e+01
8.506500000000000838e+00,-4.982982659999999697e+01
8.506624999999999659e+00,-4.941520560000000017e+01
8.506750000000000256e+00,-4.921699519999999950e+01
8.506875000000000853e+00,-4.895804389999999984e+01
8.506999999999999673e+00,-4.850085550000000012e+01
8.507125000000000270e+00,-4.815666459999999915e+01
8.507250000000000867e+00,-4.819371819999999929e+01
8.507374999999999687e+00,-4.794635360000000190e+01
8.507500000000000284e+00,-4.790726140000000299e+01
8.507625000000000881e+00,-4.775645409999999913e+01
8.507749999999999702e+00,-4.724550550000000015e+01
8.507875000000000298e+00,-4.730936729999999812e+01
8.507999999999999119e+00,-4.688372820000000019e+01
8.508124999999999716e+00,-4.688911660000000126e+01
8.508250000000000313e+00,-4.642653279999999683e+01
8.508374999999999133e+00,-4.609750220000000098e+01
8.508499999999999730e+00,-4.611367930000000115e+01
8.508625000000000327e+00,-4.573106669999999951e+01
8.508749999999999147e+00,-4.573792650000000037e+01
8.508874999999999744e+00,-4.468303680000000355e+01
8.509000000000000341e+00,-4.474580859999999660e+01
8.509124999999999162e+00,-4.430269400000000246e+01
8.509249999999999758e+00,-4.403905100000000061e+01
8.509375000000000355e+00,-4.364810429999999997e+01
8.509499999999999176e+00,-4.335717900000000213e+01
8.509624999999999773e+00,-4.327261349999999851e+01
8.509750000000000369e+00,-4.272877640000000099e+01
8.509874999999999190e+00,-4.235058990000000279e+01
8.509999999999999787e+00,-4.229817450000000179e+01
8.510125000000000384e+00,-4.197794999999999987e+01
8.510249999999999204e+00,-4.148016069999999900e+01
8.510374999999999801e+00,-4.099290750000000116e+01
8.510500000000000398e+00,-4.086401690000000286e+01
8.510624999999999218e+00,-4.053505109999999689e+01
8.510749999999999815e+00,-4.039250090000000171e+01
8.510875000000000412e+00,-4.024252729999999900e+01
8.510999999999999233e+00,-3.993685899999999833e+01
8.511124999999999829e+00,-3.981065259999999739e+01
8.511250000000000426e+00,-3.944003060000000005e+01
8.511374999999999247e+00,-3.948098749999999768e+01
8.511499999999999844e+00,-3.938563950000000347e+01
8.511625000000000441e+00,-3.933195220000000347e+01
8.511749999999999261e+00,-3.939936399999999850e+01
8.511874999999999858e+00,-3.964892110000000258e+01
8.512000000000000455e+00,-3.979106399999999866e+01
8.512124999999999275e+00,-3.986638279999999668e+01
8.512249999999999872e+00,-4.015408970000000011e+01
8.512375000000000469e+00,-4.047377900000000039e+01
8.512499999999999289e+00,-4.066907729999999788e+01
8.512624999999999886e+00,-4.073165310000000261e+01
8.512750000000000483e+00,-4.116935070000000252e+01
8.512874999999999304e+00,-4.152434629999999771e+01
8.512999999999999901e+00,-4.173097039999999680e+01
8.513125000000000497e+00,-4.217476520000000306e+01
8.513249999999999318e+00,-4.241729269999999730e+01
8.513374999999999915e+00,-4.292212119999999942e+01
8.513500000000000512e+00,-4.330923419999999879e+01
8.513624999999999332e+00,-4.351110380000000077e+01
8.513749999999999929e+00,-4.391999810000000082e+01
8.513875000000000526e+00,-4.426221989999999806e+01
8.513999999999999346e+00,-4.432256310000000354e+01
8.514124999999999943e+00,-4.479898889999999767e+01
8.514250000000000540e+00,-4.518491250000000292e+01
8.514374999999999361e+00,-4.538822689999999938e+01
8.514499999999999957e+00,-4.580710409999999655e+01
8.514625000000000554e+00,-4.595454029999999790e+01
8.514749999999999375e+00,-4.620877360000000067e+01
8.514874999999999972e+00,-4.663380010000000198e+01
8.515000000000000568e+00,-4.683950699999999756e+01
8.515124999999999389e+00,-4.700875669999999928e+01
8.515249999999999986e+00,-4.725349889999999675e+01
8.515375000000000583e+00,-4.772922690000000046e+01
8.515499999999999403e+00,-4.758490379999999931e+01
8.515625000000000000e+00,-4.821757879999999830e+01
8.515750000000000597e+00,-4.839134980000000041e+01
8.515874999999999417e+00,-4.871405800000000141e+01
8.516000000000000014e+00,-4.905003130000000056e+01
8.516125000000000611e+00,-4.899019530000000344e+01
8.516249999999999432e+00,-4.913986520000000269e+01
8.516375000000000028e+00,-4.939710720000000066e+01
8.516500000000000625e+00,-4.973022869999999784e+01
8.516624999999999446e+00,-5.001017029999999863e+01
8.516750000000000043e+00,-5.001193489999999997e+01
8.516875000000000639e+00,-5.057801210000000225e+01
8.516999999999999460e+00,-5.063056180000000239e+01
8.517125000000000057e+00,-5.101245300000000071e+01
8.517250000000000654e+00,-5.069137270000000228e+01
8.517374999999999474e+00,-5.117584200000000294e+01
8.517500000000000071e+00,-5.197103380000000072e+01
8.517625000000000668e+00,-5.137631129999999757e+01
8.517749999999999488e+00,-5.152124469999999690e+01
8.517875000000000085e+00,-5.178662150000000253e+01
8.518000000000000682e+00,-5.189482170000000139e+01
8.518124999999999503e+00,-5.216503019999999680e+01
8.518250000000000099e+00,-5.229197059999999908e+01
8.518375000000000696e+00,-5.204986360000000190e+01
8.518499999999999517e+00,-5.275185679999999877e+01
8.518625000000000114e+00,-5.268424859999999654e+01
8.518750000000000711e+00,-5.295447510000000335e+01
8.518874999999999531e+00,-5.306065079999999767e+01
8.519000000000000128e+00,-5.331796469999999744e+01
8.519125000000000725e+00,-5.318955090000000041e+01
8.519249999999999545e+00,-5.362156219999999962e+01
8.519375000000000142e+00,-5.349179219999999901e+01
8.519500000000000739e+00,-5.451394899999999666e+01
8.519624999999999559e+00,-5.376025409999999738e+01
8.519750000000000156e+00,-5.431098109999999934e+01
8.519875000000000753e+00,-5.399714759999999814e+01
8.519999999999999574e+00,-5.448812269999999813e+01
8.520125000000000171e+00,-5.431674629999999837e+01
8.520250000000000767e+00,-5.479674709999999749e+01
8.520374999999999588e+00,-5.439702880000000107e+01
8.520500000000000185e+00,-5.586554230000000132e+01
8.520625000000000782e+00,-5.537905820000000290e+01
8.520749999999999602e+00,-5.535611200000000309e+01
8.520875000000000199e+00,-5.531206749999999772e+01
8.521000000000000796e+00,-5.572844549999999941e+01
8.521124999999999616e+00,-5.541134900000000130e+01
8.521250000000000213e+00,-5.603727370000000008e+01
8.521375000000000810e+00,-5.557660369999999972e+01
8.521499999999999631e+00,-5.615455089999999672e+01
8.521625000000000227e+00,-5.583605380000000196e+01
8.521750000000000824e+00,-5.562801879999999954e+01
8.521874999999999645e+00,-5.660650119999999674e+01
8.522000000000000242e+00,-5.630246420000000285e+01
8.522125000000000838e+00,-5.590136350000000220e+01
8.522249999999999659e+00,-5.632308400000000148e+01
8.522375000000000256e+00,-5.651677049999999980e+01
8.522500000000000853e+00,-5.653903090000000020e+01
8.522624999999999673e+00,-5.620725629999999740e+01
8.522750000000000270e+00,-5.628040070000000128e+01
8.522875000000000867e+00,-5.683125700000000080e+01
8.522999999999999687e+00,-5.711774609999999797e+01
8.523125000000000284e+00,-5.807568619999999981e+01
8.523250000000000881e+00,-5.686847989999999697e+01
8.523374999999999702e+00,-5.698824499999999915e+01
8.523500000000000298e+00,-5.758478130000000306e+01
8.523624999999999119e+00,-5.740967160000000291e+01
8.523749999999999716e+00,-5.803085099999999841e+01
8.523875000000000313e+00,-5.799533110000000136e+01
8.523999999999999133e+00,-5.703659050000000263e+01
8.524124999999999730e+00,-5.817143599999999992e+01
8.524250000000000327e+00,-5.791025799999999890e+01
8.524374999999999147e+00,-5.740392880000000275e+01
8.524499999999999744e+00,-5.828523030000000205e+01
8.524625000000000341e+00,-5.867202079999999853e+01
8.524749999999999162e+00,-5.777019930000000159e+01
8.524874999999999758e+00,-5.788009879999999896e+01
8.525000000000000355e+00,-5.838475869999999901e+01
8.525124999999999176e+00,-5.855073850000000135e+01
8.525249999999999773e+00,-5.881143759999999787e+01
8.525375000000000369e+00,-5.818210549999999870e+01
8.525499999999999190e+00,-5.978568250000000006e+01
8.525624999999999787e+00,-5.869993670000000208e+01
8.525750000000000384e+00,-5.927526290000000131e+01
8.525874999999999204e+00,-5.832442480000000273e+01
8.525999999999999801e+00,-5.875700890000000243e+01
8.526125000000000398e+00,-5.968189149999999898e+01
8.526249999999999218e+00,-5.938557670000000144e+01
8.526374999999999815e+00,-5.987061990000000122e+01
8.526500000000000412e+00,-5.883933249999999759e+01
8.526624999999999233e+00,-5.957418090000000177e+01
8.526749999999999829e+00,-5.871891469999999913e+01
8.526875000000000426e+00,-5.922791509999999704e+01
8.526999999999999247e+00,-6.014544049999999942e+01
8.527124999999999844e+00,-5.912459609999999799e+01
8.527250000000000441e+00,-5.960740630000000095e+01
8.527374999999999261e+00,-5.941426620000000014e+01
8.527499999999999858e+00,-5.986263590000000079e+01
8.527625000000000455e+00,-5.889969390000000260e+01
8.527749999999999275e+00,-5.986216470000000101e+01
8.527874999999999872e+00,-5.972735920000000220e+01
8.528000000000000469e+00,-6.009502129999999909e+01
8.528124999999999289e+00,-6.028584620000000172e+01
8.528249999999999886e+00,-6.005727689999999797e+01
8.528375000000000483e+00,-6.061967010000000045e+01
8.528499999999999304e+00,-6.028650979999999748e+01
8.528624999999999901e+00,-5.952585590000000337e+01
8.528750000000000497e+00,-6.019030020000000292e+01
8.528874999999999318e+00,-6.004348259999999726e+01
8.528999999999999915e+00,-6.081404959999999704e+01
8.529125000000000512e+00,-5.915524440000000084e+01
8.529249999999999332e+00,-6.139501620000000059e+01
8.529374999999999929e+00,-5.973917300000000097e+01
8.529500000000000526e+00,-6.033261360000000195e+01
8.529624999999999346e+00,-6.021438959999999696e+01
8.529749999999999943e+00,-6.020514479999999935e+01
8.529875000000000540e+00,-6.094248259999999817e+01
8.529999999999999361e+00,-6.001380609999999649e+01
8.530124999999999957e+00,-6.064491079999999812e+01
8.530250000000000554e+00,-6.004625630000000314e+01
8.530374999999999375e+00,-5.986738470000000234e+01
8.530499999999999972e+00,-6.036923190000000261e+01
8.530625000000000568e+00,-6.144253479999999712e+01
8.530749999999999389e+00,-6.085719399999999979e+01
8.530874999999999986e+00,-6.094320439999999905e+01
8.531000000000000583e+00,-6.017441010000000290e+01
8.531124999999999403e+00,-6.103743510000000327e+01
8.531250000000000000e+00,-5.949662800000000118e+01
8.531375000000000597e+00,-6.118639879999999920e+01
8.531499999999999417e+00,-6.016552630000000335e+01
8.531625000000000014e+00,-6.094617250000000297e+01
8.531750000000000611e+00,-6.101448890000000347e+01
8.531874999999999432e+00,-6.123343500000000006e+01
8.532000000000000028e+00,-6.185858840000000214e+01
8.532125000000000625e+00,-6.114674339999999830e+01
8.532249999999999446e+00,-6.029405589999999648e+01
8.532375000000000043e+00,-6.171652319999999747e+01
8.532500000000000639e+00,-6.028611250000000155e+01
8.532624999999999460e+00,-6.179369779999999679e+01
8.532750000000000057e+00,-6.096723560000000219e+01
8.532875000000000654e+00,-6.028590839999999673e+01
8.532999999999999474e+00,-6.294081740000000025e+01
8.533125000000000071e+00,-6.163830680000000228e+01
8.533250000000000668e+00,-6.179995389999999844e+01
8.533374999999999488e+00,-6.077633939999999768e+01
8.533500000000000085e+00,-6.037944869999999753e+01
8.533625000000000682e+00,-6.054411629999999889e+01
8.533749999999999503e+00,-6.110255910000000057e+01
8.533875000000000099e+00,-6.046826589999999868e+01
8.534000000000000696e+00,-6.083235499999999973e+01
8.534124999999999517e+00,-6.189302959999999842e+01
8.534250000000000114e+00,-6.185704630000000037e+01
8.534375000000000711e+00,-6.063300639999999930e+01
8.534499999999999531e+00,-6.044992990000000077e+01
8.534625000000000128e+00,-6.205056350000000265e+01
8.534750000000000725e+00,-6.199261289999999747e+01
8.534874999999999545e+00,-6.345362440000000248e+01
8.535000000000000142e+00,-6.043683080000000274e+01
8.535125000000000739e+00,-6.124736399999999747e+01
8.535249999999999559e+00,-6.163032729999999759e+01
8.535375000000000156e+00,-6.241233960000000280e+01
8.535500000000000753e+00,-6.111933429999999845e+01
8.535624999999999574e+00,-6.162764709999999724e+01
8.535750000000000171e+00,-6.381434360000000083e+01
8.535875000000000767e+00,-6.375743030000000289e+01
8.535999999999999588e+00,-6.224056620000000351e+01
8.536125000000000185e+00,-6.208865560000000272e+01
8.536250000000000782e+00,-6.203537699999999688e+01
8.536374999999999602e+00,-6.227243779999999873e+01
8.536500000000000199e+00,-6.292400440000000117e+01
8.536625000000000796e+00,-6.419212410000000091e+01
8.536749999999999616e+00,-6.197291359999999827e+01
8.536875000000000213e+00,-6.223817489999999708e+01
8.537000000000000810e+00,-6.269259339999999980e+01
8.537124999999999631e+00,-6.264962020000000109e+01
8.537250000000000227e+00,-6.351635050000000149e+01
8.537375000000000824e+00,-6.232765770000000316e+01
8.537499999999999645e+00,-6.211452109999999749e+01
8.537625000000000242e+00,-6.426494099999999321e+01
8.537750000000000838e+00,-6.297122389999999825e+01
8.537874999999999659e+00,-6.432147059999999783e+01
8.538000000000000256e+00,-6.296629200000000282e+01
8.538125000000000853e+00,-6.446991599999999778e+01
8.538249999999999673e+00,-6.338934849999999699e+01
8.538375000000000270e+00,-6.269361320000000148e+01
8.538500000000000867e+00,-6.200169209999999964e+01
8.538624999999999687e+00,-6.417847329999999317e+01
8.538750000000000284e+00,-6.348015900000000045e+01
8.538875000000000881e+00,-6.342752399999999824e+01
8.538999999999999702e+00,-6.225708439999999655e+01
8.539125000000000298e+00,-6.468236380000000452e+01
8.539249999999999119e+00,-6.354783830000000222e+01
8.539374999999999716e+00,-6.409020990000000495e+01
8.539500000000000313e+00,-6.419484810000000152e+01
8.539624999999999133e+00,-6.356094619999999651e+01
8.539749999999999730e+00,-6.328759110000000021e+01
8.539875000000000327e+00,-6.359470069999999708e+01
8.539999999999999147e+00,-6.330737289999999717e+01
8.540124999999999744e+00,-6.417217589999999916e+01
8.540250000000000341e+00,-6.349458839999999782e+01
8.540374999999999162e+00,-6.266597860000000253e+01
8.540499999999999758e+00,-6.535339369999999803e+01
8.540625000000000355e+00,-6.463497019999999793e+01
8.540749999999999176e+00,-6.483288919999999678e+01
8.540874999999999773e+00,-6.490191419999999312e+01
8.541000000000000369e+00,-6.438282660000000135e+01
8.541124999999999190e+00,-6.293956109999999882e+01
8.541249999999999787e+00,-6.647594589999999926e+01
8.541375000000000384e+00,-6.470514850000000706e+01
8.541499999999999204e+00,-6.167983430000000311e+01
8.541624999999999801e+00,-6.298288699999999807e+01
8.541750000000000398e+00,-6.524582560000000342e+01
8.541874999999999218e+00,-6.461621680000000367e+01
8.541999999999999815e+00,-6.292587429999999671e+01
8.542125000000000412e+00,-6.450499449999999513e+01
8.542249999999999233e+00,-6.571068139999999858e+01
8.542374999999999829e+00,-6.403780530000000226e+01
8.542500000000000426e+00,-6.615804319999999450e+01
8.542624999999999247e+00,-6.415795520000000352e+01
8.542749999999999844e+00,-6.786163550000000555e+01
8.542875000000000441e+00,-6.610412289999999302e+01
8.542999999999999261e+00,-6.441847749999999451e+01
8.543124999999999858e+00,-6.708596219999999732e+01
8.543250000000000455e+00,-6.369937910000000159e+01
8.543374999999999275e+00,-6.467481979999999453e+01
8.543499999999999872e+00,-6.334456149999999752e+01
8.543625000000000469e+00,-6.579478829999999334e+01
8.543749999999999289e+00,-6.414021700000000692e+01
8.543874999999999886e+00,-6.696648000000000422e+01
8.544000000000000483e+00,-6.796924839999999790e+01
8.544124999999999304e+00,-6.603817979999999466e+01
8.544249999999999901e+00,-6.523953550000000234e+01
8.544375000000000497e+00,-6.597253139999999405e+01
8.544499999999999318e+00,-6.661251570000000299e+01
8.544624999999999915e+00,-6.710295170000000553e+01
8.544750000000000512e+00,-6.473648470000000543e+01
8.544874999999999332e+00,-6.677319319999999436e+01
8.544999999999999929e+00,-6.921300560000000246e+01
8.545125000000000526e+00,-6.568991549999999791e+01
8.545249999999999346e+00,-6.274312019999999990e+01
8.545374999999999943e+00,-6.556623220000000174e+01
8.545500000000000540e+00,-6.770804710000000171e+01
8.545624999999999361e+00,-6.872243149999999901e+01
8.545749999999999957e+00,-6.415859690000000626e+01
8.545875000000000554e+00,-6.673475009999999941e+01
8.545999999999999375e+00,-6.598425199999999791e+01
8.546124999999999972e+00,-6.524025629999999865e+01
8.546250000000000568e+00,-6.443856920000000343e+01
8.546374999999999389e+00,-6.844350810000000251e+01
8.546499999999999986e+00,-6.733166160000000389e+01
8.546625000000000583e+00,-6.645368449999999427e+01
8.546749999999999403e+00,-6.611489570000000526e+01
8.546875000000000000e+00,-6.692296190000000422e+01
8.547000000000000597e+00,-6.479419090000000381e+01
8.547124999999999417e+00,-6.596630159999999421e+01
8.547250000000000014e+00,-6.902492449999999735e+01
8.547375000000000611e+00,-6.674859429999999350e+01
8.547499999999999432e+00,-6.840591650000000357e+01
8.547625000000000028e+00,-6.562131300000000067e+01
8.547750000000000625e+00,-6.639497950000000515e+01
8.547874999999999446e+00,-6.792322670000000073e+01
8.548000000000000043e+00,-6.595828419999999426e+01
8.548125000000000639e+00,-6.644890560000000335e+01
8.548249999999999460e+00,-6.424699180000000354e+01
8.548375000000000057e+00,-6.762776180000000181e+01
8.548500000000000654e+00,-6.677622750000000451e+01
8.548624999999999474e+00,-6.687250550000000260e+01
8.548750000000000071e+00,-6.546725240000000667e+01
8.548875000000000668e+00,-6.594341900000000578e+01
8.548999999999999488e+00,-6.798617380000000310e+01
8.549125000000000085e+00,-6.634396510000000546e+01
8.549250000000000682e+00,-6.538045630000000585e+01
8.549374999999999503e+00,-6.629120439999999803e+01
8.549500000000000099e+00,-6.722898429999999337e+01
8.549625000000000696e+00,-6.690188879999999472e+01
8.549749999999999517e+00,-6.577918750000000614e+01
8.549875000000000114e+00,-6.646193700000000604e+01
8.550000000000000711e+00,-6.565404080000000420e+01
8.550124999999999531e+00,-6.687010770000000548e+01
8.550250000000000128e+00,-6.651638389999999390e+01
8.550375000000000725e+00,-6.872000439999999344e+01
8.550499999999999545e+00,-6.526787819999999840e+01
8.550625000000000142e+00,-6.862634950000000345e+01
8.550750000000000739e+00,-6.590917890000000057e+01
8.550874999999999559e+00,-6.611289499999999464e+01
8.551000000000000156e+00,-6.921602400000000443e+01
8.551125000000000753e+00,-6.625523090000000082e+01
8.551249999999999574e+00,-6.674458140000000128e+01
8.551375000000000171e+00,-6.771668940000000703e+01
8.551500000000000767e+00,-6.687564629999999966e+01
8.551624999999999588e+00,-6.709781990000000462e+01
8.551750000000000185e+00,-6.905915099999999995e+01
8.551875000000000782e+00,-7.029331380000000706e+01
8.551999999999999602e+00,-6.754353879999999322e+01
8.552125000000000199e+00,-6.777078389999999786e+01
8.552250000000000796e+00,-6.746045460000000560e+01
8.552374999999999616e+00,-6.642257859999999425e+01
8.552500000000000213e+00,-6.871038869999999577e+01
8.552625000000000810e+00,-6.522505019999999831e+01
8.552749999999999631e+00,-6.912796710000000644e+01
8.552875000000000227e+00,-7.103398679999999388e+01
8.553000000000000824e+00,-6.921266810000000191e+01
8.553124999999999645e+00,-6.577263510000000224e+01
8.553250000000000242e+00,-6.815139870000000144e+01
8.553375000000000838e+00,-6.658562159999999608e+01
8.553499999999999659e+00,-6.835798169999999629e+01
8.553625000000000256e+00,-6.740117119999999318e+01
8.553750000000000853e+00,-6.766838490000000661e+01
8.553874999999999673e+00,-6.864641179999999565e+01
8.554000000000000270e+00,-7.080264850000000365e+01
8.554125000000000867e+00,-6.605412610000000484e+01
8.554249999999999687e+00,-6.665675349999999355e+01
8.554375000000000284e+00,-6.400614059999999483e+01
8.554500000000000881e+00,-6.709009120000000337e+01
8.554624999999999702e+00,-7.212718320000000460e+01
8.554750000000000298e+00,-6.765640469999999596e+01
8.554874999999999119e+00,-6.712342399999999998e+01
8.554999999999999716e+00,-6.763450709999999333e+01
8.555125000000000313e+00,-6.552285530000000335e+01
8.555249999999999133e+00,-6.885534069999999929e+01
8.555374999999999730e+00,-6.561192710000000261e+01
8.555500000000000327e+00,-6.893456229999999607e+01
8.555624999999999147e+00,-6.956477590000000077e+01
8.555749999999999744e+00,-6.707460550000000410e+01
8.555875000000000341e+00,-6.844840290000000493e+01
8.555999999999999162e+00,-6.746599899999999650e+01
8.556124999999999758e+00,-6.624969059999999388e+01
8.556250000000000355e+00,-6.690033649999999454e+01
8.556374999999999176e+00,-7.011358710000000372e+01
8.556499999999999773e+00,-6.859833670000000438e+01
8.556625000000000369e+00,-6.852536560000000065e+01
8.556749999999999190e+00,-6.506719029999999293e+01
8.556874999999999787e+00,-6.779099809999999593e+01
8.557000000000000384e+00,-6.685282580000000507e+01
8.557124999999999204e+00,-6.823365640000000099e+01
8.557249999999999801e+00,-6.985874069999999847e+01
8.557375000000000398e+00,-6.681291600000000130e+01
8.557499999999999218e+00,-7.055029810000000623e+01
8.557624999999999815e+00,-6.972352189999999439e+01
8.557750000000000412e+00,-6.593322449999999435e+01
8.557874999999999233e+00,-7.208925990000000183e+01
8.557999999999999829e+00,-6.952405659999999443e+01
8.558125000000000426e+00,-6.857008360000000380e+01
8.558249999999999247e+00,-6.883582979999999907e+01
8.558374999999999844e+00,-6.795542220000000100e+01
8.558500000000000441e+00,-6.646086850000000368e+01
8.558624999999999261e+00,-6.700590809999999919e+01
8.558749999999999858e+00,-6.622396650000000307e+01
8.558875000000000455e+00,-6.713625840000000267e+01
8.558999999999999275e+00,-6.622772620000000643e+01
8.559124999999999872e+00,-6.650644300000000442e+01
8.559250000000000469e+00,-6.981337539999999819e+01
8.559374999999999289e+00,-6.953442590000000223e+01
8.559499999999999886e+00,-6.647805870000000539e+01
8.559625000000000483e+00,-6.802498869999999442e+01
8.559749999999999304e+00,-6.961023529999999937e+01
8.559874999999999901e+00,-6.726176780000000122e+01
8.560000000000000497e+00,-7.045784670000000460e+01
8.560124999999999318e+00,-6.937705019999999934e+01
8.560249999999999915e+00,-6.507692249999999490e+01
8.560375000000000512e+00,-6.512584499999999821e+01
8.560499999999999332e+00,-6.766411990000000287e+01
8.560624999999999929e+00,-7.209218280000000334e+01
8.560750000000000526e+00,-6.875430110000000639e+01
8.560874999999999346e+00,-7.056297279999999716e+01
8.560999999999999943e+00,-6.573056099999999446e+01
8.561125000000000540e+00,-6.726931460000000129e+01
8.561249999999999361e+00,-6.815355610000000297e+01
8.561374999999999957e+00,-6.993490690000000143e+01
8.561500000000000554e+00,-6.809269070000000568e+01
8.561624999999999375e+00,-6.828516639999999427e+01
8.561749999999999972e+00,-6.685063130000000342e+01
8.561875000000000568e+00,-6.621670109999999454e+01
8.561999999999999389e+00,-6.797305120000000045e+01
8.562124999999999986e+00,-6.795897479999999291e+01
8.562250000000000583e+00,-6.961339540000000170e+01
8.562374999999999403e+00,-6.849201689999999587e+01
8.562500000000000000e+00,-6.736048619999999687e+01
8.562625000000000597e+00,-6.810045639999999878e+01
8.562749999999999417e+00,-6.798505160000000558e+01
8.562875000000000014e+00,-6.385063989999999734e+01
8.563000000000000611e+00,-6.914548209999999528e+01
8.563124999999999432e+00,-6.772779169999999738e+01
8.563250000000000028e+00,-6.933173270000000343e+01
8.563375000000000625e+00,-6.624681370000000413e+01
8.563499999999999446e+00,-6.902081859999999836e+01
8.563625000000000043e+00,-6.793970090000000539e+01
8.563750000000000639e+00,-6.644562870000000032e+01
8.563874999999999460e+00,-6.921729639999999506e+01
8.564000000000000057e+00,-6.889112849999999355e+01
8.564125000000000654e+00,-7.131214919999999324e+01
8.564249999999999474e+00,-7.198985190000000500e+01
8.564375000000000071e+00,-6.712286149999999907e+01
8.564500000000000668e+00,-6.771500580000000014e+01
8.564624999999999488e+00,-6.857304860000000701e+01
8.564750000000000085e+00,-6.959020329999999888e+01
8.564875000000000682e+00,-6.824841150000000312e+01
8.564999999999999503e+00,-6.665344829999999376e+01
8.565125000000000099e+00,-6.689700299999999800e+01
8.565250000000000696e+00,-6.842704469999999617e+01
8.565374999999999517e+00,-6.506794849999999997e+01
8.565500000000000114e+00,-6.920267359999999712e+01
8.565625000000000711e+00,-6.665069819999999368e+01
8.565749999999999531e+00,-6.890020749999999339e+01
8.565875000000000128e+00,-7.083346330000000535e+01
8.566000000000000725e+00,-6.723034930000000031e+01
8.566124999999999545e+00,-6.640711349999999413e+01
8.566250000000000142e+00,-6.834966260000000204e+01
8.566375000000000739e+00,-6.715072879999999600e+01
8.566499999999999559e+00,-6.778865419999999631e+01
8.566625000000000156e+00,-6.728312300000000334e+01
8.566750000000000753e+00,-6.836878140000000315e+01
8.566874999999999574e+00,-6.949202549999999690e+01
8.567000000000000171e+00,-7.110066910000000462e+01
8.567125000000000767e+00,-6.595633349999999950e+01
8.567249999999999588e+00,-6.993082739999999831e+01
8.567375000000000185e+00,-7.049972069999999746e+01
8.567500000000000782e+00,-7.100142549999999630e+01
8.567624999999999602e+00,-6.658817550000000551e+01
8.567750000000000199e+00,-6.947683630000000221e+01
8.567875000000000796e+00,-7.037204079999999351e+01
8.567999999999999616e+00,-6.976189449999999681e+01
8.568125000000000213e+00,-7.046814809999999341e+01
8.568250000000000810e+00,-7.247967199999999366e+01
8.568374999999999631e+00,-6.800504399999999805e+01
8.568500000000000227e+00,-6.810364959999999712e+01
8.568625000000000824e+00,-7.395167829999999753e+01
8.568749999999999645e+00,-7.071492189999999312e+01
8.568875000000000242e+00,-6.535585369999999727e+01
8.569000000000000838e+00,-6.728817229999999938e+01
8.569124999999999659e+00,-7.075559869999999307e+01
8.569250000000000256e+00,-6.973737760000000208e+01
8.569375000000000853e+00,-7.103078659999999900e+01
8.569499999999999673e+00,-6.959199789999999552e+01
8.569625000000000270e+00,-7.207911070000000109e+01
8.569750000000000867e+00,-6.866252679999999486e+01
8.569874999999999687e+00,-6.871351249999999311e+01
8.570000000000000284e+00,-6.899450539999999421e+01
8.570125000000000881e+00,-6.872912850000000162e+01
8.570249999999999702e+00,-6.856860360000000298e+01
8.570375000000000298e+00,-6.729205000000000325e+01
8.570499999999999119e+00,-7.467373000000000616e+01
8.570624999999999716e+00,-8.227939130000000034e+01
8.570750000000000313e+00,-7.340197799999999972e+01
8.570874999999999133e+00,-6.922112079999999423e+01
8.570999999999999730e+00,-7.002558469999999602e+01
8.571125000000000327e+00,-7.040996850000000506e+01
8.571249999999999147e+00,-7.287797960000000330e+01
8.571374999999999744e+00,-6.873077349999999797e+01
8.571500000000000341e+00,-7.559304559999999640e+01
8.571624999999999162e+00,-7.062698399999999310e+01
8.571749999999999758e+00,-6.996608659999999702e+01
8.571875000000000355e+00,-6.991445769999999982e+01
8.571999999999999176e+00,-7.208105500000000632e+01
8.572124999999999773e+00,-7.243295500000000686e+01
8.572250000000000369e+00,-7.211878980000000183e+01
8.572374999999999190e+00,-6.935248799999999392e+01
8.572499999999999787e+00,-7.022369940000000099e+01
8.572625000000000384e+00,-6.713464980000000537e+01
8.572749999999999204e+00,-7.404348729999999534e+01
8.572874999999999801e+00,-6.900791130000000351e+01
8.573000000000000398e+00,-6.901887109999999836e+01
8.573124999999999218e+00,-6.815740460000000667e+01
8.573249999999999815e+00,-6.812041530000000478e+01
8.573375000000000412e+00,-6.969010969999999361e+01
8.573499999999999233e+00,-7.073153320000000122e+01
8.573624999999999829e+00,-7.107143010000000061e+01
8.573750000000000426e+00,-7.538881910000000630e+01
8.573874999999999247e+00,-7.771356260000000304e+01
8.573999999999999844e+00,-7.443935670000000471e+01
8.574125000000000441e+00,-7.104475089999999682e+01
8.574249999999999261e+00,-6.850645439999999553e+01
8.574374999999999858e+00,-7.087103100000000211e+01
8.574500000000000455e+00,-6.877054680000000531e+01
8.574624999999999275e+00,-6.949187329999999463e+01
8.574749999999999872e+00,-7.014020060000000001e+01
8.574875000000000469e+00,-6.871512199999999382e+01
8.574999999999999289e+00,-7.075673310000000527e+01
8.575124999999999886e+00,-7.192252779999999746e+01
8.575250000000000483e+00,-7.356778490000000659e+01
8.575374999999999304e+00,-6.917272350000000358e+01
8.575499999999999901e+00,-7.480676889999999446e+01
8.575625000000000497e+00,-7.137202960000000473e+01
8.575749999999999318e+00,-7.771870710000000315e+01
8.575874999999999915e+00,-7.196635100000000307e+01
8.576000000000000512e+00,-7.045759759999999972e+01
8.576124999999999332e+00,-7.463891200000000481e+01
8.576249999999999929e+00,-7.094464449999999545e+01
8.576375000000000526e+00,-7.162997210000000337e+01
8.576499999999999346e+00,-7.325592989999999816e+01
8.576624999999999943e+00,-7.280154849999999556e+01
8.576750000000000540e+00,-7.508428790000000674e+01
8.576874999999999361e+00,-7.449048500000000672e+01
8.576999999999999957e+00,-7.369469089999999767e+01
8.577125000000000554e+00,-7.104863810000000512e+01
8.577249999999999375e+00,-7.269983349999999689e+01
8.577374999999999972e+00,-7.565809319999999616e+01
8.577500000000000568e+00,-7.608489889999999889e+01
8.577624999999999389e+00,-7.090714880000000164e+01
8.577749999999999986e+00,-7.283565849999999386e+01
8.577875000000000583e+00,-7.405605079999999418e+01
8.577999999999999403e+00,-6.986558789999999419e+01
8.578125000000000000e+00,-7.442671129999999380e+01
8.578250000000000597e+00,-7.089577570000000151e+01
8.578374999999999417e+00,-7.280638270000000034e+01
8.578500000000000014e+00,-7.330383980000000577e+01
8.578625000000000611e+00,-7.020083420000000274e+01
8.578749999999999432e+00,-7.094683999999999457e+01
8.578875000000000028e+00,-7.410741450000000441e+01
8.579000000000000625e+00,-6.805111510000000408e+01
8.579124999999999446e+00,-7.114489369999999724e+01
8.579250000000000043e+00,-7.215940489999999841e+01
8.579375000000000639e+00,-7.600773770000000695e+01
8.579499999999999460e+00,-7.053526429999999436e+01
8.579625000000000057e+00,-7.564535080000000278e+01
8.579750000000000654e+00,-6.848951340000000698e+01
8.579874999999999474e+00,-7.200010360000000276e+01
8.580000000000000071e+00,-7.108131629999999745e+01
8.580125000000000668e+00,-7.543004569999999376e+01
8.580249999999999488e+00,-7.235938160000000607e+01
8.580375000000000085e+00,-7.097731380000000456e+01
8.580500000000000682e+00,-7.029921009999999626e+01
8.580624999999999503e+00,-7.270222080000000631e+01
8.580750000000000099e+00,-8.045764189999999871e+01
8.580875000000000696e+00,-7.204057640000000617e+01
8.580999999999999517e+00,-7.111631500000000017e+01
8.581125000000000114e+00,-7.184210009999999613e+01
8.581250000000000711e+00,-7.294840790000000652e+01
8.581374999999999531e+00,-7.125196409999999503e+01
8.581500000000000128e+00,-7.185104300000000421e+01
8.581625000000000725e+00,-6.952587090000000103e+01
8.581749999999999545e+00,-7.742808780000000013e+01
8.581875000000000142e+00,-7.178372149999999863e+01
8.582000000000000739e+00,-7.813402829999999710e+01
8.582124999999999559e+00,-7.154324149999999349e+01
8.582250000000000156e+00,-7.020207259999999394e+01
8.582375000000000753e+00,-7.086705480000000534e+01
8.582499999999999574e+00,-7.096928789999999765e+01
8.582625000000000171e+00,-7.467218210000000056e+01
8.582750000000000767e+00,-6.980603460000000382e+01
8.582874999999999588e+00,-7.176483190000000434e+01
8.583000000000000185e+00,-7.093847929999999735e+01
8.583125000000000782e+00,-6.853333759999999586e+01
8.583249999999999602e+00,-7.174642479999999978e+01
8.583375000000000199e+00,-7.294016639999999541e+01
8.583500000000000796e+00,-7.068183100000000252e+01
8.583624999999999616e+00,-6.771684109999999635e+01
8.583750000000000213e+00,-7.238185540000000628e+01
8.583875000000000810e+00,-7.254267699999999763e+01
8.583999999999999631e+00,-7.197943650000000559e+01
8.584125000000000227e+00,-6.793578259999999602e+01
8.584250000000000824e+00,-6.600548890000000313e+01
8.584374999999999645e+00,-7.152783209999999769e+01
8.584500000000000242e+00,-6.933840840000000583e+01
8.584625000000000838e+00,-6.764727259999999376e+01
8.584749999999999659e+00,-7.604990109999999959e+01
8.584875000000000256e+00,-6.981271889999999303e+01
8.585000000000000853e+00,-6.825230349999999646e+01
8.585124999999999673e+00,-6.863243760000000293e+01
8.585250000000000270e+00,-7.072289170000000524e+01
8.585375000000000867e+00,-7.100614899999999352e+01
8.585499999999999687e+00,-7.224073079999999436e+01
8.585625000000000284e+00,-6.854666360000000225e+01
8.585750000000000881e+00,-7.117547150000000045e+01
8.585874999999999702e+00,-7.342775020000000552e+01
8.586000000000000298e+00,-6.785414690000000348e+01
8.586124999999999119e+00,-7.275956779999999924e+01
8.586249999999999716e+00,-6.924758959999999774e+01
8.586375000000000313e+00,-6.872105870000000039e+01
8.586499999999999133e+00,-6.962351300000000265e+01
8.586624999999999730e+00,-6.883656919999999957e+01
8.586750000000000327e+00,-7.099077080000000706e+01
8.586874999999999147e+00,-7.327343729999999766e+01
8.586999999999999744e+00,-6.990640999999999394e+01
8.587125000000000341e+00,-7.659246720000000153e+01
8.587249999999999162e+00,-7.920343760000000088e+01
8.587374999999999758e+00,-7.116389279999999928e+01
8.587500000000000355e+00,-7.162750560000000632e+01
8.587624999999999176e+00,-7.418392749999999580e+01
8.587749999999999773e+00,-6.740714839999999697e+01
8.587875000000000369e+00,-7.016841540000000066e+01
8.587999999999999190e+00,-7.176215220000000272e+01
8.588124999999999787e+00,-7.146595309999999301e+01
8.588250000000000384e+00,-7.117532710000000407e+01
8.588374999999999204e+00,-7.310816110000000378e+01
8.588499999999999801e+00,-7.419080789999999581e+01
8.588625000000000398e+00,-7.429259609999999725e+01
8.588749999999999218e+00,-7.357290089999999338e+01
8.588874999999999815e+00,-7.315305929999999535e+01
8.589000000000000412e+00,-6.902285609999999849e+01
8.589124999999999233e+00,-6.809543610000000058e+01
8.589249999999999829e+00,-6.963825570000000198e+01
8.589375000000000426e+00,-7.225595020000000090e+01
8.589499999999999247e+00,-6.960170239999999353e+01
8.589624999999999844e+00,-7.246288140000000055e+01
8.589750000000000441e+00,-6.870229679999999917e+01
8.589874999999999261e+00,-7.101424049999999966e+01
8.589999999999999858e+00,-6.756719769999999414e+01
8.590125000000000455e+00,-7.028573020000000326e+01
8.590249999999999275e+00,-7.095603250000000628e+01
8.590374999999999872e+00,-7.398305129999999963e+01
8.590500000000000469e+00,-7.140707410000000266e+01
8.590624999999999289e+00,-7.036427129999999863e+01
8.590749999999999886e+00,-7.204795180000000698e+01
8.590875000000000483e+00,-7.416029220000000066e+01
8.590999999999999304e+00,-7.330460189999999443e+01
8.591124999999999901e+00,-7.441468759999999349e+01
8.591250000000000497e+00,-6.983212480000000255e+01
8.591374999999999318e+00,-7.000115130000000363e+01
8.591499999999999915e+00,-7.273373850000000118e+01
8.591625000000000512e+00,-7.430663819999999475e+01
8.591749999999999332e+00,-7.560215560000000323e+01
8.591874999999999929e+00,-7.271698709999999721e+01
8.592000000000000526e+00,-7.502675200000000189e+01
8.592124999999999346e+00,-7.188147630000000277e+01
8.592249999999999943e+00,-7.210823399999999594e+01
8.592375000000000540e+00,-7.501246410000000253e+01
8.592499999999999361e+00,-7.121310080000000653e+01
8.592624999999999957e+00,-7.281747869999999523e+01
8.592750000000000554e+00,-7.100088850000000207e+01
8.592874999999999375e+00,-7.020290330000000267e+01
8.592999999999999972e+00,-7.281896310000000483e+01
8.593125000000000568e+00,-7.156274270000000115e+01
8.593249999999999389e+00,-7.501118110000000172e+01
8.593374999999999986e+00,-7.648127370000000269e+01
8.593500000000000583e+00,-7.356827450000000113e+01
8.593624999999999403e+00,-7.023119400000000212e+01
8.593750000000000000e+00,-7.558062710000000095e+01
8.593875000000000597e+00,-7.437261750000000404e+01
8.593999999999999417e+00,-6.684929669999999646e+01
8.594125000000000014e+00,-7.354138190000000463e+01
8.594250000000000611e+00,-7.328526220000000535e+01
8.594374999999999432e+00,-7.306821220000000494e+01
8.594500000000000028e+00,-7.003320829999999830e+01
8.594625000000000625e+00,-6.895301609999999926e+01
8.594749999999999446e+00,-7.056420210000000282e+01
8.594875000000000043e+00,-7.464292860000000474e+01
8.595000000000000639e+00,-7.288468869999999811e+01
8.595124999999999460e+00,-6.989723960000000602e+01
8.595250000000000057e+00,-7.358294460000000470e+01
8.595375000000000654e+00,-6.880190539999999544e+01
8.595499999999999474e+00,-7.158983469999999727e+01
8.595625000000000071e+00,-7.112344450000000506e+01
8.595750000000000668e+00,-7.083773770000000525e+01
8.595874999999999488e+00,-6.986037229999999454e+01
8.596000000000000085e+00,-7.116991199999999651e+01
8.596125000000000682e+00,-7.012710079999999380e+01
8.596249999999999503e+00,-7.580570369999999514e+01
8.596375000000000099e+00,-6.884143760000000611e+01
8.596500000000000696e+00,-7.362143829999999411e+01
8.596624999999999517e+00,-6.812795049999999719e+01
8.596750000000000114e+00,-6.994593600000000322e+01
8.596875000000000711e+00,-7.728721369999999524e+01
8.596999999999999531e+00,-7.863005510000000697e+01
8.597125000000000128e+00,-7.904274270000000513e+01
8.597250000000000725e+00,-6.943551870000000292e+01
8.597374999999999545e+00,-7.213806169999999440e+01
8.597500000000000142e+00,-7.450560729999999410e+01
8.597625000000000739e+00,-7.245476449999999602e+01
8.597749999999999559e+00,-7.224587689999999895e+01
8.597875000000000156e+00,-7.921619660000000351e+01
8.598000000000000753e+00,-7.217994000000000199e+01
8.598124999999999574e+00,-7.263559370000000115e+01
8.598250000000000171e+00,-7.622685649999999669e+01
8.598375000000000767e+00,-7.289510110000000509e+01
8.598499999999999588e+00,-7.218218070000000353e+01
8.598625000000000185e+00,-7.274527589999999577e+01
8.598750000000000782e+00,-7.327143510000000504e+01
8.598874999999999602e+00,-7.412797799999999881e+01
8.599000000000000199e+00,-7.247035920000000431e+01
8.599125000000000796e+00,-7.930118710000000704e+01
8.599249999999999616e+00,-7.245137250000000506e+01
8.599375000000000213e+00,-7.420671299999999349e+01
8.599500000000000810e+00,-7.502509659999999769e+01
8.599624999999999631e+00,-7.339566159999999684e+01
8.599750000000000227e+00,-7.921705959999999891e+01
8.599875000000000824e+00,-7.441442030000000329e+01
8.599999999999999645e+00,-7.420483439999999575e+01
