8.400000000000000355e+00,-7.361403400000000374e+01
8.400124999999999176e+00,-7.361056340000000375e+01
8.400249999999999773e+00,-7.401997900000000641e+01
8.400375000000000369e+00,-7.745207920000000001e+01
8.400499999999999190e+00,-7.490274019999999666e+01
8.400624999999999787e+00,-7.483459259999999347e+01
8.400750000000000384e+00,-7.489191390000000581e+01
8.400874999999999204e+00,-7.631316750000000582e+01
8.400999999999999801e+00,-7.623570180000000107e+01
8.401125000000000398e+00,-7.737951089999999965e+01
8.401249999999999218e+00,-7.196078610000000708e+01
8.401374999999999815e+00,-7.467082519999999590e+01
8.401500000000000412e+00,-7.337216060000000084e+01
8.401624999999999233e+00,-7.319856649999999831e+01
8.401749999999999829e+00,-7.310586229999999830e+01
8.401875000000000426e+00,-7.801400769999999341e+01
8.401999999999999247e+00,-7.160141969999999390e+01
8.402124999999999844e+00,-7.433005330000000299e+01
8.402250000000000441e+00,-7.499075259999999332e+01
8.402374999999999261e+00,-7.508398560000000543e+01
8.402499999999999858e+00,-7.330337339999999813e+01
8.402625000000000455e+00,-7.224919380000000046e+01
8.402749999999999275e+00,-7.221652860000000373e+01
8.402874999999999872e+00,-7.308198819999999785e+01
8.403000000000000469e+00,-7.504615130000000534e+01
8.403124999999999289e+00,-7.259540289999999629e+01
8.403249999999999886e+00,-7.525706270000000586e+01
8.403375000000000483e+00,-7.501319100000000617e+01
8.403499999999999304e+00,-7.274574479999999710e+01
8.403624999999999901e+00,-7.625157480000000021e+01
8.403750000000000497e+00,-7.556520469999999534e+01
8.403874999999999318e+00,-7.491981540000000450e+01
8.403999999999999915e+00,-7.551513950000000364e+01
8.404125000000000512e+00,-7.484103070000000457e+01
8.404249999999999332e+00,-7.361206180000000643e+01
8.404374999999999929e+00,-7.261845370000000344e+01
8.404500000000000526e+00,-7.463496709999999723e+01
8.404624999999999346e+00,-7.525953029999999444e+01
8.404749999999999943e+00,-7.350828590000000418e+01
8.404875000000000540e+00,-7.360831709999999362e+01
8.404999999999999361e+00,-7.305851389999999412e+01
8.405124999999999957e+00,-7.414486189999999510e+01
8.405250000000000554e+00,-7.334800479999999823e+01
8.405374999999999375e+00,-7.459630559999999377e+01
8.405499999999999972e+00,-7.376568269999999927e+01
8.405625000000000568e+00,-7.438501250000000198e+01
8.405749999999999389e+00,-7.529402609999999640e+01
8.405874999999999986e+00,-7.291406130000000019e+01
8.406000000000000583e+00,-7.424918859999999654e+01
8.406124999999999403e+00,-7.284099270000000104e+01
8.406250000000000000e+00,-7.350888150000000110e+01
8.406375000000000597e+00,-7.411744520000000591e+01
8.406499999999999417e+00,-7.211366390000000592e+01
8.406625000000000014e+00,-7.381092320000000484e+01
8.406750000000000611e+00,-7.123072650000000294e+01
8.406874999999999432e+00,-7.319242060000000549e+01
8.407000000000000028e+00,-7.474215940000000558e+01
8.407125000000000625e+00,-7.532918779999999970e+01
8.407249999999999446e+00,-7.380595180000000255e+01
8.407375000000000043e+00,-7.211800019999999733e+01
8.407500000000000639e+00,-7.439965569999999673e+01
8.407624999999999460e+00,-7.278466530000000034e+01
8.407750000000000057e+00,-7.346184859999999617e+01
8.407875000000000654e+00,-7.262937900000000013e+01
8.407999999999999474e+00,-7.342700240000000633e+01
8.408125000000000071e+00,-7.509436630000000434e+01
8.408250000000000668e+00,-7.530412269999999353e+01
8.408374999999999488e+00,-7.329809149999999818e+01
8.408500000000000085e+00,-7.458186310000000674e+01
8.408625000000000682e+00,-7.250968120000000283e+01
8.408749999999999503e+00,-7.454331919999999911e+01
8.408875000000000099e+00,-7.400039350000000127e+01
8.409000000000000696e+00,-7.325430919999999446e+01
8.409124999999999517e+00,-7.210324839999999824e+01
8.409250000000000114e+00,-7.263444069999999897e+01
8.409375000000000711e+00,-7.373040380000000482e+01
8.409499999999999531e+00,-7.358631979999999828e+01
8.409625000000000128e+00,-7.554451629999999795e+01
8.409750000000000725e+00,-7.318054870000000278e+01
8.409874999999999545e+00,-7.471040910000000679e+01
8.410000000000000142e+00,-7.405637409999999932e+01
8.410125000000000739e+00,-7.325391050000000348e+01
8.410249999999999559e+00,-7.114591099999999813e+01
8.410375000000000156e+00,-7.226293250000000512e+01
8.410500000000000753e+00,-7.208238869999999565e+01
8.410624999999999574e+00,-7.442350480000000346e+01
8.410750000000000171e+00,-7.392264690000000371e+01
8.410875000000000767e+00,-7.265235040000000311e+01
8.410999999999999588e+00,-7.264528459999999654e+01
8.411125000000000185e+00,-7.239077840000000208e+01
8.411250000000000782e+00,-7.221341689999999858e+01
8.411374999999999602e+00,-7.417403989999999681e+01
8.411500000000000199e+00,-7.287282260000000633e+01
8.411625000000000796e+00,-7.470542869999999880e+01
8.411749999999999616e+00,-7.514073179999999752e+01
8.411875000000000213e+00,-7.258204569999999478e+01
8.412000000000000810e+00,-7.460378219999999772e+01
8.412124999999999631e+00,-7.209952269999999430e+01
8.412250000000000227e+00,-7.317207030000000145e+01
8.412375000000000824e+00,-7.177772269999999821e+01
8.412499999999999645e+00,-7.280105869999999868e+01
8.412625000000000242e+00,-7.443410389999999666e+01
8.412750000000000838e+00,-7.147888000000000375e+01
8.412874999999999659e+00,-7.426604419999999607e+01
8.413000000000000256e+00,-7.237649279999999408e+01
8.413125000000000853e+00,-7.317619779999999707e+01
8.413249999999999673e+00,-7.242849300000000312e+01
8.413375000000000270e+00,-7.180077420000000643e+01
8.413500000000000867e+00,-7.275061110000000042e+01
8.413624999999999687e+00,-7.255871220000000221e+01
8.413750000000000284e+00,-7.231325730000000362e+01
8.413875000000000881e+00,-7.177700930000000312e+01
8.413999999999999702e+00,-7.428028810000000703e+01
8.414125000000000298e+00,-7.172535259999999369e+01
8.414249999999999119e+00,-7.071048399999999390e+01
8.414374999999999716e+00,-7.153954290000000071e+01
8.414500000000000313e+00,-7.074431169999999724e+01
8.414624999999999133e+00,-7.098606429999999534e+01
8.414749999999999730e+00,-7.365158110000000136e+01
8.414875000000000327e+00,-7.397513179999999977e+01
8.414999999999999147e+00,-7.167848569999999597e+01
8.415124999999999744e+00,-7.165282270000000153e+01
8.415250000000000341e+00,-7.060635019999999429e+01
8.415374999999999162e+00,-7.208944470000000138e+01
8.415499999999999758e+00,-7.268265049999999405e+01
8.415625000000000355e+00,-7.239549209999999846e+01
8.415749999999999176e+00,-7.158074259999999356e+01
8.415874999999999773e+00,-7.388424729999999840e+01
8.416000000000000369e+00,-7.259452819999999917e+01
8.416124999999999190e+00,-7.332482079999999769e+01
8.416249999999999787e+00,-7.149135909999999683e+01
8.416375000000000384e+00,-7.312741130000000567e+01
8.416499999999999204e+00,-7.168451459999999997e+01
8.416624999999999801e+00,-7.160476060000000587e+01
8.416750000000000398e+00,-7.209133160000000373e+01
8.416874999999999218e+00,-7.579630919999999605e+01
8.416999999999999815e+00,-7.188058470000000000e+01
8.417125000000000412e+00,-7.136693040000000110e+01
8.417249999999999233e+00,-7.388729630000000270e+01
8.417374999999999829e+00,-7.163845499999999333e+01
8.417500000000000426e+00,-7.142055609999999888e+01
8.417624999999999247e+00,-7.134216370000000040e+01
8.417749999999999844e+00,-7.190119880000000308e+01
8.417875000000000441e+00,-7.097010469999999316e+01
8.417999999999999261e+00,-7.161992170000000613e+01
8.418124999999999858e+00,-7.049907860000000426e+01
8.418250000000000455e+00,-7.373096180000000288e+01
8.418374999999999275e+00,-7.013055400000000361e+01
8.418499999999999872e+00,-7.043182889999999929e+01
8.418625000000000469e+00,-7.242590800000000684e+01
8.418749999999999289e+00,-7.006330359999999757e+01
8.418874999999999886e+00,-7.232491029999999910e+01
8.419000000000000483e+00,-7.139278629999999737e+01
8.419124999999999304e+00,-7.300831019999999683e+01
8.419249999999999901e+00,-7.125655349999999544e+01
8.419375000000000497e+00,-7.151439089999999510e+01
8.419499999999999318e+00,-7.171666030000000092e+01
8.419624999999999915e+00,-7.059496780000000626e+01
8.419750000000000512e+00,-7.273079140000000109e+01
8.419874999999999332e+00,-7.145407919999999535e+01
8.419999999999999929e+00,-7.065900510000000168e+01
8.420125000000000526e+00,-7.044996759999999369e+01
8.420249999999999346e+00,-7.143517760000000294e+01
8.420374999999999943e+00,-7.144525939999999764e+01
8.420500000000000540e+00,-7.217191420000000335e+01
8.420624999999999361e+00,-7.182350850000000264e+01
8.420749999999999957e+00,-7.335867799999999761e+01
8.420875000000000554e+00,-7.120129919999999402e+01
8.420999999999999375e+00,-7.091361310000000628e+01
8.421124999999999972e+00,-7.080153930000000173e+01
8.421250000000000568e+00,-7.036301210000000594e+01
8.421374999999999389e+00,-7.098078040000000044e+01
8.421499999999999986e+00,-7.059521820000000503e+01
8.421625000000000583e+00,-7.170059129999999925e+01
8.421749999999999403e+00,-7.005360450000000583e+01
8.421875000000000000e+00,-7.006491870000000688e+01
8.422000000000000597e+00,-7.165976820000000203e+01
8.422124999999999417e+00,-7.093133760000000620e+01
8.422250000000000014e+00,-7.126121740000000671e+01
8.422375000000000611e+00,-6.919166649999999663e+01
8.422499999999999432e+00,-7.066401390000000049e+01
8.422625000000000028e+00,-7.011490990000000068e+01
8.422750000000000625e+00,-6.916801829999999995e+01
8.422874999999999446e+00,-7.043754350000000386e+01
8.423000000000000043e+00,-7.066855499999999779e+01
8.423125000000000639e+00,-7.168463119999999833e+01
8.423249999999999460e+00,-7.249451600000000440e+01
8.423375000000000057e+00,-7.171609669999999426e+01
8.423500000000000654e+00,-7.049389399999999739e+01
8.423624999999999474e+00,-7.195964449999999601e+01
8.423750000000000071e+00,-7.078950860000000489e+01
8.423875000000000668e+00,-7.099645359999999528e+01
8.423999999999999488e+00,-7.015533179999999902e+01
8.424125000000000085e+00,-7.036081749999999602e+01
8.424250000000000682e+00,-7.079911730000000603e+01
8.424374999999999503e+00,-7.126647889999999563e+01
8.424500000000000099e+00,-6.980920519999999385e+01
8.424625000000000696e+00,-6.997332559999999546e+01
8.424749999999999517e+00,-6.957755550000000255e+01
8.424875000000000114e+00,-6.950728680000000281e+01
8.425000000000000711e+00,-6.867052080000000558e+01
8.425124999999999531e+00,-7.108322459999999410e+01
8.425250000000000128e+00,-7.040974570000000199e+01
8.425375000000000725e+00,-7.069666820000000484e+01
8.425499999999999545e+00,-7.010196279999999547e+01
8.425625000000000142e+00,-7.091278459999999484e+01
8.425750000000000739e+00,-7.090351889999999457e+01
8.425874999999999559e+00,-6.973022100000000023e+01
8.426000000000000156e+00,-7.014341640000000666e+01
8.426125000000000753e+00,-7.122570960000000184e+01
8.426249999999999574e+00,-7.005492019999999798e+01
8.426375000000000171e+00,-6.899124999999999375e+01
8.426500000000000767e+00,-7.110210139999999512e+01
8.426624999999999588e+00,-6.975733730000000321e+01
8.426750000000000185e+00,-6.907225789999999677e+01
8.426875000000000782e+00,-6.898739980000000571e+01
8.426999999999999602e+00,-6.996696000000000026e+01
8.427125000000000199e+00,-7.056127340000000459e+01
8.427250000000000796e+00,-6.880712370000000533e+01
8.427374999999999616e+00,-6.971292880000000025e+01
8.427500000000000213e+00,-6.895745660000000044e+01
8.427625000000000810e+00,-7.007551960000000690e+01
8.427749999999999631e+00,-6.958936769999999683e+01
8.427875000000000227e+00,-6.966584819999999922e+01
8.428000000000000824e+00,-6.925973100000000215e+01
8.428124999999999645e+00,-6.970881319999999448e+01
8.428250000000000242e+00,-6.856263830000000326e+01
8.428375000000000838e+00,-6.893004009999999937e+01
8.428499999999999659e+00,-6.885141179999999395e+01
8.428625000000000256e+00,-7.123848879999999895e+01
8.428750000000000853e+00,-7.112421849999999779e+01
8.428874999999999673e+00,-7.037419380000000046e+01
8.429000000000000270e+00,-6.837538209999999594e+01
8.429125000000000867e+00,-6.924242340000000695e+01
8.429249999999999687e+00,-6.930617370000000221e+01
8.429375000000000284e+00,-6.867143459999999777e+01
8.429500000000000881e+00,-6.955660349999999426e+01
8.429624999999999702e+00,-6.869792449999999917e+01
8.429750000000000298e+00,-7.023748860000000604e+01
8.429874999999999119e+00,-6.893345750000000294e+01
8.429999999999999716e+00,-6.771108949999999993e+01
8.430125000000000313e+00,-6.814982200000000034e+01
8.430249999999999133e+00,-6.852812330000000429e+01
8.430374999999999730e+00,-6.844500259999999514e+01
8.430500000000000327e+00,-6.937214649999999949e+01
8.430624999999999147e+00,-6.893758160000000146e+01
8.430749999999999744e+00,-6.866090979999999888e+01
8.430875000000000341e+00,-6.916247140000000115e+01
8.430999999999999162e+00,-6.871692570000000444e+01
8.431124999999999758e+00,-6.909276350000000377e+01
8.431250000000000355e+00,-6.953888369999999952e+01
8.431374999999999176e+00,-6.873271520000000123e+01
8.431499999999999773e+00,-6.863100400000000434e+01
8.431625000000000369e+00,-6.949349180000000104e+01
8.431749999999999190e+00,-6.773728130000000647e+01
8.431874999999999787e+00,-6.851818179999999359e+01
8.432000000000000384e+00,-6.890830630000000667e+01
8.432124999999999204e+00,-6.830613739999999723e+01
8.432249999999999801e+00,-6.853616839999999399e+01
8.432375000000000398e+00,-6.786357710000000054e+01
8.432499999999999218e+00,-6.796106290000000172e+01
8.432624999999999815e+00,-6.698687280000000044e+01
8.432750000000000412e+00,-6.759808099999999342e+01
8.432874999999999233e+00,-6.739874240000000327e+01
8.432999999999999829e+00,-6.817363059999999564e+01
8.433125000000000426e+00,-6.856175269999999955e+01
8.433249999999999247e+00,-6.824712680000000375e+01
8.433374999999999844e+00,-6.796422309999999811e+01
8.433500000000000441e+00,-6.754707589999999584e+01
8.433624999999999261e+00,-6.758347220000000277e+01
8.433749999999999858e+00,-6.832040899999999795e+01
8.433875000000000455e+00,-6.816455059999999833e+01
8.433999999999999275e+00,-6.726971020000000578e+01
8.434124999999999872e+00,-6.740705010000000641e+01
8.434250000000000469e+00,-6.685940630000000340e+01
8.434374999999999289e+00,-6.850957440000000531e+01
8.434499999999999886e+00,-6.715592970000000150e+01
8.434625000000000483e+00,-6.753327840000000037e+01
8.434749999999999304e+00,-6.788637719999999831e+01
8.434874999999999901e+00,-6.753964709999999627e+01
8.435000000000000497e+00,-6.767280159999999967e+01
8.435124999999999318e+00,-6.710712479999999402e+01
8.435249999999999915e+00,-6.713844000000000278e+01
8.435375000000000512e+00,-6.758229529999999841e+01
8.435499999999999332e+00,-6.710078860000000134e+01
8.435624999999999929e+00,-6.761075599999999497e+01
8.435750000000000526e+00,-6.789282400000000450e+01
8.435874999999999346e+00,-6.676071389999999894e+01
8.435999999999999943e+00,-6.633095109999999295e+01
8.436125000000000540e+00,-6.582350900000000138e+01
8.436249999999999361e+00,-6.743697570000000496e+01
8.436374999999999957e+00,-6.711404849999999556e+01
8.436500000000000554e+00,-6.732389009999999985e+01
8.436624999999999375e+00,-6.645925900000000297e+01
8.436749999999999972e+00,-6.712090220000000329e+01
8.436875000000000568e+00,-6.636128589999999861e+01
8.436999999999999389e+00,-6.761772270000000162e+01
8.437124999999999986e+00,-6.605944970000000183e+01
8.437250000000000583e+00,-6.598370029999999531e+01
8.437374999999999403e+00,-6.574072219999999334e+01
8.437500000000000000e+00,-6.621629419999999300e+01
8.437625000000000597e+00,-6.613077289999999664e+01
8.437749999999999417e+00,-6.540650259999999605e+01
8.437875000000000014e+00,-6.522633159999999464e+01
8.438000000000000611e+00,-6.591134580000000653e+01
8.438124999999999432e+00,-6.560960520000000429e+01
8.438250000000000028e+00,-6.509014870000000030e+01
8.438375000000000625e+00,-6.498933259999999734e+01
8.438499999999999446e+00,-6.498247630000000186e+01
8.438625000000000043e+00,-6.516945509999999331e+01
8.438750000000000639e+00,-6.508876429999999402e+01
8.438874999999999460e+00,-6.462712050000000374e+01
8.439000000000000057e+00,-6.561672470000000601e+01
8.439125000000000654e+00,-6.491539240000000177e+01
8.439249999999999474e+00,-6.583467450000000554e+01
8.439375000000000071e+00,-6.532619029999999327e+01
8.439500000000000668e+00,-6.509302830000000029e+01
8.439624999999999488e+00,-6.512306010000000356e+01
8.439750000000000085e+00,-6.408815429999999935e+01
8.439875000000000682e+00,-6.404322929999999303e+01
8.439999999999999503e+00,-6.419740600000000086e+01
8.440125000000000099e+00,-6.405967619999999840e+01
8.440250000000000696e+00,-6.433307309999999291e+01
8.440374999999999517e+00,-6.403732940000000440e+01
8.440500000000000114e+00,-6.366275989999999751e+01
8.440625000000000711e+00,-6.357596089999999833e+01
8.440749999999999531e+00,-6.353972720000000152e+01
8.440875000000000128e+00,-6.415159049999999752e+01
8.441000000000000725e+00,-6.355467840000000024e+01
8.441124999999999545e+00,-6.308154460000000086e+01
8.441250000000000142e+00,-6.407215829999999812e+01
8.441375000000000739e+00,-6.289428660000000093e+01
8.441499999999999559e+00,-6.273064140000000322e+01
8.441625000000000156e+00,-6.362981440000000077e+01
8.441750000000000753e+00,-6.303846289999999897e+01
8.441874999999999574e+00,-6.251466260000000119e+01
8.442000000000000171e+00,-6.247369410000000300e+01
8.442125000000000767e+00,-6.192530320000000188e+01
8.442249999999999588e+00,-6.198666399999999754e+01
8.442375000000000185e+00,-6.166444409999999721e+01
8.442500000000000782e+00,-6.175384970000000351e+01
8.442624999999999602e+00,-6.128200509999999923e+01
8.442750000000000199e+00,-6.143402460000000076e+01
8.442875000000000796e+00,-6.132869269999999773e+01
8.442999999999999616e+00,-6.108457539999999852e+01
8.443125000000000213e+00,-6.051330980000000181e+01
8.443250000000000810e+00,-6.044113829999999865e+01
8.443374999999999631e+00,-6.080865560000000158e+01
8.443500000000000227e+00,-6.098264830000000103e+01
8.443625000000000824e+00,-6.092254129999999890e+01
8.443749999999999645e+00,-6.044875940000000014e+01
8.443875000000000242e+00,-5.978742009999999851e+01
8.444000000000000838e+00,-5.923551429999999840e+01
8.444124999999999659e+00,-5.893477349999999859e+01
8.444250000000000256e+00,-5.812498899999999935e+01
8.444375000000000853e+00,-5.816043619999999947e+01
8.444499999999999673e+00,-5.838345809999999858e+01
8.444625000000000270e+00,-5.783432750000000055e+01
8.444750000000000867e+00,-5.783949090000000126e+01
8.444874999999999687e+00,-5.769704819999999756e+01
8.445000000000000284e+00,-5.737488679999999874e+01
8.445125000000000881e+00,-5.708325760000000315e+01
8.445249999999999702e+00,-5.690998570000000001e+01
8.445375000000000298e+00,-5.658421609999999902e+01
8.445499999999999119e+00,-5.653410250000000303e+01
8.445624999999999716e+00,-5.625254590000000121e+01
8.445750000000000313e+00,-5.634929180000000315e+01
8.445874999999999133e+00,-5.597233839999999816e+01
8.445999999999999730e+00,-5.528430749999999705e+01
8.446125000000000327e+00,-5.468750789999999995e+01
8.446249999999999147e+00,-5.421090929999999730e+01
8.446374999999999744e+00,-5.374818539999999700e+01
8.446500000000000341e+00,-5.352017250000000104e+01
8.446624999999999162e+00,-5.342077069999999850e+01
8.446749999999999758e+00,-5.365852160000000026e+01
8.446875000000000355e+00,-5.343098350000000352e+01
8.446999999999999176e+00,-5.347756890000000141e+01
8.447124999999999773e+00,-5.362948930000000303e+01
8.447250000000000369e+00,-5.360179229999999961e+01
8.447374999999999190e+00,-5.371669459999999674e+01
8.447499999999999787e+00,-5.404326060000000354e+01
8.447625000000000384e+00,-5.416241660000000024e+01
8.447749999999999204e+00,-5.407077269999999913e+01
8.447874999999999801e+00,-5.400480319999999779e+01
8.448000000000000398e+00,-5.460207869999999986e+01
8.448124999999999218e+00,-5.493202339999999850e+01
8.448249999999999815e+00,-5.619482889999999742e+01
8.448375000000000412e+00,-5.725105520000000325e+01
8.448499999999999233e+00,-5.823982829999999922e+01
8.448624999999999829e+00,-5.870696929999999725e+01
8.448750000000000426e+00,-5.868241549999999762e+01
8.448874999999999247e+00,-5.879043699999999717e+01
8.448999999999999844e+00,-5.897929440000000056e+01
8.449125000000000441e+00,-5.934406119999999873e+01
8.449249999999999261e+00,-6.025828640000000291e+01
8.449374999999999858e+00,-6.033206220000000286e+01
8.449500000000000455e+00,-6.157343449999999763e+01
8.449624999999999275e+00,-6.143360390000000137e+01
8.449749999999999872e+00,-6.152828850000000216e+01
8.449875000000000469e+00,-6.115291460000000257e+01
8.449999999999999289e+00,-6.169618439999999993e+01
8.450124999999999886e+00,-6.170750619999999742e+01
8.450250000000000483e+00,-6.282035880000000105e+01
8.450374999999999304e+00,-6.322258219999999795e+01
8.450499999999999901e+00,-6.401801410000000203e+01
8.450625000000000497e+00,-6.616696650000000091e+01
8.450749999999999318e+00,-6.537727979999999661e+01
8.450874999999999915e+00,-6.653594130000000462e+01
8.451000000000000512e+00,-6.596037970000000428e+01
8.451124999999999332e+00,-6.601972840000000531e+01
8.451249999999999929e+00,-6.641473159999999609e+01
8.451375000000000526e+00,-6.704387470000000349e+01
8.451499999999999346e+00,-6.733542389999999500e+01
8.451624999999999943e+00,-6.765948450000000491e+01
8.451750000000000540e+00,-6.814562589999999886e+01
8.451874999999999361e+00,-6.889076000000000022e+01
8.451999999999999957e+00,-6.866528950000000009e+01
8.452125000000000554e+00,-6.905825620000000242e+01
8.452249999999999375e+00,-6.828022869999999500e+01
8.452374999999999972e+00,-6.860004739999999401e+01
8.452500000000000568e+00,-6.944731570000000431e+01
8.452624999999999389e+00,-7.098070930000000089e+01
8.452749999999999986e+00,-7.124921949999999526e+01
8.452875000000000583e+00,-7.185054100000000687e+01
8.452999999999999403e+00,-7.249880620000000420e+01
8.453125000000000000e+00,-7.294632509999999570e+01
8.453250000000000597e+00,-7.053900910000000124e+01
8.453374999999999417e+00,-7.339245699999999317e+01
8.453500000000000014e+00,-7.312923150000000305e+01
8.453625000000000611e+00,-7.523155749999999387e+01
8.453749999999999432e+00,-7.388656849999999565e+01
8.453875000000000028e+00,-7.374161589999999933e+01
8.454000000000000625e+00,-7.643721320000000219e+01
8.454124999999999446e+00,-7.413815300000000263e+01
8.454250000000000043e+00,-7.320497570000000565e+01
8.454375000000000639e+00,-7.432205260000000635e+01
8.454499999999999460e+00,-7.268093220000000088e+01
8.454625000000000057e+00,-7.622325250000000096e+01
8.454750000000000654e+00,-7.837896859999999322e+01
8.454874999999999474e+00,-7.675952789999999482e+01
8.455000000000000071e+00,-7.787681779999999776e+01
8.455125000000000668e+00,-7.695894260000000031e+01
8.455249999999999488e+00,-7.850914170000000070e+01
8.455375000000000085e+00,-8.087431960000000686e+01
8.455500000000000682e+00,-8.049709950000000447e+01
8.455624999999999503e+00,-7.951301999999999737e+01
8.455750000000000099e+00,-8.124045710000000042e+01
8.455875000000000696e+00,-8.308112140000000068e+01
8.455999999999999517e+00,-8.036952250000000220e+01
8.456125000000000114e+00,-8.232149219999999445e+01
8.456250000000000711e+00,-8.269967699999999411e+01
8.456374999999999531e+00,-7.912815809999999317e+01
8.456500000000000128e+00,-8.084735499999999320e+01
8.456625000000000725e+00,-8.045268980000000170e+01
8.456749999999999545e+00,-8.574356500000000381e+01
8.456875000000000142e+00,-7.961016990000000249e+01
8.457000000000000739e+00,-8.441459860000000504e+01
8.457124999999999559e+00,-8.353531089999999892e+01
8.457250000000000156e+00,-8.540149750000000495e+01
8.457375000000000753e+00,-8.227257640000000549e+01
8.457499999999999574e+00,-8.179357589999999334e+01
8.457625000000000171e+00,-7.928752199999999561e+01
8.457750000000000767e+00,-8.498734659999999508e+01
8.457874999999999588e+00,-8.231952889999999456e+01
8.458000000000000185e+00,-9.161715159999999969e+01
8.458125000000000782e+00,-8.112888300000000186e+01
8.458249999999999602e+00,-8.621161909999999295e+01
8.458375000000000199e+00,-8.034513189999999838e+01
8.458500000000000796e+00,-9.233298960000000477e+01
8.458624999999999616e+00,-8.547818660000000079e+01
8.458750000000000213e+00,-8.870211559999999906e+01
8.458875000000000810e+00,-8.952173569999999359e+01
8.458999999999999631e+00,-9.356008799999999326e+01
8.459125000000000227e+00,-8.555928760000000466e+01
8.459250000000000824e+00,-7.996069989999999450e+01
8.459374999999999645e+00,-8.334404899999999827e+01
8.459500000000000242e+00,-8.194541159999999991e+01
8.459625000000000838e+00,-8.245617889999999761e+01
8.459749999999999659e+00,-8.742131000000000540e+01
8.459875000000000256e+00,-8.337825229999999976e+01
8.460000000000000853e+00,-8.746850419999999815e+01
8.460124999999999673e+00,-8.187521200000000476e+01
8.460250000000000270e+00,-8.678685649999999896e+01
8.460375000000000867e+00,-8.901165819999999940e+01
8.460499999999999687e+00,-8.505601090000000397e+01
8.460625000000000284e+00,-8.046290659999999662e+01
8.460750000000000881e+00,-8.416172179999999514e+01
8.460874999999999702e+00,-7.825719940000000463e+01
8.461000000000000298e+00,-8.179874560000000372e+01
8.461124999999999119e+00,-8.018161469999999724e+01
8.461249999999999716e+00,-8.363077900000000398e+01
8.461375000000000313e+00,-7.901132889999999520e+01
8.461499999999999133e+00,-8.027650680000000705e+01
8.461624999999999730e+00,-8.058545709999999929e+01
8.461750000000000327e+00,-8.115263009999999610e+01
8.461874999999999147e+00,-8.030377380000000187e+01
8.461999999999999744e+00,-8.338250460000000430e+01
8.462125000000000341e+00,-7.945562200000000530e+01
8.462249999999999162e+00,-7.979429589999999450e+01
8.462374999999999758e+00,-7.900662810000000036e+01
8.462500000000000355e+00,-7.939819190000000049e+01
8.462624999999999176e+00,-7.867499499999999557e+01
8.462749999999999773e+00,-8.127913239999999462e+01
8.462875000000000369e+00,-7.942773320000000581e+01
8.462999999999999190e+00,-8.278419279999999958e+01
8.463124999999999787e+00,-7.900443110000000502e+01
8.463250000000000384e+00,-8.115130310000000691e+01
8.463374999999999204e+00,-7.630400190000000293e+01
8.463499999999999801e+00,-7.702454840000000047e+01
8.463625000000000398e+00,-7.647728650000000528e+01
8.463749999999999218e+00,-7.566506769999999449e+01
8.463874999999999815e+00,-7.658314660000000629e+01
8.464000000000000412e+00,-7.953681539999999472e+01
8.464124999999999233e+00,-7.699247490000000482e+01
8.464249999999999829e+00,-8.093768620000000169e+01
8.464375000000000426e+00,-7.607146529999999984e+01
8.464499999999999247e+00,-7.925547869999999762e+01
8.464624999999999844e+00,-7.621866660000000593e+01
8.464750000000000441e+00,-7.655328690000000336e+01
8.464874999999999261e+00,-7.577907469999999535e+01
8.464999999999999858e+00,-7.889866290000000504e+01
8.465125000000000455e+00,-7.577917100000000517e+01
8.465249999999999275e+00,-7.735511739999999747e+01
8.465374999999999872e+00,-7.492619870000000049e+01
8.465500000000000469e+00,-7.403229539999999531e+01
8.465624999999999289e+00,-7.605223850000000141e+01
8.465749999999999886e+00,-7.544561779999999374e+01
8.465875000000000483e+00,-7.433407560000000558e+01
8.465999999999999304e+00,-7.479286120000000437e+01
8.466124999999999901e+00,-7.654162259999999662e+01
8.466250000000000497e+00,-7.585333699999999624e+01
8.466374999999999318e+00,-7.752677719999999795e+01
8.466499999999999915e+00,-7.528785689999999420e+01
8.466625000000000512e+00,-7.714885700000000668e+01
8.466749999999999332e+00,-7.303671029999999575e+01
8.466874999999999929e+00,-7.340877559999999846e+01
8.467000000000000526e+00,-7.530693719999999303e+01
8.467124999999999346e+00,-7.513724799999999959e+01
8.467249999999999943e+00,-7.563469369999999969e+01
8.467375000000000540e+00,-7.542357079999999314e+01
8.467499999999999361e+00,-7.480158699999999783e+01
8.467624999999999957e+00,-7.278287439999999719e+01
8.467750000000000554e+00,-7.485694850000000145e+01
8.467874999999999375e+00,-7.342118770000000438e+01
8.467999999999999972e+00,-7.445598630000000639e+01
8.468125000000000568e+00,-7.724009580000000597e+01
8.468249999999999389e+00,-7.706249139999999898e+01
8.468374999999999986e+00,-7.443412340000000427e+01
8.468500000000000583e+00,-7.407715740000000437e+01
8.468624999999999403e+00,-7.367155719999999519e+01
8.468750000000000000e+00,-7.378910910000000456e+01
8.468875000000000597e+00,-7.394190480000000321e+01
8.468999999999999417e+00,-7.287844800000000589e+01
8.469125000000000014e+00,-7.304242290000000537e+01
8.469250000000000611e+00,-7.552972350000000290e+01
8.469374999999999432e+00,-7.474677029999999434e+01
8.469500000000000028e+00,-7.167926690000000178e+01
8.469625000000000625e+00,-7.281181899999999985e+01
8.469749999999999446e+00,-7.347398219999999469e+01
8.469875000000000043e+00,-7.463409930000000259e+01
8.470000000000000639e+00,-7.357647790000000043e+01
8.470124999999999460e+00,-7.321532440000000008e+01
8.470250000000000057e+00,-7.283650649999999871e+01
8.470375000000000654e+00,-7.163773840000000348e+01
8.470499999999999474e+00,-7.306618039999999326e+01
8.470625000000000071e+00,-7.280890999999999735e+01
8.470750000000000668e+00,-7.339932070000000408e+01
8.470874999999999488e+00,-7.411410150000000385e+01
8.471000000000000085e+00,-7.326087850000000401e+01
8.471125000000000682e+00,-7.434805699999999717e+01
8.471249999999999503e+00,-7.258383969999999863e+01
8.471375000000000099e+00,-7.302750039999999387e+01
8.471500000000000696e+00,-7.274108440000000542e+01
8.471624999999999517e+00,-7.273710850000000505e+01
8.471750000000000114e+00,-7.309592279999999676e+01
8.471875000000000711e+00,-7.158454670000000419e+01
8.471999999999999531e+00,-7.218753130000000340e+01
8.472125000000000128e+00,-7.187840559999999357e+01
8.472250000000000725e+00,-7.429313139999999294e+01
8.472374999999999545e+00,-7.035210270000000321e+01
8.472500000000000142e+00,-7.341060629999999776e+01
8.472625000000000739e+00,-7.346522400000000630e+01
8.472749999999999559e+00,-7.285813659999999459e+01
8.472875000000000156e+00,-7.161538319999999658e+01
8.473000000000000753e+00,-7.098475709999999594e+01
8.473124999999999574e+00,-7.222822240000000704e+01
8.473250000000000171e+00,-7.335830919999999367e+01
8.473375000000000767e+00,-7.352354870000000631e+01
8.473499999999999588e+00,-7.124220499999999845e+01
8.473625000000000185e+00,-7.151749200000000428e+01
8.473750000000000782e+00,-7.163084379999999385e+01
8.473874999999999602e+00,-7.015610379999999680e+01
8.474000000000000199e+00,-7.180116719999999475e+01
8.474125000000000796e+00,-7.371442539999999610e+01
8.474249999999999616e+00,-7.123053579999999840e+01
8.474375000000000213e+00,-7.043603609999999549e+01
8.474500000000000810e+00,-7.129595820000000117e+01
8.474624999999999631e+00,-7.092382349999999747e+01
8.474750000000000227e+00,-7.271929749999999615e+01
8.474875000000000824e+00,-7.033716560000000584e+01
8.474999999999999645e+00,-7.137283060000000035e+01
8.475125000000000242e+00,-7.076052260000000160e+01
8.475250000000000838e+00,-7.084317590000000564e+01
8.475374999999999659e+00,-6.993255580000000293e+01
8.475500000000000256e+00,-7.015056049999999743e+01
8.475625000000000853e+00,-6.940684550000000286e+01
8.475749999999999673e+00,-6.947628670000000284e+01
8.475875000000000270e+00,-7.161411239999999623e+01
8.476000000000000867e+00,-7.262615320000000452e+01
8.476124999999999687e+00,-6.961705129999999997e+01
8.476250000000000284e+00,-7.080453119999999956e+01
8.476375000000000881e+00,-6.994451089999999738e+01
8.476499999999999702e+00,-7.015813389999999572e+01
8.476625000000000298e+00,-6.981030040000000270e+01
8.476749999999999119e+00,-6.978299330000000111e+01
8.476874999999999716e+00,-7.009388570000000129e+01
8.477000000000000313e+00,-7.024730409999999381e+01
8.477124999999999133e+00,-7.103149679999999933e+01
8.477249999999999730e+00,-7.040694070000000693e+01
8.477375000000000327e+00,-6.922257639999999412e+01
8.477499999999999147e+00,-6.917998509999999612e+01
8.477624999999999744e+00,-6.925515760000000398e+01
8.477750000000000341e+00,-6.899636169999999424e+01
8.477874999999999162e+00,-6.846599539999999706e+01
8.477999999999999758e+00,-7.015181599999999662e+01
8.478125000000000355e+00,-6.973053989999999658e+01
8.478249999999999176e+00,-6.947646039999999346e+01
8.478374999999999773e+00,-6.989077100000000087e+01
8.478500000000000369e+00,-6.942787490000000616e+01
8.478624999999999190e+00,-6.936098979999999870e+01
8.478749999999999787e+00,-6.976180669999999395e+01
8.478875000000000384e+00,-6.871013750000000186e+01
8.478999999999999204e+00,-7.013663780000000258e+01
8.479124999999999801e+00,-6.937275499999999795e+01
8.479250000000000398e+00,-6.871351500000000101e+01
8.479374999999999218e+00,-6.814588159999999561e+01
8.479499999999999815e+00,-6.925348139999999830e+01
8.479625000000000412e+00,-7.007783430000000635e+01
8.479749999999999233e+00,-6.948173339999999598e+01
8.479874999999999829e+00,-6.866452239999999563e+01
8.480000000000000426e+00,-6.893348609999999610e+01
8.480124999999999247e+00,-6.745391750000000286e+01
8.480249999999999844e+00,-6.837925830000000360e+01
8.480375000000000441e+00,-6.893041820000000541e+01
8.480499999999999261e+00,-6.917679889999999432e+01
8.480624999999999858e+00,-6.838332549999999799e+01
8.480750000000000455e+00,-6.845171519999999532e+01
8.480874999999999275e+00,-6.810455389999999909e+01
8.480999999999999872e+00,-6.760675720000000410e+01
8.481125000000000469e+00,-6.793212110000000337e+01
8.481249999999999289e+00,-6.848336670000000481e+01
8.481374999999999886e+00,-6.789172379999999407e+01
8.481500000000000483e+00,-6.769860459999999591e+01
8.481624999999999304e+00,-6.808416549999999745e+01
8.481749999999999901e+00,-6.791576150000000212e+01
8.481875000000000497e+00,-6.769549949999999683e+01
8.481999999999999318e+00,-6.859849730000000534e+01
8.482124999999999915e+00,-6.751611139999999978e+01
8.482250000000000512e+00,-6.848958770000000129e+01
8.482374999999999332e+00,-6.732553219999999783e+01
8.482499999999999929e+00,-6.734708759999999472e+01
8.482625000000000526e+00,-6.925779199999999491e+01
8.482749999999999346e+00,-6.709718429999999501e+01
8.482874999999999943e+00,-6.818676929999999459e+01
8.483000000000000540e+00,-6.752607670000000439e+01
8.483124999999999361e+00,-6.713922979999999541e+01
8.483249999999999957e+00,-6.738156229999999880e+01
8.483375000000000554e+00,-6.712801530000000128e+01
8.483499999999999375e+00,-6.745331249999999557e+01
8.483624999999999972e+00,-6.691145439999999667e+01
8.483750000000000568e+00,-6.748550840000000051e+01
8.483874999999999389e+00,-6.654640890000000297e+01
8.483999999999999986e+00,-6.775282459999999674e+01
8.484125000000000583e+00,-6.671765910000000588e+01
8.484249999999999403e+00,-6.708122269999999787e+01
8.484375000000000000e+00,-6.652026469999999847e+01
8.484500000000000597e+00,-6.806763420000000053e+01
8.484624999999999417e+00,-6.703782490000000394e+01
8.484750000000000014e+00,-6.679046060000000296e+01
8.484875000000000611e+00,-6.726023940000000323e+01
8.484999999999999432e+00,-6.763274590000000330e+01
8.485125000000000028e+00,-6.717295799999999417e+01
8.485250000000000625e+00,-6.600856600000000185e+01
8.485374999999999446e+00,-6.738912779999999714e+01
8.485500000000000043e+00,-6.673959050000000559e+01
8.485625000000000639e+00,-6.716473120000000563e+01
8.485749999999999460e+00,-6.663001810000000091e+01
8.485875000000000057e+00,-6.729873340000000326e+01
8.486000000000000654e+00,-6.647493249999999421e+01
8.486124999999999474e+00,-6.631688939999999377e+01
8.486250000000000071e+00,-6.635443209999999681e+01
8.486375000000000668e+00,-6.681292550000000574e+01
8.486499999999999488e+00,-6.637893610000000422e+01
8.486625000000000085e+00,-6.618038359999999898e+01
8.486750000000000682e+00,-6.621248549999999966e+01
8.486874999999999503e+00,-6.630425490000000366e+01
8.487000000000000099e+00,-6.595582520000000670e+01
8.487125000000000696e+00,-6.577398309999999526e+01
8.487249999999999517e+00,-6.604755659999999295e+01
8.487375000000000114e+00,-6.590676729999999850e+01
8.487500000000000711e+00,-6.619370349999999803e+01
8.487624999999999531e+00,-6.618782070000000317e+01
8.487750000000000128e+00,-6.573641729999999939e+01
8.487875000000000725e+00,-6.569600850000000491e+01
8.487999999999999545e+00,-6.610828469999999868e+01
8.488125000000000142e+00,-6.578825820000000135e+01
8.488250000000000739e+00,-6.651137649999999724e+01
8.488374999999999559e+00,-6.579597630000000663e+01
8.488500000000000156e+00,-6.564424769999999398e+01
8.488625000000000753e+00,-6.537541120000000205e+01
8.488749999999999574e+00,-6.648099849999999833e+01
8.488875000000000171e+00,-6.568303349999999341e+01
8.489000000000000767e+00,-6.588882069999999658e+01
8.489124999999999588e+00,-6.575637290000000235e+01
8.489250000000000185e+00,-6.519546429999999759e+01
8.489375000000000782e+00,-6.603675429999999835e+01
8.489499999999999602e+00,-6.496681710000000010e+01
8.489625000000000199e+00,-6.496402759999999432e+01
8.489750000000000796e+00,-6.507652880000000550e+01
8.489874999999999616e+00,-6.630044089999999812e+01
8.490000000000000213e+00,-6.500128189999999506e+01
8.490125000000000810e+00,-6.527657770000000426e+01
8.490249999999999631e+00,-6.510379380000000538e+01
8.490375000000000227e+00,-6.419765830000000051e+01
8.490500000000000824e+00,-6.535367979999999477e+01
8.490624999999999645e+00,-6.534341129999999964e+01
8.490750000000000242e+00,-6.467128820000000644e+01
8.490875000000000838e+00,-6.542609969999999464e+01
8.490999999999999659e+00,-6.486601149999999905e+01
8.491125000000000256e+00,-6.433954140000000166e+01
8.491250000000000853e+00,-6.456527749999999344e+01
8.491374999999999673e+00,-6.476124230000000637e+01
8.491500000000000270e+00,-6.395029920000000345e+01
8.491625000000000867e+00,-6.465616719999999873e+01
8.491749999999999687e+00,-6.399538059999999717e+01
8.491875000000000284e+00,-6.436090090000000430e+01
8.492000000000000881e+00,-6.450385570000000257e+01
8.492124999999999702e+00,-6.444830179999999586e+01
8.492250000000000298e+00,-6.436415479999999434e+01
8.492374999999999119e+00,-6.415998480000000370e+01
8.492499999999999716e+00,-6.367265270000000044e+01
8.492625000000000313e+00,-6.473210589999999343e+01
8.492749999999999133e+00,-6.386987119999999862e+01
8.492874999999999730e+00,-6.392138349999999747e+01
8.493000000000000327e+00,-6.380745399999999989e+01
8.493124999999999147e+00,-6.484363290000000291e+01
8.493249999999999744e+00,-6.397788669999999911e+01
8.493375000000000341e+00,-6.329312749999999710e+01
8.493499999999999162e+00,-6.321754159999999700e+01
8.493624999999999758e+00,-6.367565369999999803e+01
8.493750000000000355e+00,-6.327336580000000055e+01
8.493874999999999176e+00,-6.303394910000000095e+01
8.493999999999999773e+00,-6.347049319999999994e+01
8.494125000000000369e+00,-6.310549460000000010e+01
8.494249999999999190e+00,-6.285528419999999983e+01
8.494374999999999787e+00,-6.322667249999999939e+01
8.494500000000000384e+00,-6.340405009999999919e+01
8.494624999999999204e+00,-6.293216759999999965e+01
8.494749999999999801e+00,-6.256719900000000223e+01
8.494875000000000398e+00,-6.357296389999999775e+01
8.494999999999999218e+00,-6.319604689999999891e+01
8.495124999999999815e+00,-6.302195960000000241e+01
8.495250000000000412e+00,-6.270371430000000146e+01
8.495374999999999233e+00,-6.320567030000000130e+01
8.495499999999999829e+00,-6.310337679999999949e+01
8.495625000000000426e+00,-6.276742819999999767e+01
8.495749999999999247e+00,-6.256535790000000219e+01
8.495874999999999844e+00,-6.277251760000000047e+01
8.496000000000000441e+00,-6.211558519999999817e+01
8.496124999999999261e+00,-6.293859020000000015e+01
8.496249999999999858e+00,-6.175883550000000355e+01
8.496375000000000455e+00,-6.224895839999999936e+01
8.496499999999999275e+00,-6.289093539999999649e+01
8.496624999999999872e+00,-6.166252279999999786e+01
8.496750000000000469e+00,-6.186088980000000248e+01
8.496874999999999289e+00,-6.200313640000000248e+01
8.496999999999999886e+00,-6.226426469999999824e+01
8.497125000000000483e+00,-6.162485130000000311e+01
8.497249999999999304e+00,-6.214234330000000028e+01
8.497374999999999901e+00,-6.193019230000000164e+01
8.497500000000000497e+00,-6.181062419999999946e+01
8.497624999999999318e+00,-6.158474960000000209e+01
8.497749999999999915e+00,-6.172565349999999995e+01
8.497875000000000512e+00,-6.157078409999999735e+01
8.497999999999999332e+00,-6.176034219999999664e+01
8.498124999999999929e+00,-6.084584019999999782e+01
8.498250000000000526e+00,-6.121893930000000239e+01
8.498374999999999346e+00,-6.136775099999999838e+01
8.498499999999999943e+00,-6.113608370000000036e+01
8.498625000000000540e+00,-6.102417650000000293e+01
8.498749999999999361e+00,-6.067267660000000262e+01
8.498874999999999957e+00,-6.070987819999999857e+01
8.499000000000000554e+00,-6.061737649999999888e+01
8.499124999999999375e+00,-6.118799359999999865e+01
8.499249999999999972e+00,-6.042482129999999785e+01
8.499375000000000568e+00,-6.107148089999999740e+01
8.499499999999999389e+00,-6.064319189999999793e+01
8.499624999999999986e+00,-6.071156249999999943e+01
8.499750000000000583e+00,-6.063629159999999985e+01
8.499874999999999403e+00,-6.048033749999999742e+01
8.500000000000000000e+00,-6.022280520000000337e+01
8.500125000000000597e+00,-6.167729489999999970e+01
8.500249999999999417e+00,-5.995671990000000307e+01
8.500375000000000014e+00,-6.036760280000000023e+01
8.500500000000000611e+00,-6.042564970000000102e+01
8.500624999999999432e+00,-5.836519820000000180e+01
8.500750000000000028e+00,-5.965394700000000228e+01
8.500875000000000625e+00,-5.967493730000000340e+01
8.500999999999999446e+00,-5.877345429999999737e+01
8.501125000000000043e+00,-6.015363870000000190e+01
8.501250000000000639e+00,-5.941041570000000149e+01
8.501374999999999460e+00,-5.862375949999999847e+01
8.501500000000000057e+00,-5.933013520000000085e+01
8.501625000000000654e+00,-6.062982180000000199e+01
8.501749999999999474e+00,-5.862628430000000179e+01
8.501875000000000071e+00,-5.946661900000000145e+01
8.502000000000000668e+00,-5.902801250000000266e+01
8.502124999999999488e+00,-5.795975899999999825e+01
8.502250000000000085e+00,-5.830296750000000117e+01
8.502375000000000682e+00,-5.897441890000000342e+01
8.502499999999999503e+00,-5.802984399999999710e+01
8.502625000000000099e+00,-5.830122649999999851e+01
8.502750000000000696e+00,-5.798101270000000085e+01
8.502874999999999517e+00,-5.955812399999999940e+01
8.503000000000000114e+00,-5.808097589999999855e+01
8.503125000000000711e+00,-5.781976029999999867e+01
8.503249999999999531e+00,-5.797425340000000205e+01
8.503375000000000128e+00,-5.742755340000000075e+01
8.503500000000000725e+00,-5.903750639999999805e+01
8.503624999999999545e+00,-5.789002740000000102e+01
8.503750000000000142e+00,-5.767909180000000191e+01
8.503875000000000739e+00,-5.756133189999999900e+01
8.503999999999999559e+00,-5.684431339999999722e+01
8.504125000000000156e+00,-5.624334590000000134e+01
8.504250000000000753e+00,-5.682388859999999653e+01
8.504374999999999574e+00,-5.641825790000000040e+01
8.504500000000000171e+00,-5.625493639999999829e+01
8.504625000000000767e+00,-5.615107909999999691e+01
8.504749999999999588e+00,-5.580178810000000311e+01
8.504875000000000185e+00,-5.607505369999999800e+01
8.505000000000000782e+00,-5.617765430000000038e+01
8.505124999999999602e+00,-5.589843919999999855e+01
8.505250000000000199e+00,-5.510305550000000352e+01
8.505375000000000796e+00,-5.471296600000000154e+01
8.505499999999999616e+00,-5.545648560000000060e+01
8.505625000000000213e+00,-5.545638009999999696e+01
8.505750000000000810e+00,-5.497970550000000145e+01
8.505874999999999631e+00,-5.490105729999999795e+01
8.506000000000000227e+00,-5.507161399999999674e+01
8.506125000000000824e+00,-5.442513120000000271e+01
8.506249999999999645e+00,-5.454183350000000274e+01
8.506375000000000242e+00,-5.431390809999999902e+01
8.506500000000000838e+00,-5.415545440000000355e+01
8.506624999999999659e+00,-5.391797520000000077e+01
8.506750000000000256e+00,-5.461280119999999982e+01
8.506875000000000853e+00,-5.415335400000000021e+01
8.506999999999999673e+00,-5.398145149999999859e+01
8.507125000000000270e+00,-5.319622119999999654e+01
8.507250000000000867e+00,-5.394500479999999953e+01
8.507374999999999687e+00,-5.305475049999999726e+01
8.507500000000000284e+00,-5.288618579999999980e+01
8.507625000000000881e+00,-5.260253149999999778e+01
8.507749999999999702e+00,-5.266833309999999813e+01
8.507875000000000298e+00,-5.214244769999999818e+01
8.507999999999999119e+00,-5.237674539999999723e+01
8.508124999999999716e+00,-5.271288140000000055e+01
8.508250000000000313e+00,-5.198255189999999715e+01
8.508374999999999133e+00,-5.194305930000000160e+01
8.508499999999999730e+00,-5.164054209999999756e+01
8.508625000000000327e+00,-5.189067670000000021e+01
8.508749999999999147e+00,-5.230873689999999954e+01
8.508874999999999744e+00,-5.184729169999999954e+01
8.509000000000000341e+00,-5.155289719999999676e+01
8.509124999999999162e+00,-5.136285850000000153e+01
8.509249999999999758e+00,-5.157122460000000075e+01
8.509375000000000355e+00,-5.178753259999999869e+01
8.509499999999999176e+00,-5.052770559999999733e+01
8.509624999999999773e+00,-5.127566749999999729e+01
8.509750000000000369e+00,-5.054750080000000168e+01
8.509874999999999190e+00,-5.047043419999999969e+01
8.509999999999999787e+00,-5.074099950000000092e+01
8.510125000000000384e+00,-5.063535710000000023e+01
8.510249999999999204e+00,-5.031670319999999919e+01
8.510374999999999801e+00,-4.964501959999999769e+01
8.510500000000000398e+00,-4.979342720000000355e+01
8.510624999999999218e+00,-4.966710619999999921e+01
8.510749999999999815e+00,-4.850824529999999868e+01
8.510875000000000412e+00,-4.870463629999999711e+01
8.510999999999999233e+00,-4.833300450000000126e+01
8.511124999999999829e+00,-4.828268849999999901e+01
8.511250000000000426e+00,-4.810845009999999888e+01
8.511374999999999247e+00,-4.770079779999999658e+01
8.511499999999999844e+00,-4.727790910000000224e+01
8.511625000000000441e+00,-4.741688280000000333e+01
8.511749999999999261e+00,-4.723469200000000257e+01
8.511874999999999858e+00,-4.661766589999999866e+01
8.512000000000000455e+00,-4.653061590000000081e+01
8.512124999999999275e+00,-4.626900479999999760e+01
8.512249999999999872e+00,-4.597043910000000011e+01
8.512375000000000469e+00,-4.588804480000000297e+01
8.512499999999999289e+00,-4.544946519999999879e+01
8.512624999999999886e+00,-4.511530840000000353e+01
8.512750000000000483e+00,-4.455671360000000192e+01
8.512874999999999304e+00,-4.444265250000000123e+01
8.512999999999999901e+00,-4.387057209999999685e+01
8.513125000000000497e+00,-4.352203819999999723e+01
8.513249999999999318e+00,-4.346468449999999706e+01
8.513374999999999915e+00,-4.304981620000000220e+01
8.513500000000000512e+00,-4.270589160000000106e+01
8.513624999999999332e+00,-4.245198440000000062e+01
8.513749999999999929e+00,-4.227964479999999980e+01
8.513875000000000526e+00,-4.166251249999999828e+01
8.513999999999999346e+00,-4.157812539999999757e+01
8.514124999999999943e+00,-4.139615140000000082e+01
8.514250000000000540e+00,-4.125183950000000266e+01
8.514374999999999361e+00,-4.103859099999999671e+01
8.514499999999999957e+00,-4.100362230000000352e+01
8.514625000000000554e+00,-4.061686720000000150e+01
8.514749999999999375e+00,-4.057399730000000204e+01
8.514874999999999972e+00,-4.055659610000000015e+01
8.515000000000000568e+00,-4.046765450000000186e+01
8.515124999999999389e+00,-4.068419790000000091e+01
8.515249999999999986e+00,-4.072516550000000279e+01
8.515375000000000583e+00,-4.091834329999999653e+01
8.515499999999999403e+00,-4.099660089999999713e+01
8.515625000000000000e+00,-4.130473250000000007e+01
8.515750000000000597e+00,-4.155926800000000298e+01
8.515874999999999417e+00,-4.179688380000000336e+01
8.516000000000000014e+00,-4.218213879999999705e+01
8.516125000000000611e+00,-4.253407669999999996e+01
8.516249999999999432e+00,-4.289903670000000346e+01
8.516375000000000028e+00,-4.294078830000000124e+01
8.516500000000000625e+00,-4.329682150000000007e+01
8.516624999999999446e+00,-4.382877750000000106e+01
8.516750000000000043e+00,-4.391678519999999963e+01
8.516875000000000639e+00,-4.445622000000000185e+01
8.516999999999999460e+00,-4.489303139999999814e+01
8.517125000000000057e+00,-4.509114590000000078e+01
8.517250000000000654e+00,-4.559323140000000052e+01
8.517374999999999474e+00,-4.603740729999999814e+01
8.517500000000000071e+00,-4.625143450000000200e+01
8.517625000000000668e+00,-4.662312349999999839e+01
8.517749999999999488e+00,-4.706175979999999726e+01
8.517875000000000085e+00,-4.716502820000000185e+01
8.518000000000000682e+00,-4.720073940000000334e+01
8.518124999999999503e+00,-4.746818629999999928e+01
8.518250000000000099e+00,-4.810641580000000062e+01
8.518375000000000696e+00,-4.820211270000000070e+01
8.518499999999999517e+00,-4.824266320000000263e+01
8.518625000000000114e+00,-4.832061399999999907e+01
8.518750000000000711e+00,-4.900091630000000009e+01
8.518874999999999531e+00,-4.903446840000000151e+01
8.519000000000000128e+00,-4.904452560000000005e+01
8.519125000000000725e+00,-4.973286699999999882e+01
8.519249999999999545e+00,-5.046436059999999912e+01
8.519375000000000142e+00,-4.996373179999999792e+01
8.519500000000000739e+00,-5.056217709999999954e+01
8.519624999999999559e+00,-5.067267269999999968e+01
8.519750000000000156e+00,-5.058109749999999849e+01
8.519875000000000753e+00,-5.086228799999999950e+01
8.519999999999999574e+00,-5.148968349999999816e+01
8.520125000000000171e+00,-5.164459159999999827e+01
8.520250000000000767e+00,-5.152596880000000112e+01
8.520374999999999588e+00,-5.167627780000000115e+01
8.520500000000000185e+00,-5.163680070000000200e+01
8.520625000000000782e+00,-5.179981409999999897e+01
8.520749999999999602e+00,-5.220531919999999815e+01
8.520875000000000199e+00,-5.169004600000000238e+01
8.521000000000000796e+00,-5.256514469999999761e+01
8.521124999999999616e+00,-5.261524810000000230e+01
8.521250000000000213e+00,-5.262766179999999849e+01
8.521375000000000810e+00,-5.284648810000000196e+01
8.521499999999999631e+00,-5.294349540000000331e+01
8.521625000000000227e+00,-5.393181239999999832e+01
8.521750000000000824e+00,-5.418401289999999904e+01
8.521874999999999645e+00,-5.371442969999999661e+01
8.522000000000000242e+00,-5.392135100000000136e+01
8.522125000000000838e+00,-5.411065510000000245e+01
8.522249999999999659e+00,-5.415294620000000236e+01
8.522375000000000256e+00,-5.390852009999999694e+01
8.522500000000000853e+00,-5.412974710000000300e+01
8.522624999999999673e+00,-5.429371299999999678e+01
8.522750000000000270e+00,-5.525565110000000146e+01
8.522875000000000867e+00,-5.461192429999999831e+01
8.522999999999999687e+00,-5.489294939999999912e+01
8.523125000000000284e+00,-5.497213490000000036e+01
8.523250000000000881e+00,-5.508786270000000229e+01
8.523374999999999702e+00,-5.606075469999999683e+01
8.523500000000000298e+00,-5.552919299999999936e+01
8.523624999999999119e+00,-5.535304399999999703e+01
8.523749999999999716e+00,-5.550181510000000173e+01
8.523875000000000313e+00,-5.541720980000000196e+01
8.523999999999999133e+00,-5.548389540000000153e+01
8.524124999999999730e+00,-5.567962109999999853e+01
8.524250000000000327e+00,-5.598214889999999855e+01
8.524374999999999147e+00,-5.658026399999999967e+01
8.524499999999999744e+00,-5.679222349999999864e+01
8.524625000000000341e+00,-5.664370079999999774e+01
8.524749999999999162e+00,-5.662538860000000085e+01
8.524874999999999758e+00,-5.681532920000000075e+01
8.525000000000000355e+00,-5.664099019999999740e+01
8.525124999999999176e+00,-5.669263970000000086e+01
8.525249999999999773e+00,-5.684118370000000198e+01
8.525375000000000369e+00,-5.654317350000000175e+01
8.525499999999999190e+00,-5.710501730000000009e+01
8.525624999999999787e+00,-5.649989409999999879e+01
8.525750000000000384e+00,-5.725956879999999671e+01
8.525874999999999204e+00,-5.767934999999999945e+01
8.525999999999999801e+00,-5.665760999999999825e+01
8.526125000000000398e+00,-5.717561870000000113e+01
8.526249999999999218e+00,-5.764750020000000319e+01
8.526374999999999815e+00,-5.782992209999999744e+01
8.526500000000000412e+00,-5.830080509999999805e+01
8.526624999999999233e+00,-5.693342669999999828e+01
8.526749999999999829e+00,-5.787982689999999764e+01
8.526875000000000426e+00,-5.749915899999999880e+01
8.526999999999999247e+00,-5.939523609999999820e+01
8.527124999999999844e+00,-5.782277770000000316e+01
8.527250000000000441e+00,-5.841834200000000266e+01
8.527374999999999261e+00,-5.804937610000000348e+01
8.527499999999999858e+00,-5.836311109999999758e+01
8.527625000000000455e+00,-5.864588450000000108e+01
8.527749999999999275e+00,-5.821059139999999843e+01
8.527874999999999872e+00,-5.799599570000000170e+01
8.528000000000000469e+00,-5.844422639999999802e+01
8.528124999999999289e+00,-5.888823740000000129e+01
8.528249999999999886e+00,-5.776221410000000134e+01
8.528375000000000483e+00,-5.874327689999999791e+01
8.528499999999999304e+00,-5.889007840000000016e+01
8.528624999999999901e+00,-5.811593179999999847e+01
8.528750000000000497e+00,-5.882261439999999908e+01
8.528874999999999318e+00,-5.805233340000000197e+01
8.528999999999999915e+00,-5.982955520000000149e+01
8.529125000000000512e+00,-5.916595019999999749e+01
8.529249999999999332e+00,-5.907155070000000308e+01
8.529374999999999929e+00,-5.985399209999999925e+01
8.529500000000000526e+00,-5.942774179999999973e+01
8.529624999999999346e+00,-5.885269250000000341e+01
8.529749999999999943e+00,-5.959991629999999674e+01
8.529875000000000540e+00,-6.043161889999999659e+01
8.529999999999999361e+00,-5.926302869999999956e+01
8.530124999999999957e+00,-5.894696679999999844e+01
8.530250000000000554e+00,-6.010192039999999736e+01
8.530374999999999375e+00,-5.959268990000000343e+01
8.530499999999999972e+00,-5.868201830000000285e+01
8.530625000000000568e+00,-5.955174920000000327e+01
8.530749999999999389e+00,-6.085298769999999990e+01
8.530874999999999986e+00,-6.006895029999999736e+01
8.531000000000000583e+00,-5.993412270000000319e+01
8.531124999999999403e+00,-5.932302500000000123e+01
8.531250000000000000e+00,-6.066969009999999685e+01
8.531375000000000597e+00,-5.916925270000000125e+01
8.531499999999999417e+00,-6.032855750000000228e+01
8.531625000000000014e+00,-5.994324939999999913e+01
8.531750000000000611e+00,-5.935379960000000210e+01
8.531874999999999432e+00,-5.967437470000000133e+01
8.532000000000000028e+00,-5.920110989999999873e+01
8.532125000000000625e+00,-5.924024090000000342e+01
8.532249999999999446e+00,-6.018436659999999705e+01
8.532375000000000043e+00,-5.949101209999999895e+01
8.532500000000000639e+00,-6.088705639999999875e+01
8.532624999999999460e+00,-5.965670010000000190e+01
8.532750000000000057e+00,-6.139015270000000157e+01
8.532875000000000654e+00,-6.046780770000000160e+01
8.532999999999999474e+00,-6.069919289999999990e+01
8.533125000000000071e+00,-6.042772320000000263e+01
8.533250000000000668e+00,-5.989853709999999865e+01
8.533374999999999488e+00,-6.001634940000000284e+01
8.533500000000000085e+00,-6.162237850000000350e+01
8.533625000000000682e+00,-6.009654679999999871e+01
8.533749999999999503e+00,-6.011645790000000034e+01
8.533875000000000099e+00,-6.203468120000000141e+01
8.534000000000000696e+00,-6.058333799999999769e+01
8.534124999999999517e+00,-6.100610960000000205e+01
8.534250000000000114e+00,-6.024144249999999801e+01
8.534375000000000711e+00,-6.218673660000000325e+01
8.534499999999999531e+00,-6.120418519999999774e+01
8.534625000000000128e+00,-6.138506009999999691e+01
8.534750000000000725e+00,-6.219817640000000125e+01
8.534874999999999545e+00,-6.136446970000000078e+01
8.535000000000000142e+00,-6.130072210000000155e+01
8.535125000000000739e+00,-6.306767969999999934e+01
8.535249999999999559e+00,-6.087887429999999966e+01
8.535375000000000156e+00,-6.213981199999999916e+01
8.535500000000000753e+00,-6.445547790000000532e+01
8.535624999999999574e+00,-6.050147780000000353e+01
8.535750000000000171e+00,-6.090485499999999774e+01
8.535875000000000767e+00,-6.037968250000000126e+01
8.535999999999999588e+00,-6.101550050000000169e+01
8.536125000000000185e+00,-6.080358149999999995e+01
8.536250000000000782e+00,-6.205014899999999756e+01
8.536374999999999602e+00,-6.084322449999999805e+01
8.536500000000000199e+00,-6.198736619999999675e+01
8.536625000000000796e+00,-5.974332890000000162e+01
8.536749999999999616e+00,-6.137197100000000205e+01
8.536875000000000213e+00,-6.157783030000000224e+01
8.537000000000000810e+00,-6.133709730000000349e+01
8.537124999999999631e+00,-6.111822060000000079e+01
8.537250000000000227e+00,-6.283824349999999725e+01
8.537375000000000824e+00,-6.310300370000000214e+01
8.537499999999999645e+00,-6.055642360000000224e+01
8.537625000000000242e+00,-6.140500070000000221e+01
8.537750000000000838e+00,-6.283533359999999846e+01
8.537874999999999659e+00,-6.373927700000000129e+01
8.538000000000000256e+00,-6.242171880000000073e+01
8.538125000000000853e+00,-6.230748189999999909e+01
8.538249999999999673e+00,-6.279360590000000286e+01
8.538375000000000270e+00,-6.330608050000000020e+01
8.538500000000000867e+00,-6.125971590000000333e+01
8.538624999999999687e+00,-6.321739589999999964e+01
8.538750000000000284e+00,-6.277974090000000018e+01
8.538875000000000881e+00,-6.197531730000000039e+01
8.538999999999999702e+00,-6.294973710000000011e+01
8.539125000000000298e+00,-6.184879399999999805e+01
8.539249999999999119e+00,-6.629119489999999359e+01
8.539374999999999716e+00,-6.366807200000000222e+01
8.539500000000000313e+00,-6.198554169999999885e+01
8.539624999999999133e+00,-6.277964740000000177e+01
8.539749999999999730e+00,-6.389453460000000007e+01
8.539875000000000327e+00,-6.235553759999999812e+01
8.539999999999999147e+00,-6.155128150000000176e+01
8.540124999999999744e+00,-6.408806850000000566e+01
8.540250000000000341e+00,-6.240694260000000071e+01
8.540374999999999162e+00,-6.351050140000000255e+01
8.540499999999999758e+00,-6.195902989999999733e+01
8.540625000000000355e+00,-6.360763719999999921e+01
8.540749999999999176e+00,-6.325600210000000345e+01
8.540874999999999773e+00,-6.352706080000000100e+01
8.541000000000000369e+00,-6.497079960000000654e+01
8.541124999999999190e+00,-6.425358079999999461e+01
8.541249999999999787e+00,-6.271213629999999739e+01
8.541375000000000384e+00,-6.572330469999999991e+01
8.541499999999999204e+00,-6.339859429999999918e+01
8.541624999999999801e+00,-6.487759099999999535e+01
8.541750000000000398e+00,-6.414123800000000131e+01
8.541874999999999218e+00,-6.398144709999999691e+01
8.541999999999999815e+00,-6.238843349999999788e+01
8.542125000000000412e+00,-6.440395920000000274e+01
8.542249999999999233e+00,-6.458841280000000040e+01
8.542374999999999829e+00,-6.429136780000000329e+01
8.542500000000000426e+00,-6.314803069999999963e+01
8.542624999999999247e+00,-6.408082899999999427e+01
8.542749999999999844e+00,-6.251341450000000322e+01
8.542875000000000441e+00,-6.553694099999999878e+01
8.542999999999999261e+00,-6.451963820000000283e+01
8.543124999999999858e+00,-6.369143449999999973e+01
8.543250000000000455e+00,-6.254066530000000057e+01
8.543374999999999275e+00,-6.390301639999999850e+01
8.543499999999999872e+00,-6.581495780000000195e+01
8.543625000000000469e+00,-6.367773590000000183e+01
8.543749999999999289e+00,-6.590041300000000035e+01
8.543874999999999886e+00,-6.413259940000000370e+01
8.544000000000000483e+00,-6.331721799999999689e+01
8.544124999999999304e+00,-6.476954369999999983e+01
8.544249999999999901e+00,-6.394439030000000201e+01
8.544375000000000497e+00,-6.225824159999999807e+01
8.544499999999999318e+00,-6.410409269999999538e+01
8.544624999999999915e+00,-6.554876330000000451e+01
8.544750000000000512e+00,-6.687144899999999836e+01
8.544874999999999332e+00,-6.322306110000000245e+01
8.544999999999999929e+00,-6.509642320000000382e+01
8.545125000000000526e+00,-6.559210869999999716e+01
8.545249999999999346e+00,-6.485023560000000487e+01
8.545374999999999943e+00,-6.706488819999999862e+01
8.545500000000000540e+00,-6.516576609999999903e+01
8.545624999999999361e+00,-6.376511289999999832e+01
8.545749999999999957e+00,-6.557172500000000070e+01
8.545875000000000554e+00,-6.740480859999999552e+01
8.545999999999999375e+00,-6.503790440000000217e+01
8.546124999999999972e+00,-6.766653420000000096e+01
8.546250000000000568e+00,-6.558469920000000286e+01
8.546374999999999389e+00,-6.687786819999999466e+01
8.546499999999999986e+00,-6.470498299999999858e+01
8.546625000000000583e+00,-6.468890690000000632e+01
8.546749999999999403e+00,-6.729991569999999967e+01
8.546875000000000000e+00,-6.633869439999999429e+01
8.547000000000000597e+00,-6.655315659999999411e+01
8.547124999999999417e+00,-6.609617020000000309e+01
8.547250000000000014e+00,-6.634584139999999763e+01
8.547375000000000611e+00,-6.461993300000000318e+01
8.547499999999999432e+00,-6.628591049999999996e+01
8.547625000000000028e+00,-6.502307469999999512e+01
8.547750000000000625e+00,-6.684093959999999868e+01
8.547874999999999446e+00,-6.542142020000000002e+01
8.548000000000000043e+00,-6.663829929999999990e+01
8.548125000000000639e+00,-6.703050539999999557e+01
8.548249999999999460e+00,-6.888570570000000259e+01
8.548375000000000057e+00,-6.860771529999999530e+01
8.548500000000000654e+00,-6.805319049999999947e+01
8.548624999999999474e+00,-6.809595590000000698e+01
8.548750000000000071e+00,-6.810318080000000407e+01
8.548875000000000668e+00,-6.887316800000000683e+01
8.548999999999999488e+00,-6.667166840000000150e+01
8.549125000000000085e+00,-6.480346179999999379e+01
8.549250000000000682e+00,-6.742482060000000388e+01
8.549374999999999503e+00,-6.485061969999999576e+01
8.549500000000000099e+00,-6.732381119999999441e+01
8.549625000000000696e+00,-6.614142900000000225e+01
8.549749999999999517e+00,-6.625646310000000483e+01
8.549875000000000114e+00,-6.650318660000000648e+01
8.550000000000000711e+00,-7.046724439999999845e+01
8.550124999999999531e+00,-6.874899320000000102e+01
8.550250000000000128e+00,-6.702387369999999578e+01
8.550375000000000725e+00,-6.587293569999999931e+01
8.550499999999999545e+00,-6.786851679999999476e+01
8.550625000000000142e+00,-6.799584900000000687e+01
8.550750000000000739e+00,-6.694303220000000465e+01
8.550874999999999559e+00,-6.710963420000000212e+01
8.551000000000000156e+00,-6.673654260000000704e+01
8.551125000000000753e+00,-6.738348390000000165e+01
8.551249999999999574e+00,-6.929182389999999714e+01
8.551375000000000171e+00,-6.966949700000000689e+01
8.551500000000000767e+00,-6.482957779999999559e+01
8.551624999999999588e+00,-6.626760520000000554e+01
8.551750000000000185e+00,-6.674871860000000368e+01
8.551875000000000782e+00,-6.935987699999999734e+01
8.551999999999999602e+00,-6.895186150000000680e+01
8.552125000000000199e+00,-6.830212769999999978e+01
8.552250000000000796e+00,-6.605047450000000708e+01
8.552374999999999616e+00,-6.910308609999999874e+01
8.552500000000000213e+00,-6.700505440000000590e+01
8.552625000000000810e+00,-6.603998950000000434e+01
8.552749999999999631e+00,-6.611965929999999503e+01
8.552875000000000227e+00,-6.870149840000000552e+01
8.553000000000000824e+00,-6.837472449999999924e+01
8.553124999999999645e+00,-6.684757390000000044e+01
8.553250000000000242e+00,-6.887363170000000423e+01
8.553375000000000838e+00,-6.931177209999999889e+01
8.553499999999999659e+00,-6.544324450000000581e+01
8.553625000000000256e+00,-6.791613259999999741e+01
8.553750000000000853e+00,-6.630768249999999853e+01
8.553874999999999673e+00,-6.658198129999999537e+01
8.554000000000000270e+00,-6.759220650000000319e+01
8.554125000000000867e+00,-6.809226390000000606e+01
8.554249999999999687e+00,-6.635368479999999636e+01
8.554375000000000284e+00,-6.730562399999999457e+01
8.554500000000000881e+00,-7.252172749999999724e+01
8.554624999999999702e+00,-6.648576579999999581e+01
8.554750000000000298e+00,-7.168352649999999926e+01
8.554874999999999119e+00,-6.643609929999999508e+01
8.554999999999999716e+00,-6.609643169999999657e+01
8.555125000000000313e+00,-6.914396949999999720e+01
8.555249999999999133e+00,-6.966489249999999345e+01
8.555374999999999730e+00,-6.764102789999999743e+01
8.555500000000000327e+00,-6.835786450000000514e+01
8.555624999999999147e+00,-6.876830710000000124e+01
8.555749999999999744e+00,-6.703023190000000398e+01
8.555875000000000341e+00,-6.847243360000000223e+01
8.555999999999999162e+00,-6.956044989999999473e+01
8.556124999999999758e+00,-6.986365290000000527e+01
8.556250000000000355e+00,-6.567210450000000321e+01
8.556374999999999176e+00,-7.087032519999999636e+01
8.556499999999999773e+00,-6.645407769999999914e+01
8.556625000000000369e+00,-6.964050140000000511e+01
8.556749999999999190e+00,-6.625750519999999710e+01
8.556874999999999787e+00,-6.707674310000000162e+01
8.557000000000000384e+00,-6.944263499999999567e+01
8.557124999999999204e+00,-6.723190859999999702e+01
8.557249999999999801e+00,-6.708977500000000305e+01
8.557375000000000398e+00,-6.672349710000000300e+01
8.557499999999999218e+00,-6.845223529999999812e+01
8.557624999999999815e+00,-6.748830700000000604e+01
8.557750000000000412e+00,-6.735082210000000202e+01
8.557874999999999233e+00,-6.629841930000000616e+01
8.557999999999999829e+00,-6.729144680000000278e+01
8.558125000000000426e+00,-6.856027509999999836e+01
8.558249999999999247e+00,-6.901096269999999322e+01
8.558374999999999844e+00,-6.945817499999999711e+01
8.558500000000000441e+00,-6.719746990000000153e+01
8.558624999999999261e+00,-6.684275110000000097e+01
8.558749999999999858e+00,-6.754121130000000051e+01
8.558875000000000455e+00,-6.763966179999999895e+01
8.558999999999999275e+00,-6.612109239999999488e+01
8.559124999999999872e+00,-6.952150939999999935e+01
8.559250000000000469e+00,-6.827569689999999980e+01
8.559374999999999289e+00,-6.803801959999999838e+01
8.559499999999999886e+00,-6.728983230000000049e+01
8.559625000000000483e+00,-6.450132460000000378e+01
8.559749999999999304e+00,-6.669774750000000552e+01
8.559874999999999901e+00,-6.890630269999999769e+01
8.560000000000000497e+00,-6.798105959999999470e+01
8.560124999999999318e+00,-6.574172120000000064e+01
8.560249999999999915e+00,-6.938850610000000074e+01
8.560375000000000512e+00,-6.723499649999999406e+01
8.560499999999999332e+00,-6.636076470000000427e+01
8.560624999999999929e+00,-6.924577949999999760e+01
8.560750000000000526e+00,-6.660501739999999415e+01
8.560874999999999346e+00,-6.697731570000000545e+01
8.560999999999999943e+00,-6.751834420000000136e+01
8.561125000000000540e+00,-7.079617120000000341e+01
8.561249999999999361e+00,-6.912675009999999531e+01
8.561374999999999957e+00,-6.633452139999999986e+01
8.561500000000000554e+00,-6.881330420000000458e+01
8.561624999999999375e+00,-6.557575719999999819e+01
8.561749999999999972e+00,-6.663595899999999972e+01
8.561875000000000568e+00,-6.646632950000000051e+01
8.561999999999999389e+00,-6.652956709999999418e+01
8.562124999999999986e+00,-6.697730939999999578e+01
8.562250000000000583e+00,-6.566176969999999358e+01
8.562374999999999403e+00,-6.713700409999999863e+01
8.562500000000000000e+00,-6.818416670000000579e+01
8.562625000000000597e+00,-6.539250010000000657e+01
8.562749999999999417e+00,-6.567237989999999570e+01
8.562875000000000014e+00,-6.817717480000000307e+01
8.563000000000000611e+00,-6.556505869999999447e+01
8.563124999999999432e+00,-6.714276889999999298e+01
8.563250000000000028e+00,-6.804357149999999876e+01
8.563375000000000625e+00,-6.838878889999999444e+01
8.563499999999999446e+00,-6.805259399999999914e+01
8.563625000000000043e+00,-6.789226080000000252e+01
8.563750000000000639e+00,-6.645278770000000179e+01
8.563874999999999460e+00,-6.783628509999999778e+01
8.564000000000000057e+00,-6.955312440000000151e+01
8.564125000000000654e+00,-6.633901729999999475e+01
8.564249999999999474e+00,-6.546055180000000462e+01
8.564375000000000071e+00,-6.723413139999999544e+01
8.564500000000000668e+00,-6.879915210000000059e+01
8.564624999999999488e+00,-6.711225930000000517e+01
8.564750000000000085e+00,-6.988592099999999618e+01
8.564875000000000682e+00,-6.771734530000000518e+01
8.564999999999999503e+00,-7.114705229999999858e+01
8.565125000000000099e+00,-6.618420190000000503e+01
8.565250000000000696e+00,-6.850816620000000512e+01
8.565374999999999517e+00,-6.750099899999999309e+01
8.565500000000000114e+00,-6.588886290000000656e+01
8.565625000000000711e+00,-6.834142740000000060e+01
8.565749999999999531e+00,-6.604003779999999324e+01
8.565875000000000128e+00,-6.616686119999999960e+01
8.566000000000000725e+00,-6.697375289999999382e+01
8.566124999999999545e+00,-6.978225190000000566e+01
8.566250000000000142e+00,-6.766940870000000530e+01
8.566375000000000739e+00,-7.057985150000000374e+01
8.566499999999999559e+00,-6.825071350000000336e+01
8.566625000000000156e+00,-6.751544619999999952e+01
8.566750000000000753e+00,-6.940642830000000174e+01
8.566874999999999574e+00,-6.647453129999999533e+01
8.567000000000000171e+00,-6.770860700000000065e+01
8.567125000000000767e+00,-6.975964969999999710e+01
8.567249999999999588e+00,-6.652297599999999989e+01
8.567375000000000185e+00,-6.947102080000000512e+01
8.567500000000000782e+00,-6.692559319999999445e+01
8.567624999999999602e+00,-6.758625990000000172e+01
8.567750000000000199e+00,-6.984146330000000091e+01
8.567875000000000796e+00,-6.950381360000000086e+01
8.567999999999999616e+00,-7.066820010000000707e+01
8.568125000000000213e+00,-6.946388679999999738e+01
8.568250000000000810e+00,-6.732060620000000029e+01
8.568374999999999631e+00,-6.831511729999999716e+01
8.568500000000000227e+00,-6.844698990000000549e+01
8.568625000000000824e+00,-6.839596539999999436e+01
8.568749999999999645e+00,-6.869424820000000409e+01
8.568875000000000242e+00,-6.670386589999999671e+01
8.569000000000000838e+00,-6.739736019999999428e+01
8.569124999999999659e+00,-6.997007870000000196e+01
8.569250000000000256e+00,-6.924130250000000331e+01
8.569375000000000853e+00,-6.953990640000000667e+01
8.569499999999999673e+00,-6.910618350000000021e+01
8.569625000000000270e+00,-6.713930129999999963e+01
8.569750000000000867e+00,-7.007541200000000003e+01
8.569874999999999687e+00,-7.276410629999999458e+01
8.570000000000000284e+00,-6.828323140000000535e+01
8.570125000000000881e+00,-6.834280699999999342e+01
8.570249999999999702e+00,-7.021168939999999736e+01
8.570375000000000298e+00,-7.067563710000000299e+01
8.570499999999999119e+00,-6.697635300000000314e+01
8.570624999999999716e+00,-6.978157210000000532e+01
8.570750000000000313e+00,-6.798220999999999492e+01
8.570874999999999133e+00,-6.968280889999999772e+01
8.570999999999999730e+00,-6.984719269999999369e+01
8.571125000000000327e+00,-6.998015859999999577e+01
8.571249999999999147e+00,-6.806319320000000062e+01
8.571374999999999744e+00,-6.929142889999999966e+01
8.571500000000000341e+00,-6.959802249999999901e+01
8.571624999999999162e+00,-7.405703429999999798e+01
8.571749999999999758e+00,-7.228848750000000223e+01
8.571875000000000355e+00,-7.332868039999999610e+01
8.571999999999999176e+00,-6.897703309999999988e+01
8.572124999999999773e+00,-7.213533920000000421e+01
8.572250000000000369e+00,-6.842348660000000393e+01
8.572374999999999190e+00,-7.128182449999999903e+01
8.572499999999999787e+00,-6.975558470000000000e+01
8.572625000000000384e+00,-7.147222010000000125e+01
8.572749999999999204e+00,-7.307408209999999826e+01
8.572874999999999801e+00,-7.169636629999999400e+01
8.573000000000000398e+00,-7.264094339999999761e+01
8.573124999999999218e+00,-7.049430289999999388e+01
8.573249999999999815e+00,-7.031844209999999862e+01
8.573375000000000412e+00,-6.989242729999999426e+01
8.573499999999999233e+00,-7.112144680000000108e+01
8.573624999999999829e+00,-6.985788290000000700e+01
8.573750000000000426e+00,-7.178126439999999775e+01
8.573874999999999247e+00,-7.495235680000000400e+01
8.573999999999999844e+00,-7.266358950000000050e+01
8.574125000000000441e+00,-7.135810739999999441e+01
8.574249999999999261e+00,-7.342495470000000068e+01
8.574374999999999858e+00,-7.000990849999999455e+01
8.574500000000000455e+00,-7.202926159999999811e+01
8.574624999999999275e+00,-7.734071120000000121e+01
8.574749999999999872e+00,-7.072191130000000214e+01
8.574875000000000469e+00,-7.041427330000000495e+01
8.574999999999999289e+00,-7.159368150000000242e+01
8.575124999999999886e+00,-6.990701649999999745e+01
8.575250000000000483e+00,-6.883317649999999333e+01
8.575374999999999304e+00,-7.417880239999999503e+01
8.575499999999999901e+00,-7.048162530000000459e+01
8.575625000000000497e+00,-6.817018649999999980e+01
8.575749999999999318e+00,-6.730437870000000089e+01
8.575874999999999915e+00,-7.015509659999999315e+01
8.576000000000000512e+00,-7.085743630000000337e+01
8.576124999999999332e+00,-7.109983669999999734e+01
8.576249999999999929e+00,-7.178421539999999368e+01
8.576375000000000526e+00,-7.295641249999999900e+01
8.576499999999999346e+00,-7.334382399999999791e+01
8.576624999999999943e+00,-6.925060919999999953e+01
8.576750000000000540e+00,-7.485217269999999701e+01
8.576874999999999361e+00,-7.297138689999999883e+01
8.576999999999999957e+00,-7.037964119999999468e+01
8.577125000000000554e+00,-7.229757050000000618e+01
8.577249999999999375e+00,-7.071816139999999962e+01
8.577374999999999972e+00,-7.095408079999999984e+01
8.577500000000000568e+00,-6.824979559999999879e+01
8.577624999999999389e+00,-7.445660700000000531e+01
8.577749999999999986e+00,-7.049563770000000318e+01
8.577875000000000583e+00,-7.120398740000000259e+01
8.577999999999999403e+00,-7.207520879999999863e+01
8.578125000000000000e+00,-7.037462580000000401e+01
8.578250000000000597e+00,-7.165620699999999488e+01
8.578374999999999417e+00,-7.064082419999999729e+01
8.578500000000000014e+00,-7.099243160000000330e+01
8.578625000000000611e+00,-7.075404039999999384e+01
8.578749999999999432e+00,-6.910093860000000632e+01
8.578875000000000028e+00,-7.046076419999999985e+01
8.579000000000000625e+00,-6.977139169999999524e+01
8.579124999999999446e+00,-7.358422749999999724e+01
8.579250000000000043e+00,-6.973909319999999923e+01
8.579375000000000639e+00,-7.246151140000000623e+01
8.579499999999999460e+00,-6.763414240000000177e+01
8.579625000000000057e+00,-7.052796840000000600e+01
8.579750000000000654e+00,-7.367205060000000572e+01
8.579874999999999474e+00,-7.053583550000000457e+01
8.580000000000000071e+00,-7.089587849999999492e+01
8.580125000000000668e+00,-7.065762890000000596e+01
8.580249999999999488e+00,-7.911376830000000382e+01
8.580375000000000085e+00,-7.183130660000000489e+01
8.580500000000000682e+00,-7.637969350000000190e+01
8.580624999999999503e+00,-7.435699669999999628e+01
8.580750000000000099e+00,-7.782150359999999978e+01
8.580875000000000696e+00,-7.363134119999999427e+01
8.580999999999999517e+00,-7.498030880000000309e+01
8.581125000000000114e+00,-6.975670630000000472e+01
8.581250000000000711e+00,-7.554529349999999965e+01
8.581374999999999531e+00,-7.236015890000000184e+01
8.581500000000000128e+00,-7.004783190000000559e+01
8.581625000000000725e+00,-7.036374039999999752e+01
8.581749999999999545e+00,-6.934945399999999438e+01
8.581875000000000142e+00,-7.071238359999999545e+01
8.582000000000000739e+00,-7.614008610000000488e+01
8.582124999999999559e+00,-7.266394420000000309e+01
8.582250000000000156e+00,-6.852502450000000067e+01
8.582375000000000753e+00,-7.245403100000000052e+01
8.582499999999999574e+00,-7.092396089999999731e+01
8.582625000000000171e+00,-7.159135369999999909e+01
8.582750000000000767e+00,-7.742167729999999892e+01
8.582874999999999588e+00,-6.748831110000000422e+01
8.583000000000000185e+00,-7.041392140000000666e+01
8.583125000000000782e+00,-7.189872529999999529e+01
8.583249999999999602e+00,-7.125160499999999786e+01
8.583375000000000199e+00,-7.271970620000000451e+01
8.583500000000000796e+00,-6.956454730000000097e+01
8.583624999999999616e+00,-7.330522779999999727e+01
8.583750000000000213e+00,-7.441216070000000116e+01
8.583875000000000810e+00,-7.163593559999999627e+01
8.583999999999999631e+00,-7.955503310000000283e+01
8.584125000000000227e+00,-8.095974099999999396e+01
8.584250000000000824e+00,-7.233505750000000489e+01
8.584374999999999645e+00,-7.010471169999999574e+01
8.584500000000000242e+00,-7.197467509999999891e+01
8.584625000000000838e+00,-7.337752389999999991e+01
8.584749999999999659e+00,-7.685994289999999296e+01
8.584875000000000256e+00,-7.026199590000000228e+01
8.585000000000000853e+00,-6.939548750000000155e+01
8.585124999999999673e+00,-7.302401679999999828e+01
8.585250000000000270e+00,-7.544959660000000667e+01
8.585375000000000867e+00,-7.154508439999999325e+01
8.585499999999999687e+00,-7.390740320000000452e+01
8.585625000000000284e+00,-6.991864350000000172e+01
8.585750000000000881e+00,-7.065392099999999687e+01
8.585874999999999702e+00,-7.103377890000000150e+01
8.586000000000000298e+00,-8.743825189999999736e+01
8.586124999999999119e+00,-7.201243909999999460e+01
8.586249999999999716e+00,-7.290094740000000684e+01
8.586375000000000313e+00,-7.230247930000000167e+01
8.586499999999999133e+00,-6.897226329999999450e+01
8.586624999999999730e+00,-7.349890050000000485e+01
8.586750000000000327e+00,-7.120280560000000492e+01
8.586874999999999147e+00,-7.327797579999999300e+01
8.586999999999999744e+00,-7.346835950000000537e+01
8.587125000000000341e+00,-7.030119910000000516e+01
8.587249999999999162e+00,-7.174596739999999784e+01
8.587374999999999758e+00,-6.910380890000000420e+01
8.587500000000000355e+00,-7.938989159999999856e+01
8.587624999999999176e+00,-6.699868990000000224e+01
8.587749999999999773e+00,-6.906392119999999579e+01
8.587875000000000369e+00,-7.213371130000000164e+01
8.587999999999999190e+00,-6.844737689999999475e+01
8.588124999999999787e+00,-7.057527450000000613e+01
8.588250000000000384e+00,-6.835687479999999994e+01
8.588374999999999204e+00,-7.106953729999999325e+01
8.588499999999999801e+00,-6.836200940000000514e+01
8.588625000000000398e+00,-7.190413499999999658e+01
8.588749999999999218e+00,-7.389120440000000656e+01
8.588874999999999815e+00,-6.760593629999999621e+01
8.589000000000000412e+00,-6.962831429999999955e+01
8.589124999999999233e+00,-6.990777020000000164e+01
8.589249999999999829e+00,-7.272908870000000547e+01
8.589375000000000426e+00,-7.253727410000000475e+01
8.589499999999999247e+00,-7.458993320000000438e+01
8.589624999999999844e+00,-6.925073559999999873e+01
8.589750000000000441e+00,-7.058595880000000022e+01
8.589874999999999261e+00,-7.108500139999999590e+01
8.589999999999999858e+00,-7.370861440000000187e+01
8.590125000000000455e+00,-7.299446880000000704e+01
8.590249999999999275e+00,-7.155101539999999716e+01
8.590374999999999872e+00,-6.847798419999999453e+01
8.590500000000000469e+00,-6.964160560000000544e+01
8.590624999999999289e+00,-7.451972349999999778e+01
8.590749999999999886e+00,-7.205501019999999812e+01
8.590875000000000483e+00,-7.342276859999999772e+01
8.590999999999999304e+00,-6.787911610000000451e+01
8.591124999999999901e+00,-7.219256420000000674e+01
8.591250000000000497e+00,-7.218486280000000477e+01
8.591374999999999318e+00,-6.921335100000000295e+01
8.591499999999999915e+00,-7.478156989999999382e+01
8.591625000000000512e+00,-7.144424010000000180e+01
8.591749999999999332e+00,-6.979806259999999440e+01
8.591874999999999929e+00,-7.416412850000000390e+01
8.592000000000000526e+00,-7.511519710000000316e+01
8.592124999999999346e+00,-7.288285369999999830e+01
8.592249999999999943e+00,-7.455506320000000642e+01
8.592375000000000540e+00,-7.172181449999999359e+01
8.592499999999999361e+00,-7.397050319999999601e+01
8.592624999999999957e+00,-7.089186130000000219e+01
8.592750000000000554e+00,-6.928532230000000425e+01
8.592874999999999375e+00,-7.074522330000000636e+01
8.592999999999999972e+00,-7.497456719999999564e+01
8.593125000000000568e+00,-6.938545870000000093e+01
8.593249999999999389e+00,-7.256873830000000680e+01
8.593374999999999986e+00,-7.483439439999999365e+01
8.593500000000000583e+00,-6.727932939999999462e+01
8.593624999999999403e+00,-7.519129270000000531e+01
8.593750000000000000e+00,-7.259455269999999416e+01
8.593875000000000597e+00,-7.485504469999999344e+01
8.593999999999999417e+00,-7.342390810000000556e+01
8.594125000000000014e+00,-7.378781890000000487e+01
8.594250000000000611e+00,-7.203501369999999326e+01
8.594374999999999432e+00,-7.256290540000000533e+01
8.594500000000000028e+00,-7.351835400000000220e+01
8.594625000000000625e+00,-6.844529470000000515e+01
8.594749999999999446e+00,-6.860661670000000356e+01
8.594875000000000043e+00,-7.321150480000000016e+01
8.595000000000000639e+00,-7.113165979999999422e+01
8.595124999999999460e+00,-7.419214879999999823e+01
8.595250000000000057e+00,-6.773083459999999434e+01
8.595375000000000654e+00,-7.280056209999999339e+01
8.595499999999999474e+00,-7.246199529999999811e+01
8.595625000000000071e+00,-7.514726939999999900e+01
8.595750000000000668e+00,-7.182565449999999885e+01
8.595874999999999488e+00,-7.776657389999999737e+01
8.596000000000000085e+00,-7.373071149999999818e+01
8.596125000000000682e+00,-7.308210269999999298e+01
8.596249999999999503e+00,-8.448133319999999458e+01
8.596375000000000099e+00,-7.050712140000000261e+01
8.596500000000000696e+00,-7.484408940000000143e+01
8.596624999999999517e+00,-7.572153799999999535e+01
8.596750000000000114e+00,-7.108536150000000475e+01
8.596875000000000711e+00,-7.222501570000000015e+01
8.596999999999999531e+00,-7.116897350000000699e+01
8.597125000000000128e+00,-7.030277549999999565e+01
8.597250000000000725e+00,-7.202700729999999396e+01
8.597374999999999545e+00,-7.698821080000000450e+01
8.597500000000000142e+00,-7.246262900000000684e+01
8.597625000000000739e+00,-7.374660740000000203e+01
8.597749999999999559e+00,-7.384600799999999765e+01
8.597875000000000156e+00,-7.760472860000000139e+01
8.598000000000000753e+00,-7.737075179999999364e+01
8.598124999999999574e+00,-6.972673980000000427e+01
8.598250000000000171e+00,-7.271153569999999888e+01
8.598375000000000767e+00,-7.057535049999999899e+01
8.598499999999999588e+00,-7.174783580000000427e+01
8.598625000000000185e+00,-7.505245419999999967e+01
8.598750000000000782e+00,-7.605869260000000054e+01
8.598874999999999602e+00,-7.168457290000000626e+01
8.599000000000000199e+00,-7.464352320000000418e+01
8.599125000000000796e+00,-7.412070129999999324e+01
8.599249999999999616e+00,-7.074338539999999398e+01
8.599375000000000213e+00,-7.188271299999999542e+01
8.599500000000000810e+00,-7.354456319999999891e+01
8.599624999999999631e+00,-7.197981099999999799e+01
8.599750000000000227e+00,-7.296043950000000677e+01
8.599875000000000824e+00,-7.399604539999999986e+01
8.599999999999999645e+00,-7.822556590000000654e+01
