8.400000000000000355e+00,-7.464225810000000649e+01
8.400124999999999176e+00,-7.513234730000000638e+01
8.400249999999999773e+00,-7.631728859999999770e+01
8.400375000000000369e+00,-7.408122550000000217e+01
8.400499999999999190e+00,-7.475553929999999525e+01
8.400624999999999787e+00,-7.433740910000000213e+01
8.400750000000000384e+00,-7.411764839999999310e+01
8.400874999999999204e+00,-7.616907879999999409e+01
8.400999999999999801e+00,-7.329678490000000579e+01
8.401125000000000398e+00,-7.549295659999999941e+01
8.401249999999999218e+00,-7.379332770000000608e+01
8.401374999999999815e+00,-7.494380010000000425e+01
8.401500000000000412e+00,-7.647740140000000508e+01
8.401624999999999233e+00,-7.449239079999999547e+01
8.401749999999999829e+00,-7.420306069999999465e+01
8.401875000000000426e+00,-7.237481370000000425e+01
8.401999999999999247e+00,-7.408486999999999512e+01
8.402124999999999844e+00,-7.329182869999999639e+01
8.402250000000000441e+00,-7.489111250000000553e+01
8.402374999999999261e+00,-7.319682339999999954e+01
8.402499999999999858e+00,-7.511167609999999684e+01
8.402625000000000455e+00,-7.339941460000000006e+01
8.402749999999999275e+00,-7.439154320000000098e+01
8.402874999999999872e+00,-7.529207660000000146e+01
8.403000000000000469e+00,-7.436764209999999764e+01
8.403124999999999289e+00,-7.408164240000000689e+01
8.403249999999999886e+00,-7.418803420000000415e+01
8.403375000000000483e+00,-7.355334209999999473e+01
8.403499999999999304e+00,-7.438830590000000598e+01
8.403624999999999901e+00,-7.351204690000000141e+01
8.403750000000000497e+00,-7.482502039999999965e+01
8.403874999999999318e+00,-7.244831670000000656e+01
8.403999999999999915e+00,-7.381223559999999395e+01
8.404125000000000512e+00,-7.316734839999999451e+01
8.404249999999999332e+00,-7.433213829999999689e+01
8.404374999999999929e+00,-7.406981070000000500e+01
8.404500000000000526e+00,-7.455884949999999378e+01
8.404624999999999346e+00,-7.306961490000000481e+01
8.404749999999999943e+00,-7.229688430000000210e+01
8.404875000000000540e+00,-7.843972089999999753e+01
8.404999999999999361e+00,-7.678555330000000367e+01
8.405124999999999957e+00,-7.380805390000000443e+01
8.405250000000000554e+00,-7.416633439999999666e+01
8.405374999999999375e+00,-7.702874749999999437e+01
8.405499999999999972e+00,-7.433249709999999766e+01
8.405625000000000568e+00,-7.308648879999999792e+01
8.405749999999999389e+00,-7.366859809999999698e+01
8.405874999999999986e+00,-7.242511810000000594e+01
8.406000000000000583e+00,-7.457954250000000229e+01
8.406124999999999403e+00,-7.077298519999999371e+01
8.406250000000000000e+00,-7.390389100000000155e+01
8.406375000000000597e+00,-7.417484299999999564e+01
8.406499999999999417e+00,-7.341534179999999310e+01
8.406625000000000014e+00,-7.501164679999999407e+01
8.406750000000000611e+00,-7.319889650000000358e+01
8.406874999999999432e+00,-7.465896899999999903e+01
8.407000000000000028e+00,-7.241736380000000395e+01
8.407125000000000625e+00,-7.550677880000000641e+01
8.407249999999999446e+00,-7.418197580000000357e+01
8.407375000000000043e+00,-7.427879930000000286e+01
8.407500000000000639e+00,-7.349667589999999961e+01
8.407624999999999460e+00,-7.475314229999999327e+01
8.407750000000000057e+00,-7.534825739999999428e+01
8.407875000000000654e+00,-7.479510399999999493e+01
8.407999999999999474e+00,-7.596286849999999902e+01
8.408125000000000071e+00,-7.575203399999999476e+01
8.408250000000000668e+00,-7.336380830000000230e+01
8.408374999999999488e+00,-7.380765289999999368e+01
8.408500000000000085e+00,-7.420759409999999434e+01
8.408625000000000682e+00,-7.435426200000000563e+01
8.408749999999999503e+00,-7.447180899999999326e+01
8.408875000000000099e+00,-7.425433769999999356e+01
8.409000000000000696e+00,-7.491056030000000021e+01
8.409124999999999517e+00,-7.364665879999999731e+01
8.409250000000000114e+00,-7.304504570000000285e+01
8.409375000000000711e+00,-7.274751310000000615e+01
8.409499999999999531e+00,-7.454449929999999824e+01
8.409625000000000128e+00,-7.339430769999999882e+01
8.409750000000000725e+00,-7.266450539999999592e+01
8.409874999999999545e+00,-7.358717020000000275e+01
8.410000000000000142e+00,-7.308645149999999546e+01
8.410125000000000739e+00,-7.109378569999999797e+01
8.410249999999999559e+00,-7.516398660000000120e+01
8.410375000000000156e+00,-7.226636310000000663e+01
8.410500000000000753e+00,-7.421067630000000293e+01
8.410624999999999574e+00,-7.440668060000000139e+01
8.410750000000000171e+00,-7.413718629999999621e+01
8.410875000000000767e+00,-7.251433280000000536e+01
8.410999999999999588e+00,-7.250458559999999864e+01
8.411125000000000185e+00,-7.284748729999999739e+01
8.411250000000000782e+00,-7.303387050000000613e+01
8.411374999999999602e+00,-7.442289390000000537e+01
8.411500000000000199e+00,-7.394521000000000299e+01
8.411625000000000796e+00,-7.432952969999999482e+01
8.411749999999999616e+00,-7.525196819999999320e+01
8.411875000000000213e+00,-7.626742509999999697e+01
8.412000000000000810e+00,-7.314299389999999335e+01
8.412124999999999631e+00,-7.260899779999999737e+01
8.412250000000000227e+00,-7.440730759999999577e+01
8.412375000000000824e+00,-7.414207199999999887e+01
8.412499999999999645e+00,-7.338182840000000340e+01
8.412625000000000242e+00,-7.215278399999999692e+01
8.412750000000000838e+00,-7.443198809999999810e+01
8.412874999999999659e+00,-7.273785560000000316e+01
8.413000000000000256e+00,-7.398832219999999893e+01
8.413125000000000853e+00,-7.252476679999999476e+01
8.413249999999999673e+00,-7.362830470000000105e+01
8.413375000000000270e+00,-7.339945470000000682e+01
8.413500000000000867e+00,-7.253214350000000366e+01
8.413624999999999687e+00,-7.247825589999999352e+01
8.413750000000000284e+00,-7.320129180000000702e+01
8.413875000000000881e+00,-7.423574729999999988e+01
8.413999999999999702e+00,-7.235844880000000501e+01
8.414125000000000298e+00,-7.442475539999999512e+01
8.414249999999999119e+00,-7.358412060000000565e+01
8.414374999999999716e+00,-7.253656970000000115e+01
8.414500000000000313e+00,-7.625143640000000289e+01
8.414624999999999133e+00,-7.578655150000000162e+01
8.414749999999999730e+00,-7.248846729999999638e+01
8.414875000000000327e+00,-7.323446409999999673e+01
8.414999999999999147e+00,-7.421202499999999702e+01
8.415124999999999744e+00,-7.421500269999999944e+01
8.415250000000000341e+00,-7.343176160000000152e+01
8.415374999999999162e+00,-7.125892530000000136e+01
8.415499999999999758e+00,-7.111323170000000005e+01
8.415625000000000355e+00,-7.460467450000000156e+01
8.415749999999999176e+00,-7.234280569999999955e+01
8.415874999999999773e+00,-7.092072770000000048e+01
8.416000000000000369e+00,-7.155262679999999875e+01
8.416124999999999190e+00,-7.168945800000000190e+01
8.416249999999999787e+00,-7.169381129999999303e+01
8.416375000000000384e+00,-7.159509219999999630e+01
8.416499999999999204e+00,-7.314119599999999366e+01
8.416624999999999801e+00,-7.286737560000000258e+01
8.416750000000000398e+00,-7.128897259999999392e+01
8.416874999999999218e+00,-7.149904250000000161e+01
8.416999999999999815e+00,-7.377014219999999511e+01
8.417125000000000412e+00,-7.173662219999999934e+01
8.417249999999999233e+00,-7.270537020000000439e+01
8.417374999999999829e+00,-7.326825479999999402e+01
8.417500000000000426e+00,-7.280502230000000452e+01
8.417624999999999247e+00,-7.193619739999999751e+01
8.417749999999999844e+00,-7.199973280000000386e+01
8.417875000000000441e+00,-7.241232180000000085e+01
8.417999999999999261e+00,-7.289999059999999531e+01
8.418124999999999858e+00,-7.299602369999999496e+01
8.418250000000000455e+00,-7.212684319999999616e+01
8.418374999999999275e+00,-7.089229389999999853e+01
8.418499999999999872e+00,-7.169665750000000060e+01
8.418625000000000469e+00,-7.209995080000000200e+01
8.418749999999999289e+00,-7.156457439999999792e+01
8.418874999999999886e+00,-7.298949760000000708e+01
8.419000000000000483e+00,-7.114039660000000254e+01
8.419124999999999304e+00,-7.172822410000000559e+01
8.419249999999999901e+00,-7.144449480000000108e+01
8.419375000000000497e+00,-7.149747240000000659e+01
8.419499999999999318e+00,-7.146708510000000558e+01
8.419624999999999915e+00,-7.250143090000000257e+01
8.419750000000000512e+00,-7.178515050000000031e+01
8.419874999999999332e+00,-7.125807109999999511e+01
8.419999999999999929e+00,-7.172100100000000111e+01
8.420125000000000526e+00,-7.193943319999999630e+01
8.420249999999999346e+00,-7.309380810000000395e+01
8.420374999999999943e+00,-7.191900929999999903e+01
8.420500000000000540e+00,-7.085505519999999535e+01
8.420624999999999361e+00,-7.062525399999999820e+01
8.420749999999999957e+00,-7.194264259999999922e+01
8.420875000000000554e+00,-7.235721619999999632e+01
8.420999999999999375e+00,-7.420667570000000524e+01
8.421124999999999972e+00,-7.023640469999999425e+01
8.421250000000000568e+00,-7.191455890000000295e+01
8.421374999999999389e+00,-7.144678360000000339e+01
8.421499999999999986e+00,-7.069106309999999382e+01
8.421625000000000583e+00,-7.001667639999999437e+01
8.421749999999999403e+00,-7.085408089999999959e+01
8.421875000000000000e+00,-7.293896390000000451e+01
8.422000000000000597e+00,-7.088304119999999386e+01
8.422124999999999417e+00,-7.025765400000000227e+01
8.422250000000000014e+00,-7.094302559999999858e+01
8.422375000000000611e+00,-7.046487109999999632e+01
8.422499999999999432e+00,-7.195147629999999594e+01
8.422625000000000028e+00,-7.246245879999999318e+01
8.422750000000000625e+00,-7.183211119999999994e+01
8.422874999999999446e+00,-7.182058139999999469e+01
8.423000000000000043e+00,-7.155602380000000551e+01
8.423125000000000639e+00,-7.120850760000000435e+01
8.423249999999999460e+00,-6.946016389999999774e+01
8.423375000000000057e+00,-7.118663270000000409e+01
8.423500000000000654e+00,-7.207746509999999773e+01
8.423624999999999474e+00,-7.202523899999999912e+01
8.423750000000000071e+00,-7.132128649999999936e+01
8.423875000000000668e+00,-6.991795600000000377e+01
8.423999999999999488e+00,-7.072438099999999395e+01
8.424125000000000085e+00,-7.069350409999999840e+01
8.424250000000000682e+00,-7.276774109999999496e+01
8.424374999999999503e+00,-7.195691659999999956e+01
8.424500000000000099e+00,-7.209948079999999493e+01
8.424625000000000696e+00,-7.041469879999999648e+01
8.424749999999999517e+00,-7.036177490000000034e+01
8.424875000000000114e+00,-7.151788349999999639e+01
8.425000000000000711e+00,-7.142236959999999613e+01
8.425124999999999531e+00,-7.030573300000000359e+01
8.425250000000000128e+00,-7.223305519999999547e+01
8.425375000000000725e+00,-7.187252089999999782e+01
8.425499999999999545e+00,-7.083815939999999500e+01
8.425625000000000142e+00,-7.138988070000000619e+01
8.425750000000000739e+00,-7.019251570000000129e+01
8.425874999999999559e+00,-7.166783850000000200e+01
8.426000000000000156e+00,-6.973802550000000622e+01
8.426125000000000753e+00,-7.178501660000000584e+01
8.426249999999999574e+00,-7.135572469999999612e+01
8.426375000000000171e+00,-7.061074899999999843e+01
8.426500000000000767e+00,-7.116195079999999962e+01
8.426624999999999588e+00,-7.183800220000000536e+01
8.426750000000000185e+00,-7.055982380000000376e+01
8.426875000000000782e+00,-7.113514709999999752e+01
8.426999999999999602e+00,-7.228170009999999479e+01
8.427125000000000199e+00,-7.160701989999999739e+01
8.427250000000000796e+00,-7.036347800000000063e+01
8.427374999999999616e+00,-7.073434369999999660e+01
8.427500000000000213e+00,-6.877581669999999292e+01
8.427625000000000810e+00,-7.209424509999999486e+01
8.427749999999999631e+00,-7.119965729999999837e+01
8.427875000000000227e+00,-7.117647399999999891e+01
8.428000000000000824e+00,-7.021418880000000229e+01
8.428124999999999645e+00,-7.157888699999999460e+01
8.428250000000000242e+00,-6.967015259999999444e+01
8.428375000000000838e+00,-7.178046139999999298e+01
8.428499999999999659e+00,-7.078193389999999852e+01
8.428625000000000256e+00,-7.074613259999999570e+01
8.428750000000000853e+00,-7.194965080000000057e+01
8.428874999999999673e+00,-7.266837390000000596e+01
8.429000000000000270e+00,-7.127709009999999523e+01
8.429125000000000867e+00,-7.153953459999999609e+01
8.429249999999999687e+00,-7.022531759999999679e+01
8.429375000000000284e+00,-7.006099159999999415e+01
8.429500000000000881e+00,-7.151999910000000682e+01
8.429624999999999702e+00,-7.004350809999999683e+01
8.429750000000000298e+00,-7.087308369999999513e+01
8.429874999999999119e+00,-7.147031119999999760e+01
8.429999999999999716e+00,-7.031705180000000155e+01
8.430125000000000313e+00,-7.044898999999999489e+01
8.430249999999999133e+00,-7.023916130000000635e+01
8.430374999999999730e+00,-7.053977249999999799e+01
8.430500000000000327e+00,-7.093509260000000438e+01
8.430624999999999147e+00,-7.147379589999999894e+01
8.430749999999999744e+00,-7.074424419999999714e+01
8.430875000000000341e+00,-7.082176599999999667e+01
8.430999999999999162e+00,-7.075307019999999625e+01
8.431124999999999758e+00,-7.088693859999999347e+01
8.431250000000000355e+00,-7.182118169999999679e+01
8.431374999999999176e+00,-7.052251769999999453e+01
8.431499999999999773e+00,-7.036418720000000349e+01
8.431625000000000369e+00,-6.959035950000000526e+01
8.431749999999999190e+00,-7.046374959999999987e+01
8.431874999999999787e+00,-7.223318659999999625e+01
8.432000000000000384e+00,-7.018538870000000429e+01
8.432124999999999204e+00,-7.276438199999999767e+01
8.432249999999999801e+00,-7.100575489999999945e+01
8.432375000000000398e+00,-6.929072150000000363e+01
8.432499999999999218e+00,-7.053969840000000602e+01
8.432624999999999815e+00,-6.935111890000000301e+01
8.432750000000000412e+00,-6.991627959999999575e+01
8.432874999999999233e+00,-7.167536400000000185e+01
8.432999999999999829e+00,-6.843603319999999712e+01
8.433125000000000426e+00,-7.050528970000000584e+01
8.433249999999999247e+00,-7.041076660000000231e+01
8.433374999999999844e+00,-6.970949290000000076e+01
8.433500000000000441e+00,-6.892313640000000419e+01
8.433624999999999261e+00,-6.930410729999999830e+01
8.433749999999999858e+00,-6.877742779999999811e+01
8.433875000000000455e+00,-6.889295160000000351e+01
8.433999999999999275e+00,-7.007567679999999655e+01
8.434124999999999872e+00,-6.918940539999999828e+01
8.434250000000000469e+00,-7.125255559999999377e+01
8.434374999999999289e+00,-6.985741489999999487e+01
8.434499999999999886e+00,-6.934824190000000499e+01
8.434625000000000483e+00,-7.058916390000000263e+01
8.434749999999999304e+00,-7.019974919999999941e+01
8.434874999999999901e+00,-6.952947100000000091e+01
8.435000000000000497e+00,-7.015110959999999807e+01
8.435124999999999318e+00,-6.928219500000000153e+01
8.435249999999999915e+00,-6.917669220000000507e+01
8.435375000000000512e+00,-7.037321140000000241e+01
8.435499999999999332e+00,-7.056072849999999619e+01
8.435624999999999929e+00,-6.990545930000000396e+01
8.435750000000000526e+00,-7.010008929999999339e+01
8.435874999999999346e+00,-7.087337320000000318e+01
8.435999999999999943e+00,-7.031098110000000645e+01
8.436125000000000540e+00,-6.944042460000000005e+01
8.436249999999999361e+00,-6.935411870000000079e+01
8.436374999999999957e+00,-6.931794320000000198e+01
8.436500000000000554e+00,-6.915414579999999489e+01
8.436624999999999375e+00,-7.089770830000000501e+01
8.436749999999999972e+00,-6.952862550000000397e+01
8.436875000000000568e+00,-7.087744510000000275e+01
8.436999999999999389e+00,-7.012814659999999378e+01
8.437124999999999986e+00,-7.003079400000000021e+01
8.437250000000000583e+00,-7.015322159999999485e+01
8.437374999999999403e+00,-6.979271090000000299e+01
8.437500000000000000e+00,-6.954786939999999618e+01
8.437625000000000597e+00,-6.904664769999999407e+01
8.437749999999999417e+00,-6.910461259999999584e+01
8.437875000000000014e+00,-7.003624080000000163e+01
8.438000000000000611e+00,-6.977527969999999868e+01
8.438124999999999432e+00,-6.893270929999999908e+01
8.438250000000000028e+00,-6.848095240000000672e+01
8.438375000000000625e+00,-6.883395319999999629e+01
8.438499999999999446e+00,-6.999568840000000591e+01
8.438625000000000043e+00,-6.929427400000000148e+01
8.438750000000000639e+00,-6.790543230000000108e+01
8.438874999999999460e+00,-7.056523909999999944e+01
8.439000000000000057e+00,-6.897643770000000529e+01
8.439125000000000654e+00,-6.820490929999999707e+01
8.439249999999999474e+00,-6.880625770000000330e+01
8.439375000000000071e+00,-6.925145390000000134e+01
8.439500000000000668e+00,-6.873223749999999654e+01
8.439624999999999488e+00,-6.910258170000000177e+01
8.439750000000000085e+00,-6.942355179999999848e+01
8.439875000000000682e+00,-6.879101350000000537e+01
8.439999999999999503e+00,-6.991671250000000271e+01
8.440125000000000099e+00,-6.771288069999999948e+01
8.440250000000000696e+00,-6.863600370000000339e+01
8.440374999999999517e+00,-6.865179200000000037e+01
8.440500000000000114e+00,-6.987964370000000258e+01
8.440625000000000711e+00,-6.866252810000000295e+01
8.440749999999999531e+00,-6.799276949999999431e+01
8.440875000000000128e+00,-6.908691819999999950e+01
8.441000000000000725e+00,-6.888192560000000242e+01
8.441124999999999545e+00,-7.026066539999999350e+01
8.441250000000000142e+00,-6.960467889999999613e+01
8.441375000000000739e+00,-6.972781170000000373e+01
8.441499999999999559e+00,-6.803298859999999593e+01
8.441625000000000156e+00,-6.954097289999999987e+01
8.441750000000000753e+00,-6.933945119999999918e+01
8.441874999999999574e+00,-6.839831100000000674e+01
8.442000000000000171e+00,-6.833596249999999372e+01
8.442125000000000767e+00,-6.897790820000000167e+01
8.442249999999999588e+00,-6.825454150000000197e+01
8.442375000000000185e+00,-6.778374279999999885e+01
8.442500000000000782e+00,-6.747991120000000365e+01
8.442624999999999602e+00,-6.841354210000000080e+01
8.442750000000000199e+00,-6.807037110000000268e+01
8.442875000000000796e+00,-6.808884790000000464e+01
8.442999999999999616e+00,-6.748874949999999728e+01
8.443125000000000213e+00,-6.772943290000000616e+01
8.443250000000000810e+00,-6.932357159999999396e+01
8.443374999999999631e+00,-6.756959949999999537e+01
8.443500000000000227e+00,-6.893881550000000402e+01
8.443625000000000824e+00,-6.763808659999999406e+01
8.443749999999999645e+00,-6.789792250000000706e+01
8.443875000000000242e+00,-6.843152929999999401e+01
8.444000000000000838e+00,-6.815458680000000413e+01
8.444124999999999659e+00,-6.674637049999999761e+01
8.444250000000000256e+00,-6.783382880000000625e+01
8.444375000000000853e+00,-6.722387700000000166e+01
8.444499999999999673e+00,-6.687597300000000189e+01
8.444625000000000270e+00,-6.773137760000000185e+01
8.444750000000000867e+00,-6.706345509999999877e+01
8.444874999999999687e+00,-6.739928700000000106e+01
8.445000000000000284e+00,-6.773995569999999589e+01
8.445125000000000881e+00,-6.690247300000000052e+01
8.445249999999999702e+00,-6.713766210000000001e+01
8.445375000000000298e+00,-6.783016480000000570e+01
8.445499999999999119e+00,-6.747741129999999998e+01
8.445624999999999716e+00,-6.777745529999999974e+01
8.445750000000000313e+00,-6.698053090000000509e+01
8.445874999999999133e+00,-6.703496610000000544e+01
8.445999999999999730e+00,-6.704879839999999547e+01
8.446125000000000327e+00,-6.769789819999999736e+01
8.446249999999999147e+00,-6.756268980000000113e+01
8.446374999999999744e+00,-6.806162159999999517e+01
8.446500000000000341e+00,-6.663859960000000626e+01
8.446624999999999162e+00,-6.717678829999999834e+01
8.446749999999999758e+00,-6.740628139999999746e+01
8.446875000000000355e+00,-6.710899410000000387e+01
8.446999999999999176e+00,-6.663399780000000305e+01
8.447124999999999773e+00,-6.703197570000000383e+01
8.447250000000000369e+00,-6.634618439999999850e+01
8.447374999999999190e+00,-6.634969119999999521e+01
8.447499999999999787e+00,-6.710124790000000417e+01
8.447625000000000384e+00,-6.636140109999999481e+01
8.447749999999999204e+00,-6.750455429999999524e+01
8.447874999999999801e+00,-6.646985999999999706e+01
8.448000000000000398e+00,-6.682000320000000215e+01
8.448124999999999218e+00,-6.593768950000000473e+01
8.448249999999999815e+00,-6.566808399999999324e+01
8.448375000000000412e+00,-6.546366559999999879e+01
8.448499999999999233e+00,-6.626866569999999967e+01
8.448624999999999829e+00,-6.643014399999999853e+01
8.448750000000000426e+00,-6.617600290000000030e+01
8.448874999999999247e+00,-6.596311579999999708e+01
8.448999999999999844e+00,-6.618526400000000365e+01
8.449125000000000441e+00,-6.633115970000000061e+01
8.449249999999999261e+00,-6.519114050000000304e+01
8.449374999999999858e+00,-6.619662219999999309e+01
8.449500000000000455e+00,-6.553280599999999367e+01
8.449624999999999275e+00,-6.605804750000000070e+01
8.449749999999999872e+00,-6.548452090000000680e+01
8.449875000000000469e+00,-6.552036590000000160e+01
8.449999999999999289e+00,-6.648524550000000488e+01
8.450124999999999886e+00,-6.516785710000000620e+01
8.450250000000000483e+00,-6.465190029999999410e+01
8.450374999999999304e+00,-6.575594879999999876e+01
8.450499999999999901e+00,-6.558017710000000022e+01
8.450625000000000497e+00,-6.601152410000000259e+01
8.450749999999999318e+00,-6.563407719999999301e+01
8.450874999999999915e+00,-6.590770929999999339e+01
8.451000000000000512e+00,-6.582814050000000350e+01
8.451124999999999332e+00,-6.536813170000000639e+01
8.451249999999999929e+00,-6.533060419999999624e+01
8.451375000000000526e+00,-6.580673129999999560e+01
8.451499999999999346e+00,-6.512697450000000288e+01
8.451624999999999943e+00,-6.571312559999999792e+01
8.451750000000000540e+00,-6.524043729999999641e+01
8.451874999999999361e+00,-6.484748790000000440e+01
8.451999999999999957e+00,-6.508470629999999346e+01
8.452125000000000554e+00,-6.540032659999999964e+01
8.452249999999999375e+00,-6.451226160000000220e+01
8.452374999999999972e+00,-6.572406530000000657e+01
8.452500000000000568e+00,-6.455455270000000212e+01
8.452624999999999389e+00,-6.429451989999999739e+01
8.452749999999999986e+00,-6.458777820000000247e+01
8.452875000000000583e+00,-6.449920860000000289e+01
8.452999999999999403e+00,-6.482042909999999836e+01
8.453125000000000000e+00,-6.466489789999999971e+01
8.453250000000000597e+00,-6.562563090000000443e+01
8.453374999999999417e+00,-6.481737320000000580e+01
8.453500000000000014e+00,-6.488606000000000051e+01
8.453625000000000611e+00,-6.377416439999999653e+01
8.453749999999999432e+00,-6.389928030000000092e+01
8.453875000000000028e+00,-6.523432569999999942e+01
8.454000000000000625e+00,-6.388561339999999689e+01
8.454124999999999446e+00,-6.454341619999999580e+01
8.454250000000000043e+00,-6.479650420000000111e+01
8.454375000000000639e+00,-6.418454880000000173e+01
8.454499999999999460e+00,-6.363677299999999804e+01
8.454625000000000057e+00,-6.472256099999999890e+01
8.454750000000000654e+00,-6.405903759999999636e+01
8.454874999999999474e+00,-6.383091269999999895e+01
8.455000000000000071e+00,-6.347127150000000029e+01
8.455125000000000668e+00,-6.379700290000000251e+01
8.455249999999999488e+00,-6.338506869999999793e+01
8.455375000000000085e+00,-6.417822920000000408e+01
8.455500000000000682e+00,-6.314946489999999812e+01
8.455624999999999503e+00,-6.383747799999999728e+01
8.455750000000000099e+00,-6.391624130000000292e+01
8.455875000000000696e+00,-6.364879410000000348e+01
8.455999999999999517e+00,-6.319096420000000336e+01
8.456125000000000114e+00,-6.362975370000000197e+01
8.456250000000000711e+00,-6.280316690000000079e+01
8.456374999999999531e+00,-6.375878850000000142e+01
8.456500000000000128e+00,-6.321674029999999789e+01
8.456625000000000725e+00,-6.273724099999999737e+01
8.456749999999999545e+00,-6.281439009999999712e+01
8.456875000000000142e+00,-6.339915909999999855e+01
8.457000000000000739e+00,-6.276188230000000345e+01
8.457124999999999559e+00,-6.269553520000000191e+01
8.457250000000000156e+00,-6.281946140000000156e+01
8.457375000000000753e+00,-6.261073799999999778e+01
8.457499999999999574e+00,-6.283312649999999877e+01
8.457625000000000171e+00,-6.294801280000000077e+01
8.457750000000000767e+00,-6.184842989999999929e+01
8.457874999999999588e+00,-6.221940560000000175e+01
8.458000000000000185e+00,-6.211170630000000159e+01
8.458125000000000782e+00,-6.215654690000000215e+01
8.458249999999999602e+00,-6.173766129999999919e+01
8.458375000000000199e+00,-6.195164210000000082e+01
8.458500000000000796e+00,-6.161736350000000328e+01
8.458624999999999616e+00,-6.198810530000000085e+01
8.458750000000000213e+00,-6.205908399999999858e+01
8.458875000000000810e+00,-6.231207820000000197e+01
8.458999999999999631e+00,-6.162333410000000100e+01
8.459125000000000227e+00,-6.156987279999999885e+01
8.459250000000000824e+00,-6.138482079999999996e+01
8.459374999999999645e+00,-6.129793320000000278e+01
8.459500000000000242e+00,-6.121886750000000177e+01
8.459625000000000838e+00,-6.101469500000000323e+01
8.459749999999999659e+00,-6.109566949999999963e+01
8.459875000000000256e+00,-6.132871399999999795e+01
8.460000000000000853e+00,-6.059897569999999689e+01
8.460124999999999673e+00,-6.101721469999999670e+01
8.460250000000000270e+00,-6.094273629999999997e+01
8.460375000000000867e+00,-6.049333589999999816e+01
8.460499999999999687e+00,-5.989789830000000137e+01
8.460625000000000284e+00,-6.038179749999999757e+01
8.460750000000000881e+00,-6.035899510000000134e+01
8.460874999999999702e+00,-6.041631979999999658e+01
8.461000000000000298e+00,-5.987838370000000054e+01
8.461124999999999119e+00,-6.000312160000000006e+01
8.461249999999999716e+00,-5.984817770000000081e+01
8.461375000000000313e+00,-5.953979739999999765e+01
8.461499999999999133e+00,-5.916407829999999990e+01
8.461624999999999730e+00,-5.883349069999999870e+01
8.461750000000000327e+00,-5.912756029999999896e+01
8.461874999999999147e+00,-5.883639829999999904e+01
8.461999999999999744e+00,-5.886326890000000134e+01
8.462125000000000341e+00,-5.900148850000000067e+01
8.462249999999999162e+00,-5.845069110000000023e+01
8.462374999999999758e+00,-5.848090630000000090e+01
8.462500000000000355e+00,-5.842395030000000133e+01
8.462624999999999176e+00,-5.802975299999999947e+01
8.462749999999999773e+00,-5.810655359999999803e+01
8.462875000000000369e+00,-5.804873810000000134e+01
8.462999999999999190e+00,-5.801482250000000107e+01
8.463124999999999787e+00,-5.791160349999999823e+01
8.463250000000000384e+00,-5.742012410000000244e+01
8.463374999999999204e+00,-5.686823319999999882e+01
8.463499999999999801e+00,-5.672128570000000281e+01
8.463625000000000398e+00,-5.642474899999999849e+01
8.463749999999999218e+00,-5.612530240000000248e+01
8.463874999999999815e+00,-5.602622620000000353e+01
8.464000000000000412e+00,-5.613356809999999797e+01
8.464124999999999233e+00,-5.578234909999999758e+01
8.464249999999999829e+00,-5.539514369999999843e+01
8.464375000000000426e+00,-5.546592059999999691e+01
8.464499999999999247e+00,-5.518039730000000276e+01
8.464624999999999844e+00,-5.508667870000000022e+01
8.464750000000000441e+00,-5.462487720000000024e+01
8.464874999999999261e+00,-5.450663320000000311e+01
8.464999999999999858e+00,-5.440262390000000181e+01
8.465125000000000455e+00,-5.444814660000000117e+01
8.465249999999999275e+00,-5.430977589999999822e+01
8.465374999999999872e+00,-5.386600810000000195e+01
8.465500000000000469e+00,-5.304658669999999887e+01
8.465624999999999289e+00,-5.268972649999999902e+01
8.465749999999999886e+00,-5.209415119999999888e+01
8.465875000000000483e+00,-5.173029429999999707e+01
8.465999999999999304e+00,-5.149328979999999945e+01
8.466124999999999901e+00,-5.160390249999999668e+01
8.466250000000000497e+00,-5.113751690000000139e+01
8.466374999999999318e+00,-5.105691019999999725e+01
8.466499999999999915e+00,-5.059281510000000281e+01
8.466625000000000512e+00,-5.022728910000000013e+01
8.466749999999999332e+00,-4.987479510000000005e+01
8.466874999999999929e+00,-4.962148030000000176e+01
8.467000000000000526e+00,-4.941237319999999755e+01
8.467124999999999346e+00,-4.924871720000000153e+01
8.467249999999999943e+00,-4.939734010000000097e+01
8.467375000000000540e+00,-4.908280400000000299e+01
8.467499999999999361e+00,-4.880689279999999997e+01
8.467624999999999957e+00,-4.852436749999999677e+01
8.467750000000000554e+00,-4.842811910000000353e+01
8.467874999999999375e+00,-4.858283610000000152e+01
8.467999999999999972e+00,-4.884753080000000125e+01
8.468125000000000568e+00,-4.896763599999999883e+01
8.468249999999999389e+00,-4.905543039999999877e+01
8.468374999999999986e+00,-4.901830309999999713e+01
8.468500000000000583e+00,-4.932506639999999720e+01
8.468624999999999403e+00,-4.962867560000000111e+01
8.468750000000000000e+00,-5.021473559999999736e+01
8.468875000000000597e+00,-5.050999500000000353e+01
8.468999999999999417e+00,-5.094371780000000172e+01
8.469125000000000014e+00,-5.112062699999999893e+01
8.469250000000000611e+00,-5.103190829999999778e+01
8.469374999999999432e+00,-5.102596619999999916e+01
8.469500000000000028e+00,-5.103351020000000204e+01
8.469625000000000625e+00,-5.177395179999999897e+01
8.469749999999999446e+00,-5.233556200000000302e+01
8.469875000000000043e+00,-5.333696750000000009e+01
8.470000000000000639e+00,-5.393609969999999976e+01
8.470124999999999460e+00,-5.430209090000000316e+01
8.470250000000000057e+00,-5.473240570000000105e+01
8.470375000000000654e+00,-5.464075069999999812e+01
8.470499999999999474e+00,-5.471265050000000230e+01
8.470625000000000071e+00,-5.504413029999999907e+01
8.470750000000000668e+00,-5.550901100000000099e+01
8.470874999999999488e+00,-5.573508619999999780e+01
8.471000000000000085e+00,-5.608874070000000245e+01
8.471125000000000682e+00,-5.633053929999999809e+01
8.471249999999999503e+00,-5.670535569999999836e+01
8.471375000000000099e+00,-5.685064719999999738e+01
8.471500000000000696e+00,-5.668270760000000053e+01
8.471624999999999517e+00,-5.670986189999999993e+01
8.471750000000000114e+00,-5.679095879999999852e+01
8.471875000000000711e+00,-5.751982069999999680e+01
8.471999999999999531e+00,-5.835420440000000042e+01
8.472125000000000128e+00,-5.870956429999999671e+01
8.472250000000000725e+00,-5.915545060000000177e+01
8.472374999999999545e+00,-5.946016300000000143e+01
8.472500000000000142e+00,-5.929075459999999964e+01
8.472625000000000739e+00,-5.983749610000000274e+01
8.472749999999999559e+00,-6.017818439999999924e+01
8.472875000000000156e+00,-6.036811920000000242e+01
8.473000000000000753e+00,-6.029504599999999925e+01
8.473124999999999574e+00,-6.048697599999999852e+01
8.473250000000000171e+00,-6.097845970000000193e+01
8.473375000000000767e+00,-6.125910960000000216e+01
8.473499999999999588e+00,-6.149519839999999959e+01
8.473625000000000185e+00,-6.117451940000000121e+01
8.473750000000000782e+00,-6.129185520000000054e+01
8.473874999999999602e+00,-6.138164820000000077e+01
8.474000000000000199e+00,-6.229062129999999797e+01
8.474125000000000796e+00,-6.277085089999999923e+01
8.474249999999999616e+00,-6.312398009999999715e+01
8.474375000000000213e+00,-6.383964290000000119e+01
8.474500000000000810e+00,-6.425631699999999569e+01
8.474624999999999631e+00,-6.383119210000000265e+01
8.474750000000000227e+00,-6.408757300000000612e+01
8.474875000000000824e+00,-6.372145880000000062e+01
8.474999999999999645e+00,-6.446515490000000170e+01
8.475125000000000242e+00,-6.480028240000000039e+01
8.475250000000000838e+00,-6.498152760000000683e+01
8.475374999999999659e+00,-6.532487419999999645e+01
8.475500000000000256e+00,-6.500041349999999341e+01
8.475625000000000853e+00,-6.541523449999999684e+01
8.475749999999999673e+00,-6.553330440000000578e+01
8.475875000000000270e+00,-6.522062719999999558e+01
8.476000000000000867e+00,-6.572978179999999782e+01
8.476124999999999687e+00,-6.544724200000000280e+01
8.476250000000000284e+00,-6.654966749999999820e+01
8.476375000000000881e+00,-6.744421810000000050e+01
8.476499999999999702e+00,-6.765484600000000626e+01
8.476625000000000298e+00,-6.757438310000000570e+01
8.476749999999999119e+00,-6.796183600000000524e+01
8.476874999999999716e+00,-6.803602290000000608e+01
8.477000000000000313e+00,-6.772978030000000160e+01
8.477124999999999133e+00,-6.880237030000000686e+01
8.477249999999999730e+00,-6.861778459999999313e+01
8.477375000000000327e+00,-6.892688970000000381e+01
8.477499999999999147e+00,-6.823992699999999445e+01
8.477624999999999744e+00,-6.814037059999999713e+01
8.477750000000000341e+00,-6.798158150000000433e+01
8.477874999999999162e+00,-7.051165720000000192e+01
8.477999999999999758e+00,-6.866481910000000255e+01
8.478125000000000355e+00,-6.920795569999999941e+01
8.478249999999999176e+00,-6.814822940000000528e+01
8.478374999999999773e+00,-7.034429000000000087e+01
8.478500000000000369e+00,-7.171612050000000238e+01
8.478624999999999190e+00,-7.180164609999999925e+01
8.478749999999999787e+00,-7.123047259999999881e+01
8.478875000000000384e+00,-7.294395839999999964e+01
8.478999999999999204e+00,-7.087527439999999501e+01
8.479124999999999801e+00,-7.160305900000000179e+01
8.479250000000000398e+00,-7.000733490000000359e+01
8.479374999999999218e+00,-7.163090669999999704e+01
8.479499999999999815e+00,-7.186585850000000164e+01
8.479625000000000412e+00,-7.262943180000000609e+01
8.479749999999999233e+00,-7.385377219999999454e+01
8.479874999999999829e+00,-7.365493610000000047e+01
8.480000000000000426e+00,-7.338953019999999583e+01
8.480124999999999247e+00,-7.182938339999999755e+01
8.480249999999999844e+00,-7.404849090000000444e+01
8.480375000000000441e+00,-7.365077250000000220e+01
8.480499999999999261e+00,-7.242310019999999327e+01
8.480624999999999858e+00,-7.701035140000000467e+01
8.480750000000000455e+00,-7.591367529999999419e+01
8.480874999999999275e+00,-7.448543540000000007e+01
8.480999999999999872e+00,-7.637418010000000379e+01
8.481125000000000469e+00,-7.710396980000000156e+01
8.481249999999999289e+00,-7.649369950000000529e+01
8.481374999999999886e+00,-7.699499450000000422e+01
8.481500000000000483e+00,-7.812470439999999883e+01
8.481624999999999304e+00,-7.644219920000000457e+01
8.481749999999999901e+00,-7.937640039999999431e+01
8.481875000000000497e+00,-7.853282169999999951e+01
8.481999999999999318e+00,-7.732831860000000290e+01
8.482124999999999915e+00,-7.724328090000000202e+01
8.482250000000000512e+00,-7.586879190000000506e+01
8.482374999999999332e+00,-7.625264079999999467e+01
8.482499999999999929e+00,-7.983683019999999431e+01
8.482625000000000526e+00,-7.540636159999999677e+01
8.482749999999999346e+00,-8.038106820000000141e+01
8.482874999999999943e+00,-8.397674270000000263e+01
8.483000000000000540e+00,-9.788945040000000120e+01
8.483124999999999361e+00,-8.072210040000000220e+01
8.483249999999999957e+00,-8.034051519999999869e+01
8.483375000000000554e+00,-8.308274950000000558e+01
8.483499999999999375e+00,-7.866049169999999435e+01
8.483624999999999972e+00,-8.161785009999999829e+01
8.483750000000000568e+00,-8.191191499999999337e+01
8.483874999999999389e+00,-8.863319479999999828e+01
8.483999999999999986e+00,-8.635931039999999825e+01
8.484125000000000583e+00,-8.434599910000000023e+01
8.484249999999999403e+00,-7.923927689999999302e+01
8.484375000000000000e+00,-8.434523299999999324e+01
8.484500000000000597e+00,-8.117854040000000282e+01
8.484624999999999417e+00,-7.908098300000000336e+01
8.484750000000000014e+00,-8.144974510000000123e+01
8.484875000000000611e+00,-8.417454229999999882e+01
8.484999999999999432e+00,-8.675426050000000089e+01
8.485125000000000028e+00,-8.773713940000000377e+01
8.485250000000000625e+00,-8.602816230000000530e+01
8.485374999999999446e+00,-7.987320169999999564e+01
8.485500000000000043e+00,-8.778069449999999563e+01
8.485625000000000639e+00,-8.398413979999999412e+01
8.485749999999999460e+00,-8.301379239999999982e+01
8.485875000000000057e+00,-8.783273010000000625e+01
8.486000000000000654e+00,-9.120594950000000267e+01
8.486124999999999474e+00,-8.114746089999999867e+01
8.486250000000000071e+00,-9.579094279999999628e+01
8.486375000000000668e+00,-8.180190410000000156e+01
8.486499999999999488e+00,-8.391371970000000147e+01
8.486625000000000085e+00,-8.181949649999999963e+01
8.486750000000000682e+00,-8.953568540000000553e+01
8.486874999999999503e+00,-8.412275400000000047e+01
8.487000000000000099e+00,-8.570521340000000521e+01
8.487125000000000696e+00,-8.010489649999999529e+01
8.487249999999999517e+00,-8.237723909999999705e+01
8.487375000000000114e+00,-8.066659640000000309e+01
8.487500000000000711e+00,-8.496572749999999985e+01
8.487624999999999531e+00,-7.943607729999999378e+01
8.487750000000000128e+00,-8.262134140000000571e+01
8.487875000000000725e+00,-8.111275489999999877e+01
8.487999999999999545e+00,-8.364666809999999941e+01
8.488125000000000142e+00,-7.479268690000000674e+01
8.488250000000000739e+00,-7.525139179999999328e+01
8.488374999999999559e+00,-7.934839180000000169e+01
8.488500000000000156e+00,-7.897108230000000617e+01
8.488625000000000753e+00,-7.977184610000000475e+01
8.488749999999999574e+00,-8.189386980000000449e+01
8.488875000000000171e+00,-8.434662980000000232e+01
8.489000000000000767e+00,-8.184473629999999389e+01
8.489124999999999588e+00,-8.000632260000000429e+01
8.489250000000000185e+00,-7.714601489999999728e+01
8.489375000000000782e+00,-7.866136819999999830e+01
8.489499999999999602e+00,-7.598067079999999862e+01
8.489625000000000199e+00,-7.811815850000000694e+01
8.489750000000000796e+00,-7.773609820000000070e+01
8.489874999999999616e+00,-7.782961439999999698e+01
8.490000000000000213e+00,-7.835088570000000630e+01
8.490125000000000810e+00,-7.797877560000000585e+01
8.490249999999999631e+00,-7.803766099999999994e+01
8.490375000000000227e+00,-7.987331530000000157e+01
8.490500000000000824e+00,-7.662384710000000609e+01
8.490624999999999645e+00,-7.889889850000000138e+01
8.490750000000000242e+00,-7.555515560000000619e+01
8.490875000000000838e+00,-7.561179839999999786e+01
8.490999999999999659e+00,-7.455816090000000429e+01
8.491125000000000256e+00,-7.675042390000000125e+01
8.491250000000000853e+00,-7.871241299999999796e+01
8.491374999999999673e+00,-7.537523699999999849e+01
8.491500000000000270e+00,-7.627455790000000491e+01
8.491625000000000867e+00,-7.362613910000000317e+01
8.491749999999999687e+00,-7.341386509999999532e+01
8.491875000000000284e+00,-7.462656110000000353e+01
8.492000000000000881e+00,-7.462685749999999985e+01
8.492124999999999702e+00,-7.548316069999999911e+01
8.492250000000000298e+00,-7.471441790000000083e+01
8.492374999999999119e+00,-7.388743660000000091e+01
8.492499999999999716e+00,-7.656712640000000647e+01
8.492625000000000313e+00,-7.237482090000000312e+01
8.492749999999999133e+00,-7.430873499999999865e+01
8.492874999999999730e+00,-7.386906679999999881e+01
8.493000000000000327e+00,-7.396793089999999893e+01
8.493124999999999147e+00,-7.428483860000000050e+01
8.493249999999999744e+00,-7.290738519999999312e+01
8.493375000000000341e+00,-7.342601890000000253e+01
8.493499999999999162e+00,-7.304614370000000179e+01
8.493624999999999758e+00,-7.229070790000000102e+01
8.493750000000000355e+00,-7.229004919999999856e+01
8.493874999999999176e+00,-7.479099170000000640e+01
8.493999999999999773e+00,-7.227194740000000195e+01
8.494125000000000369e+00,-7.346107200000000148e+01
8.494249999999999190e+00,-7.198438409999999976e+01
8.494374999999999787e+00,-7.179121890000000406e+01
8.494500000000000384e+00,-7.321891650000000595e+01
8.494624999999999204e+00,-7.165936979999999323e+01
8.494749999999999801e+00,-7.163709389999999644e+01
8.494875000000000398e+00,-7.133181679999999858e+01
8.494999999999999218e+00,-7.104883399999999938e+01
8.495124999999999815e+00,-7.282436920000000669e+01
8.495250000000000412e+00,-7.132506970000000024e+01
8.495374999999999233e+00,-7.182377870000000541e+01
8.495499999999999829e+00,-7.182735019999999793e+01
8.495625000000000426e+00,-7.090365470000000414e+01
8.495749999999999247e+00,-7.000653119999999774e+01
8.495874999999999844e+00,-7.101060060000000362e+01
8.496000000000000441e+00,-7.030832250000000272e+01
8.496124999999999261e+00,-6.994475810000000138e+01
8.496249999999999858e+00,-6.938399259999999913e+01
8.496375000000000455e+00,-7.048820430000000670e+01
8.496499999999999275e+00,-7.132246840000000532e+01
8.496624999999999872e+00,-7.131787009999999327e+01
8.496750000000000469e+00,-7.049725979999999481e+01
8.496874999999999289e+00,-6.984569140000000687e+01
8.496999999999999886e+00,-7.053542400000000612e+01
8.497125000000000483e+00,-7.130147719999999367e+01
8.497249999999999304e+00,-6.986300180000000637e+01
8.497374999999999901e+00,-6.975614790000000198e+01
8.497500000000000497e+00,-7.009628019999999538e+01
8.497624999999999318e+00,-7.006330140000000029e+01
8.497749999999999915e+00,-7.003122070000000576e+01
8.497875000000000512e+00,-7.099327879999999880e+01
8.497999999999999332e+00,-6.997028620000000387e+01
8.498124999999999929e+00,-7.019451660000000004e+01
8.498250000000000526e+00,-7.004409350000000245e+01
8.498374999999999346e+00,-6.863276020000000699e+01
8.498499999999999943e+00,-6.883237400000000150e+01
8.498625000000000540e+00,-6.915198130000000276e+01
8.498749999999999361e+00,-6.944394389999999362e+01
8.498874999999999957e+00,-7.025084209999999985e+01
8.499000000000000554e+00,-6.979941519999999855e+01
8.499124999999999375e+00,-6.844076750000000686e+01
8.499249999999999972e+00,-6.815852549999999610e+01
8.499375000000000568e+00,-6.830741410000000258e+01
8.499499999999999389e+00,-6.923512759999999844e+01
8.499624999999999986e+00,-6.842618729999999516e+01
8.499750000000000583e+00,-6.734293929999999762e+01
8.499874999999999403e+00,-6.819982280000000685e+01
8.500000000000000000e+00,-6.793500290000000064e+01
8.500125000000000597e+00,-6.558141220000000260e+01
8.500249999999999417e+00,-7.153112199999999632e+01
8.500375000000000014e+00,-6.661315220000000181e+01
8.500500000000000611e+00,-6.713899010000000089e+01
8.500624999999999432e+00,-6.830921170000000586e+01
8.500750000000000028e+00,-6.736385199999999429e+01
8.500875000000000625e+00,-6.549254759999999465e+01
8.500999999999999446e+00,-6.769484090000000265e+01
8.501125000000000043e+00,-7.048908839999999998e+01
8.501250000000000639e+00,-6.491654379999999946e+01
8.501374999999999460e+00,-6.691966410000000565e+01
8.501500000000000057e+00,-6.513518790000000536e+01
8.501625000000000654e+00,-6.769073369999999557e+01
8.501749999999999474e+00,-6.715848479999999654e+01
8.501875000000000071e+00,-6.796615970000000573e+01
8.502000000000000668e+00,-6.514877620000000036e+01
8.502124999999999488e+00,-6.944826100000000224e+01
8.502250000000000085e+00,-6.631573500000000365e+01
8.502375000000000682e+00,-6.848534499999999525e+01
8.502499999999999503e+00,-6.847786849999999959e+01
8.502625000000000099e+00,-6.540575900000000331e+01
8.502750000000000696e+00,-6.538781679999999596e+01
8.502874999999999517e+00,-6.430148099999999545e+01
8.503000000000000114e+00,-6.483519699999999375e+01
8.503125000000000711e+00,-6.479903720000000078e+01
8.503249999999999531e+00,-6.517252000000000578e+01
8.503375000000000128e+00,-6.610526099999999872e+01
8.503500000000000725e+00,-6.630572250000000167e+01
8.503624999999999545e+00,-6.456000799999999629e+01
8.503750000000000142e+00,-6.575887029999999811e+01
8.503875000000000739e+00,-6.504623820000000478e+01
8.503999999999999559e+00,-6.583611480000000427e+01
8.504125000000000156e+00,-6.421560100000000659e+01
8.504250000000000753e+00,-6.374228039999999851e+01
8.504374999999999574e+00,-6.396795399999999887e+01
8.504500000000000171e+00,-6.348888649999999956e+01
8.504625000000000767e+00,-6.397925889999999782e+01
8.504749999999999588e+00,-6.319750429999999852e+01
8.504875000000000185e+00,-6.434527930000000140e+01
8.505000000000000782e+00,-6.188841279999999756e+01
8.505124999999999602e+00,-6.328686880000000059e+01
8.505250000000000199e+00,-6.349557180000000045e+01
8.505375000000000796e+00,-6.636272809999999822e+01
8.505499999999999616e+00,-6.594117409999999779e+01
8.505625000000000213e+00,-6.387888360000000176e+01
8.505750000000000810e+00,-6.450818030000000647e+01
8.505874999999999631e+00,-6.444102169999999319e+01
8.506000000000000227e+00,-6.239641780000000182e+01
8.506125000000000824e+00,-6.181379379999999912e+01
8.506249999999999645e+00,-6.317120039999999648e+01
8.506375000000000242e+00,-6.282865360000000265e+01
8.506500000000000838e+00,-6.309206480000000283e+01
8.506624999999999659e+00,-6.455443590000000142e+01
8.506750000000000256e+00,-6.200553850000000011e+01
8.506875000000000853e+00,-6.276881470000000007e+01
8.506999999999999673e+00,-6.333941879999999713e+01
8.507125000000000270e+00,-6.383419709999999725e+01
8.507250000000000867e+00,-6.119582239999999729e+01
8.507374999999999687e+00,-6.175052159999999901e+01
8.507500000000000284e+00,-6.088884360000000129e+01
8.507625000000000881e+00,-6.237704680000000224e+01
8.507749999999999702e+00,-6.152975119999999976e+01
8.507875000000000298e+00,-6.232007370000000179e+01
8.507999999999999119e+00,-6.174643040000000127e+01
8.508124999999999716e+00,-6.067463939999999667e+01
8.508250000000000313e+00,-6.087238909999999947e+01
8.508374999999999133e+00,-6.090925430000000063e+01
8.508499999999999730e+00,-6.122542339999999683e+01
8.508625000000000327e+00,-6.104648960000000102e+01
8.508749999999999147e+00,-6.011998820000000165e+01
8.508874999999999744e+00,-6.057703839999999929e+01
8.509000000000000341e+00,-6.002688229999999692e+01
8.509124999999999162e+00,-5.964919189999999816e+01
8.509249999999999758e+00,-6.125636579999999753e+01
8.509375000000000355e+00,-6.159878400000000198e+01
8.509499999999999176e+00,-5.983966670000000221e+01
8.509624999999999773e+00,-6.123658859999999748e+01
8.509750000000000369e+00,-5.957872650000000192e+01
8.509874999999999190e+00,-5.942191770000000162e+01
8.509999999999999787e+00,-6.012928649999999919e+01
8.510125000000000384e+00,-5.960356000000000165e+01
8.510249999999999204e+00,-5.975493980000000249e+01
8.510374999999999801e+00,-5.932284750000000173e+01
8.510500000000000398e+00,-5.900628700000000038e+01
8.510624999999999218e+00,-5.963746540000000351e+01
8.510749999999999815e+00,-5.810773319999999842e+01
8.510875000000000412e+00,-5.853309140000000355e+01
8.510999999999999233e+00,-5.908330660000000023e+01
8.511124999999999829e+00,-5.872520699999999749e+01
8.511250000000000426e+00,-5.844472180000000350e+01
8.511374999999999247e+00,-6.057074399999999770e+01
8.511499999999999844e+00,-5.744490460000000098e+01
8.511625000000000441e+00,-5.712874200000000258e+01
8.511749999999999261e+00,-5.824808960000000013e+01
8.511874999999999858e+00,-5.746072579999999874e+01
8.512000000000000455e+00,-5.777624310000000207e+01
8.512124999999999275e+00,-5.658261050000000125e+01
8.512249999999999872e+00,-5.830886530000000079e+01
8.512375000000000469e+00,-5.799974199999999769e+01
8.512499999999999289e+00,-5.699836679999999944e+01
8.512624999999999886e+00,-5.712479230000000285e+01
8.512750000000000483e+00,-5.707572400000000101e+01
8.512874999999999304e+00,-5.737147490000000261e+01
8.512999999999999901e+00,-5.621694459999999793e+01
8.513125000000000497e+00,-5.513711109999999849e+01
8.513249999999999318e+00,-5.669272329999999727e+01
8.513374999999999915e+00,-5.643293390000000187e+01
8.513500000000000512e+00,-5.611053960000000274e+01
8.513624999999999332e+00,-5.600263999999999953e+01
8.513749999999999929e+00,-5.602347389999999905e+01
8.513875000000000526e+00,-5.640697560000000266e+01
8.513999999999999346e+00,-5.563723530000000039e+01
8.514124999999999943e+00,-5.547784209999999661e+01
8.514250000000000540e+00,-5.524386489999999839e+01
8.514374999999999361e+00,-5.499365850000000222e+01
8.514499999999999957e+00,-5.509332719999999739e+01
8.514625000000000554e+00,-5.488423999999999836e+01
8.514749999999999375e+00,-5.516078029999999899e+01
8.514874999999999972e+00,-5.513726429999999823e+01
8.515000000000000568e+00,-5.423212469999999996e+01
8.515124999999999389e+00,-5.443863050000000214e+01
8.515249999999999986e+00,-5.365584760000000131e+01
8.515375000000000583e+00,-5.390436199999999900e+01
8.515499999999999403e+00,-5.414964619999999940e+01
8.515625000000000000e+00,-5.356502640000000071e+01
8.515750000000000597e+00,-5.331165339999999730e+01
8.515874999999999417e+00,-5.305057419999999979e+01
8.516000000000000014e+00,-5.319637070000000278e+01
8.516125000000000611e+00,-5.279781630000000092e+01
8.516249999999999432e+00,-5.252794260000000293e+01
8.516375000000000028e+00,-5.279550110000000274e+01
8.516500000000000625e+00,-5.201163050000000254e+01
8.516624999999999446e+00,-5.250268479999999727e+01
8.516750000000000043e+00,-5.210943449999999899e+01
8.516875000000000639e+00,-5.202841930000000303e+01
8.516999999999999460e+00,-5.134681739999999905e+01
8.517125000000000057e+00,-5.073326569999999691e+01
8.517250000000000654e+00,-5.072297480000000292e+01
8.517374999999999474e+00,-5.036314039999999892e+01
8.517500000000000071e+00,-5.047331410000000318e+01
8.517625000000000668e+00,-4.981579920000000072e+01
8.517749999999999488e+00,-4.991388959999999742e+01
8.517875000000000085e+00,-4.960220770000000101e+01
8.518000000000000682e+00,-4.927262919999999724e+01
8.518124999999999503e+00,-4.904227110000000067e+01
8.518250000000000099e+00,-4.884128849999999744e+01
8.518375000000000696e+00,-4.809935190000000205e+01
8.518499999999999517e+00,-4.839468639999999766e+01
8.518625000000000114e+00,-4.795600999999999914e+01
8.518750000000000711e+00,-4.795430749999999875e+01
8.518874999999999531e+00,-4.797320650000000342e+01
8.519000000000000128e+00,-4.727454759999999823e+01
8.519125000000000725e+00,-4.665848710000000210e+01
8.519249999999999545e+00,-4.617790589999999895e+01
8.519375000000000142e+00,-4.562714410000000242e+01
8.519500000000000739e+00,-4.517077909999999719e+01
8.519624999999999559e+00,-4.509836549999999988e+01
8.519750000000000156e+00,-4.484842700000000093e+01
8.519875000000000753e+00,-4.444056080000000009e+01
8.519999999999999574e+00,-4.424025749999999846e+01
8.520125000000000171e+00,-4.379792350000000312e+01
8.520250000000000767e+00,-4.372917149999999964e+01
8.520374999999999588e+00,-4.323276919999999990e+01
8.520500000000000185e+00,-4.302626149999999683e+01
8.520625000000000782e+00,-4.290273609999999849e+01
8.520749999999999602e+00,-4.280416900000000169e+01
8.520875000000000199e+00,-4.279326580000000035e+01
8.521000000000000796e+00,-4.278374809999999684e+01
8.521124999999999616e+00,-4.272039670000000200e+01
8.521250000000000213e+00,-4.265124229999999983e+01
8.521375000000000810e+00,-4.296388120000000299e+01
8.521499999999999631e+00,-4.312264040000000165e+01
8.521625000000000227e+00,-4.330624610000000274e+01
8.521750000000000824e+00,-4.343652639999999820e+01
8.521874999999999645e+00,-4.352959169999999745e+01
8.522000000000000242e+00,-4.370833939999999984e+01
8.522125000000000838e+00,-4.406945180000000306e+01
8.522249999999999659e+00,-4.432964319999999958e+01
8.522375000000000256e+00,-4.493579090000000065e+01
8.522500000000000853e+00,-4.517813890000000043e+01
8.522624999999999673e+00,-4.553953500000000076e+01
8.522750000000000270e+00,-4.604877150000000086e+01
8.522875000000000867e+00,-4.593085310000000021e+01
8.522999999999999687e+00,-4.617273500000000297e+01
8.523125000000000284e+00,-4.637980319999999779e+01
8.523250000000000881e+00,-4.669325130000000001e+01
8.523374999999999702e+00,-4.722089919999999807e+01
8.523500000000000298e+00,-4.790317590000000081e+01
8.523624999999999119e+00,-4.816342149999999833e+01
8.523749999999999716e+00,-4.848847980000000035e+01
8.523875000000000313e+00,-4.872258109999999931e+01
8.523999999999999133e+00,-4.883371780000000228e+01
8.524124999999999730e+00,-4.936142269999999854e+01
8.524250000000000327e+00,-4.893965390000000326e+01
8.524374999999999147e+00,-4.971013719999999836e+01
8.524499999999999744e+00,-4.980659349999999819e+01
8.524625000000000341e+00,-4.978616960000000091e+01
8.524749999999999162e+00,-5.044585039999999765e+01
8.524874999999999758e+00,-5.057157029999999764e+01
8.525000000000000355e+00,-5.032313039999999660e+01
8.525124999999999176e+00,-5.096179430000000110e+01
8.525249999999999773e+00,-5.108476879999999909e+01
8.525375000000000369e+00,-5.141009079999999898e+01
8.525499999999999190e+00,-5.157027140000000287e+01
8.525624999999999787e+00,-5.242407959999999889e+01
8.525750000000000384e+00,-5.213480830000000310e+01
8.525874999999999204e+00,-5.201851539999999829e+01
8.525999999999999801e+00,-5.247736749999999972e+01
8.526125000000000398e+00,-5.290739500000000106e+01
8.526249999999999218e+00,-5.300790090000000276e+01
8.526374999999999815e+00,-5.282043500000000336e+01
8.526500000000000412e+00,-5.296050269999999927e+01
8.526624999999999233e+00,-5.340596140000000247e+01
8.526749999999999829e+00,-5.335021909999999679e+01
8.526875000000000426e+00,-5.390839299999999668e+01
8.526999999999999247e+00,-5.350254309999999691e+01
8.527124999999999844e+00,-5.388746720000000323e+01
8.527250000000000441e+00,-5.437614289999999784e+01
8.527374999999999261e+00,-5.443861019999999940e+01
8.527499999999999858e+00,-5.426011040000000207e+01
8.527625000000000455e+00,-5.439540269999999822e+01
8.527749999999999275e+00,-5.430403030000000086e+01
8.527874999999999872e+00,-5.533960030000000074e+01
8.528000000000000469e+00,-5.489949229999999858e+01
8.528124999999999289e+00,-5.446538759999999968e+01
8.528249999999999886e+00,-5.536542229999999876e+01
8.528375000000000483e+00,-5.511571440000000166e+01
8.528499999999999304e+00,-5.506248759999999720e+01
8.528624999999999901e+00,-5.478908380000000022e+01
8.528750000000000497e+00,-5.587502080000000149e+01
8.528874999999999318e+00,-5.632446070000000304e+01
8.528999999999999915e+00,-5.489132070000000141e+01
8.529125000000000512e+00,-5.582575959999999782e+01
8.529249999999999332e+00,-5.568752620000000064e+01
8.529374999999999929e+00,-5.527110749999999939e+01
8.529500000000000526e+00,-5.641599140000000290e+01
8.529624999999999346e+00,-5.601082910000000226e+01
8.529749999999999943e+00,-5.546853870000000342e+01
8.529875000000000540e+00,-5.664531480000000130e+01
8.529999999999999361e+00,-5.610120239999999825e+01
8.530124999999999957e+00,-5.667753259999999926e+01
8.530250000000000554e+00,-5.672176060000000319e+01
8.530374999999999375e+00,-5.735851159999999993e+01
8.530499999999999972e+00,-5.707323019999999758e+01
8.530625000000000568e+00,-5.775676620000000128e+01
8.530749999999999389e+00,-5.750619149999999991e+01
8.530874999999999986e+00,-5.596126410000000106e+01
8.531000000000000583e+00,-5.740911520000000223e+01
8.531124999999999403e+00,-5.764192249999999973e+01
8.531250000000000000e+00,-5.714836059999999662e+01
8.531375000000000597e+00,-5.712197689999999994e+01
8.531499999999999417e+00,-5.729524070000000080e+01
8.531625000000000014e+00,-5.723724949999999723e+01
8.531750000000000611e+00,-5.743414729999999935e+01
8.531874999999999432e+00,-5.674019859999999937e+01
8.532000000000000028e+00,-5.774719770000000096e+01
8.532125000000000625e+00,-5.800855479999999886e+01
8.532249999999999446e+00,-5.823971079999999745e+01
8.532375000000000043e+00,-5.853765719999999817e+01
8.532500000000000639e+00,-5.884908610000000095e+01
8.532624999999999460e+00,-5.784631569999999812e+01
8.532750000000000057e+00,-5.854060179999999747e+01
8.532875000000000654e+00,-5.803332100000000082e+01
8.532999999999999474e+00,-5.830657649999999848e+01
8.533125000000000071e+00,-5.745052270000000050e+01
8.533250000000000668e+00,-5.698495080000000002e+01
8.533374999999999488e+00,-5.876662780000000197e+01
8.533500000000000085e+00,-5.781952960000000274e+01
8.533625000000000682e+00,-5.841874719999999854e+01
8.533749999999999503e+00,-5.921472920000000073e+01
8.533875000000000099e+00,-5.954637040000000070e+01
8.534000000000000696e+00,-5.839566709999999716e+01
8.534124999999999517e+00,-5.933936539999999837e+01
8.534250000000000114e+00,-5.962113949999999818e+01
8.534375000000000711e+00,-5.875124859999999671e+01
8.534499999999999531e+00,-5.884733849999999933e+01
8.534625000000000128e+00,-5.955052009999999996e+01
8.534750000000000725e+00,-6.144007859999999965e+01
8.534874999999999545e+00,-5.893413859999999715e+01
8.535000000000000142e+00,-6.172132140000000078e+01
8.535125000000000739e+00,-5.971804079999999715e+01
8.535249999999999559e+00,-5.912304280000000034e+01
8.535375000000000156e+00,-6.058674390000000187e+01
8.535500000000000753e+00,-6.064290019999999970e+01
8.535624999999999574e+00,-6.081191079999999971e+01
8.535750000000000171e+00,-5.886970269999999772e+01
8.535875000000000767e+00,-5.891220369999999917e+01
8.535999999999999588e+00,-5.961157409999999857e+01
8.536125000000000185e+00,-6.092265390000000025e+01
8.536250000000000782e+00,-5.993993160000000131e+01
8.536374999999999602e+00,-5.915388279999999810e+01
8.536500000000000199e+00,-5.872789910000000191e+01
8.536625000000000796e+00,-6.117671450000000277e+01
8.536749999999999616e+00,-6.153130310000000236e+01
8.536875000000000213e+00,-6.044793580000000333e+01
8.537000000000000810e+00,-6.012232370000000259e+01
8.537124999999999631e+00,-6.056729709999999756e+01
8.537250000000000227e+00,-6.123396340000000038e+01
8.537375000000000824e+00,-6.021521179999999873e+01
8.537499999999999645e+00,-6.046625099999999975e+01
8.537625000000000242e+00,-6.083000009999999946e+01
8.537750000000000838e+00,-6.003836919999999822e+01
8.537874999999999659e+00,-6.123403569999999974e+01
8.538000000000000256e+00,-6.197802589999999867e+01
8.538125000000000853e+00,-5.981360010000000216e+01
8.538249999999999673e+00,-6.049025950000000051e+01
8.538375000000000270e+00,-6.142663490000000337e+01
8.538500000000000867e+00,-6.126995399999999847e+01
8.538624999999999687e+00,-6.086910209999999921e+01
8.538750000000000284e+00,-6.063194179999999989e+01
8.538875000000000881e+00,-6.169561949999999939e+01
8.538999999999999702e+00,-6.179027380000000136e+01
8.539125000000000298e+00,-6.174761219999999895e+01
8.539249999999999119e+00,-6.233047450000000111e+01
8.539374999999999716e+00,-6.125432820000000333e+01
8.539500000000000313e+00,-5.932925379999999649e+01
8.539624999999999133e+00,-6.387887140000000130e+01
8.539749999999999730e+00,-6.060055289999999673e+01
8.539875000000000327e+00,-6.167272049999999695e+01
8.539999999999999147e+00,-6.154605759999999748e+01
8.540124999999999744e+00,-6.256075030000000226e+01
8.540250000000000341e+00,-6.445352470000000267e+01
8.540374999999999162e+00,-6.333245910000000123e+01
8.540499999999999758e+00,-6.105777439999999956e+01
8.540625000000000355e+00,-6.393882769999999738e+01
8.540749999999999176e+00,-6.316367470000000139e+01
8.540874999999999773e+00,-6.215373350000000130e+01
8.541000000000000369e+00,-6.308315960000000189e+01
8.541124999999999190e+00,-6.202667569999999841e+01
8.541249999999999787e+00,-6.706135469999999543e+01
8.541375000000000384e+00,-6.219147050000000121e+01
8.541499999999999204e+00,-6.287811039999999707e+01
8.541624999999999801e+00,-6.180323020000000156e+01
8.541750000000000398e+00,-6.279428510000000330e+01
8.541874999999999218e+00,-6.312214339999999879e+01
8.541999999999999815e+00,-6.261194379999999882e+01
8.542125000000000412e+00,-6.198406500000000108e+01
8.542249999999999233e+00,-6.294671079999999819e+01
8.542374999999999829e+00,-6.389911120000000011e+01
8.542500000000000426e+00,-6.356616970000000322e+01
8.542624999999999247e+00,-6.362609390000000076e+01
8.542749999999999844e+00,-6.332219419999999843e+01
8.542875000000000441e+00,-6.572306500000000540e+01
8.542999999999999261e+00,-6.376570819999999884e+01
8.543124999999999858e+00,-6.157573239999999970e+01
8.543250000000000455e+00,-6.307351599999999792e+01
8.543374999999999275e+00,-6.352093469999999797e+01
8.543499999999999872e+00,-6.494462690000000293e+01
8.543625000000000469e+00,-6.296451849999999695e+01
8.543749999999999289e+00,-6.375573469999999787e+01
8.543874999999999886e+00,-6.416205320000000256e+01
8.544000000000000483e+00,-6.633836949999999888e+01
8.544124999999999304e+00,-6.517607649999999353e+01
8.544249999999999901e+00,-6.464428409999999303e+01
8.544375000000000497e+00,-6.526801120000000367e+01
8.544499999999999318e+00,-6.300269149999999740e+01
8.544624999999999915e+00,-6.492323729999999671e+01
8.544750000000000512e+00,-6.726655220000000668e+01
8.544874999999999332e+00,-6.405702460000000542e+01
8.544999999999999929e+00,-6.279315820000000059e+01
8.545125000000000526e+00,-6.582346219999999448e+01
8.545249999999999346e+00,-6.350099649999999940e+01
8.545374999999999943e+00,-6.488579369999999358e+01
8.545500000000000540e+00,-6.488936739999999759e+01
8.545624999999999361e+00,-6.435961059999999634e+01
8.545749999999999957e+00,-6.436719940000000406e+01
8.545875000000000554e+00,-6.454548099999999522e+01
8.545999999999999375e+00,-6.577563120000000652e+01
8.546124999999999972e+00,-6.502994579999999303e+01
8.546250000000000568e+00,-6.601086890000000551e+01
8.546374999999999389e+00,-6.415313799999999844e+01
8.546499999999999986e+00,-6.650878480000000081e+01
8.546625000000000583e+00,-6.636179020000000151e+01
8.546749999999999403e+00,-6.510436959999999829e+01
8.546875000000000000e+00,-6.494168139999999312e+01
8.547000000000000597e+00,-6.320807729999999935e+01
8.547124999999999417e+00,-6.551249129999999354e+01
8.547250000000000014e+00,-6.397367450000000133e+01
8.547375000000000611e+00,-6.524556649999999536e+01
8.547499999999999432e+00,-6.513192300000000046e+01
8.547625000000000028e+00,-6.665498469999999998e+01
8.547750000000000625e+00,-6.878627339999999890e+01
8.547874999999999446e+00,-6.590933200000000625e+01
8.548000000000000043e+00,-6.652851160000000164e+01
8.548125000000000639e+00,-6.665905150000000390e+01
8.548249999999999460e+00,-6.558247550000000103e+01
8.548375000000000057e+00,-6.761481969999999819e+01
8.548500000000000654e+00,-6.551372089999999559e+01
8.548624999999999474e+00,-6.476054650000000379e+01
8.548750000000000071e+00,-6.586494290000000262e+01
8.548875000000000668e+00,-6.764023620000000392e+01
8.548999999999999488e+00,-6.758869169999999826e+01
8.549125000000000085e+00,-6.629223650000000134e+01
8.549250000000000682e+00,-6.630845820000000401e+01
8.549374999999999503e+00,-6.593488899999999830e+01
8.549500000000000099e+00,-6.636083370000000059e+01
8.549625000000000696e+00,-6.611562580000000366e+01
8.549749999999999517e+00,-6.699681859999999745e+01
8.549875000000000114e+00,-6.702051509999999723e+01
8.550000000000000711e+00,-6.769469139999999641e+01
8.550124999999999531e+00,-6.467656719999999382e+01
8.550250000000000128e+00,-6.795238129999999899e+01
8.550375000000000725e+00,-6.638992849999999635e+01
8.550499999999999545e+00,-6.431722410000000423e+01
8.550625000000000142e+00,-6.852462529999999674e+01
8.550750000000000739e+00,-6.716560479999999700e+01
8.550874999999999559e+00,-6.621633090000000266e+01
8.551000000000000156e+00,-6.802358719999999437e+01
8.551125000000000753e+00,-6.719914819999999622e+01
8.551249999999999574e+00,-6.519758260000000405e+01
8.551375000000000171e+00,-6.682642350000000420e+01
8.551500000000000767e+00,-6.667304749999999558e+01
8.551624999999999588e+00,-6.803956169999999304e+01
8.551750000000000185e+00,-6.732635089999999423e+01
8.551875000000000782e+00,-6.462842569999999398e+01
8.551999999999999602e+00,-6.547728949999999770e+01
8.552125000000000199e+00,-6.801965549999999894e+01
8.552250000000000796e+00,-6.428871239999999432e+01
8.552374999999999616e+00,-6.659310960000000534e+01
8.552500000000000213e+00,-6.513095029999999497e+01
8.552625000000000810e+00,-6.801389079999999865e+01
8.552749999999999631e+00,-6.563245129999999961e+01
8.552875000000000227e+00,-6.929302490000000603e+01
8.553000000000000824e+00,-6.737333219999999301e+01
8.553124999999999645e+00,-6.650621280000000013e+01
8.553250000000000242e+00,-6.586660960000000387e+01
8.553375000000000838e+00,-6.706981410000000210e+01
8.553499999999999659e+00,-7.202915570000000400e+01
8.553625000000000256e+00,-6.648331020000000535e+01
8.553750000000000853e+00,-6.565404250000000275e+01
8.553874999999999673e+00,-6.725927000000000078e+01
8.554000000000000270e+00,-7.002281360000000632e+01
8.554125000000000867e+00,-6.464175960000000032e+01
8.554249999999999687e+00,-6.739826050000000635e+01
8.554375000000000284e+00,-6.831545189999999934e+01
8.554500000000000881e+00,-6.743947040000000470e+01
8.554624999999999702e+00,-6.625488559999999438e+01
8.554750000000000298e+00,-6.634728010000000609e+01
8.554874999999999119e+00,-6.912259240000000204e+01
8.554999999999999716e+00,-6.644574079999999583e+01
8.555125000000000313e+00,-6.480202230000000441e+01
8.555249999999999133e+00,-6.505126669999999933e+01
8.555374999999999730e+00,-6.629152510000000120e+01
8.555500000000000327e+00,-6.729104890000000694e+01
8.555624999999999147e+00,-6.618648129999999696e+01
8.555749999999999744e+00,-6.595867140000000006e+01
8.555875000000000341e+00,-6.708475880000000302e+01
8.555999999999999162e+00,-6.891645619999999894e+01
8.556124999999999758e+00,-6.599774829999999781e+01
8.556250000000000355e+00,-6.704534850000000290e+01
8.556374999999999176e+00,-6.797826059999999870e+01
8.556499999999999773e+00,-6.793887410000000671e+01
8.556625000000000369e+00,-6.773709850000000188e+01
8.556749999999999190e+00,-6.854230470000000253e+01
8.556874999999999787e+00,-6.647110759999999630e+01
8.557000000000000384e+00,-6.664130919999999492e+01
8.557124999999999204e+00,-7.124110220000000027e+01
8.557249999999999801e+00,-6.574489859999999908e+01
8.557375000000000398e+00,-6.775184779999999307e+01
8.557499999999999218e+00,-6.908115870000000314e+01
8.557624999999999815e+00,-6.819479440000000636e+01
8.557750000000000412e+00,-6.924232440000000111e+01
8.557874999999999233e+00,-6.751369459999999378e+01
8.557999999999999829e+00,-6.739132899999999893e+01
8.558125000000000426e+00,-7.183890340000000663e+01
8.558249999999999247e+00,-6.754794780000000287e+01
8.558374999999999844e+00,-6.756524149999999906e+01
8.558500000000000441e+00,-6.540248970000000384e+01
8.558624999999999261e+00,-6.884231830000000230e+01
8.558749999999999858e+00,-6.712690259999999398e+01
8.558875000000000455e+00,-6.907877139999999372e+01
8.558999999999999275e+00,-6.773506340000000137e+01
8.559124999999999872e+00,-6.894160789999999395e+01
8.559250000000000469e+00,-6.635586779999999862e+01
8.559374999999999289e+00,-6.564447459999999523e+01
8.559499999999999886e+00,-6.787234850000000108e+01
8.559625000000000483e+00,-6.476056920000000616e+01
8.559749999999999304e+00,-6.482796480000000372e+01
8.559874999999999901e+00,-6.645129540000000645e+01
8.560000000000000497e+00,-6.773369839999999442e+01
8.560124999999999318e+00,-6.500452459999999633e+01
8.560249999999999915e+00,-6.564074429999999438e+01
8.560375000000000512e+00,-6.555605529999999703e+01
8.560499999999999332e+00,-6.612845310000000154e+01
8.560624999999999929e+00,-6.855291540000000339e+01
8.560750000000000526e+00,-6.831088069999999846e+01
8.560874999999999346e+00,-6.617591450000000464e+01
8.560999999999999943e+00,-6.740755079999999566e+01
8.561125000000000540e+00,-6.743352099999999893e+01
8.561249999999999361e+00,-6.857137240000000133e+01
8.561374999999999957e+00,-6.844584340000000111e+01
8.561500000000000554e+00,-6.660012509999999963e+01
8.561624999999999375e+00,-6.979022150000000124e+01
8.561749999999999972e+00,-6.449190769999999873e+01
8.561875000000000568e+00,-6.609752849999999569e+01
8.561999999999999389e+00,-6.790272240000000181e+01
8.562124999999999986e+00,-7.285798490000000527e+01
8.562250000000000583e+00,-6.653387659999999926e+01
8.562374999999999403e+00,-6.711874140000000466e+01
8.562500000000000000e+00,-6.600477600000000677e+01
8.562625000000000597e+00,-6.693058849999999893e+01
8.562749999999999417e+00,-6.793480160000000012e+01
8.562875000000000014e+00,-7.031258970000000375e+01
8.563000000000000611e+00,-7.029882290000000467e+01
8.563124999999999432e+00,-6.656224709999999334e+01
8.563250000000000028e+00,-6.793922659999999780e+01
8.563375000000000625e+00,-6.586510909999999797e+01
8.563499999999999446e+00,-6.602291010000000426e+01
8.563625000000000043e+00,-6.729833120000000690e+01
8.563750000000000639e+00,-6.531485080000000210e+01
8.563874999999999460e+00,-6.733773990000000254e+01
8.564000000000000057e+00,-6.829900859999999341e+01
8.564125000000000654e+00,-7.487004330000000607e+01
8.564249999999999474e+00,-6.673176940000000457e+01
8.564375000000000071e+00,-6.812257639999999981e+01
8.564500000000000668e+00,-6.534694290000000194e+01
8.564624999999999488e+00,-6.765741500000000030e+01
8.564750000000000085e+00,-6.796844629999999654e+01
8.564875000000000682e+00,-6.640390480000000650e+01
8.564999999999999503e+00,-6.480303829999999721e+01
8.565125000000000099e+00,-6.505317320000000336e+01
8.565250000000000696e+00,-6.655276759999999570e+01
8.565374999999999517e+00,-6.974439239999999529e+01
8.565500000000000114e+00,-6.716911039999999389e+01
8.565625000000000711e+00,-6.953321900000000255e+01
8.565749999999999531e+00,-6.593452530000000422e+01
8.565875000000000128e+00,-6.688213149999999985e+01
8.566000000000000725e+00,-6.832668370000000380e+01
8.566124999999999545e+00,-6.695363430000000449e+01
8.566250000000000142e+00,-6.719991969999999526e+01
8.566375000000000739e+00,-6.833631529999999543e+01
8.566499999999999559e+00,-7.146843479999999715e+01
8.566625000000000156e+00,-6.738664479999999912e+01
8.566750000000000753e+00,-7.208027189999999962e+01
8.566874999999999574e+00,-7.117680930000000217e+01
8.567000000000000171e+00,-6.561128460000000473e+01
8.567125000000000767e+00,-6.633084800000000314e+01
8.567249999999999588e+00,-6.829947740000000067e+01
8.567375000000000185e+00,-6.703623740000000453e+01
8.567500000000000782e+00,-6.831398919999999464e+01
8.567624999999999602e+00,-6.589561199999999985e+01
8.567750000000000199e+00,-6.954419249999999408e+01
8.567875000000000796e+00,-6.773396390000000622e+01
8.567999999999999616e+00,-7.000829620000000375e+01
8.568125000000000213e+00,-7.178894339999999374e+01
8.568250000000000810e+00,-6.917825980000000641e+01
8.568374999999999631e+00,-6.786568509999999321e+01
8.568500000000000227e+00,-7.004453049999999337e+01
8.568625000000000824e+00,-6.810252420000000484e+01
8.568749999999999645e+00,-6.879709289999999555e+01
8.568875000000000242e+00,-6.799514080000000149e+01
8.569000000000000838e+00,-7.007180520000000001e+01
8.569124999999999659e+00,-6.971456960000000436e+01
8.569250000000000256e+00,-6.796422010000000569e+01
8.569375000000000853e+00,-7.021571579999999813e+01
8.569499999999999673e+00,-6.749927449999999851e+01
8.569625000000000270e+00,-7.063288199999999506e+01
8.569750000000000867e+00,-6.942398640000000398e+01
8.569874999999999687e+00,-7.121134630000000243e+01
8.570000000000000284e+00,-7.366231449999999370e+01
8.570125000000000881e+00,-7.478620709999999860e+01
8.570249999999999702e+00,-6.867544390000000476e+01
8.570375000000000298e+00,-7.071880260000000362e+01
8.570499999999999119e+00,-6.689258820000000583e+01
8.570624999999999716e+00,-7.170388409999999624e+01
8.570750000000000313e+00,-7.281946979999999314e+01
8.570874999999999133e+00,-7.008705870000000004e+01
8.570999999999999730e+00,-6.914474660000000483e+01
8.571125000000000327e+00,-6.975350709999999310e+01
8.571249999999999147e+00,-7.027641160000000298e+01
8.571374999999999744e+00,-6.737103030000000103e+01
8.571500000000000341e+00,-7.018427769999999555e+01
8.571624999999999162e+00,-7.296193209999999851e+01
8.571749999999999758e+00,-7.017483420000000649e+01
8.571875000000000355e+00,-6.962113770000000557e+01
8.571999999999999176e+00,-7.113092050000000199e+01
8.572124999999999773e+00,-6.901561399999999935e+01
8.572250000000000369e+00,-7.019187619999999583e+01
8.572374999999999190e+00,-7.332400130000000615e+01
8.572499999999999787e+00,-7.141607249999999851e+01
8.572625000000000384e+00,-7.078512209999999527e+01
8.572749999999999204e+00,-7.122273049999999728e+01
8.572874999999999801e+00,-7.815658630000000073e+01
8.573000000000000398e+00,-6.916960079999999778e+01
8.573124999999999218e+00,-6.977581130000000087e+01
8.573249999999999815e+00,-7.236578719999999976e+01
8.573375000000000412e+00,-6.838300700000000631e+01
8.573499999999999233e+00,-6.943678869999999392e+01
8.573624999999999829e+00,-7.085764600000000257e+01
8.573750000000000426e+00,-6.868537209999999504e+01
8.573874999999999247e+00,-6.943755830000000628e+01
8.573999999999999844e+00,-7.354664900000000216e+01
8.574125000000000441e+00,-7.322331090000000131e+01
8.574249999999999261e+00,-7.241220479999999782e+01
8.574374999999999858e+00,-7.244034999999999513e+01
8.574500000000000455e+00,-7.028720640000000230e+01
8.574624999999999275e+00,-7.273775870000000054e+01
8.574749999999999872e+00,-7.407740280000000155e+01
8.574875000000000469e+00,-7.046099370000000306e+01
8.574999999999999289e+00,-7.029037200000000496e+01
8.575124999999999886e+00,-7.156577609999999368e+01
8.575250000000000483e+00,-7.126982060000000274e+01
8.575374999999999304e+00,-7.140988299999999356e+01
8.575499999999999901e+00,-7.265404530000000705e+01
8.575625000000000497e+00,-7.390778179999999509e+01
8.575749999999999318e+00,-7.082314279999999940e+01
8.575874999999999915e+00,-7.222147599999999557e+01
8.576000000000000512e+00,-6.970393590000000472e+01
8.576124999999999332e+00,-7.172565810000000397e+01
8.576249999999999929e+00,-7.390919049999999402e+01
8.576375000000000526e+00,-7.201063360000000557e+01
8.576499999999999346e+00,-7.356857700000000477e+01
8.576624999999999943e+00,-6.998142930000000206e+01
8.576750000000000540e+00,-7.017725029999999720e+01
8.576874999999999361e+00,-7.126405549999999778e+01
8.576999999999999957e+00,-7.568699519999999836e+01
8.577125000000000554e+00,-7.821554650000000208e+01
8.577249999999999375e+00,-7.103888560000000041e+01
8.577374999999999972e+00,-7.119024500000000444e+01
8.577500000000000568e+00,-7.512620250000000510e+01
8.577624999999999389e+00,-7.182344659999999692e+01
8.577749999999999986e+00,-7.284287199999999984e+01
8.577875000000000583e+00,-6.840632060000000081e+01
8.577999999999999403e+00,-7.121900030000000470e+01
8.578125000000000000e+00,-7.095059870000000046e+01
8.578250000000000597e+00,-7.208683969999999874e+01
8.578374999999999417e+00,-6.966476419999999337e+01
8.578500000000000014e+00,-7.028462849999999662e+01
8.578625000000000611e+00,-6.992041260000000591e+01
8.578749999999999432e+00,-7.147029530000000364e+01
8.578875000000000028e+00,-6.973631829999999354e+01
8.579000000000000625e+00,-7.230464539999999829e+01
8.579124999999999446e+00,-7.239530630000000144e+01
8.579250000000000043e+00,-7.749793789999999660e+01
8.579375000000000639e+00,-7.064203440000000001e+01
8.579499999999999460e+00,-7.407162040000000047e+01
8.579625000000000057e+00,-7.538786009999999749e+01
8.579750000000000654e+00,-7.112062090000000580e+01
8.579874999999999474e+00,-8.127772760000000574e+01
8.580000000000000071e+00,-7.172487150000000611e+01
8.580125000000000668e+00,-7.191280349999999544e+01
8.580249999999999488e+00,-7.024817059999999458e+01
8.580375000000000085e+00,-7.374763609999999403e+01
8.580500000000000682e+00,-6.997256969999999399e+01
8.580624999999999503e+00,-6.850214499999999873e+01
8.580750000000000099e+00,-7.586173220000000583e+01
8.580875000000000696e+00,-8.325566249999999968e+01
8.580999999999999517e+00,-7.647277760000000058e+01
8.581125000000000114e+00,-6.959010130000000061e+01
8.581250000000000711e+00,-7.217943879999999979e+01
8.581374999999999531e+00,-7.344756030000000635e+01
8.581500000000000128e+00,-8.252438080000000298e+01
8.581625000000000725e+00,-6.859051100000000645e+01
8.581749999999999545e+00,-7.052234830000000443e+01
8.581875000000000142e+00,-6.997990810000000295e+01
8.582000000000000739e+00,-6.932248230000000433e+01
8.582124999999999559e+00,-7.307127749999999367e+01
8.582250000000000156e+00,-7.172848940000000084e+01
8.582375000000000753e+00,-7.062324099999999305e+01
8.582499999999999574e+00,-7.207135839999999405e+01
8.582625000000000171e+00,-7.383351989999999887e+01
8.582750000000000767e+00,-7.069328720000000033e+01
8.582874999999999588e+00,-7.304919440000000463e+01
8.583000000000000185e+00,-7.044272829999999885e+01
8.583125000000000782e+00,-7.054723789999999894e+01
8.583249999999999602e+00,-6.708943829999999764e+01
8.583375000000000199e+00,-7.272141720000000475e+01
8.583500000000000796e+00,-6.830905900000000486e+01
8.583624999999999616e+00,-7.178441730000000121e+01
8.583750000000000213e+00,-7.208304130000000498e+01
8.583875000000000810e+00,-7.195572860000000048e+01
8.583999999999999631e+00,-7.146989270000000261e+01
8.584125000000000227e+00,-7.279648389999999836e+01
8.584250000000000824e+00,-7.315588940000000662e+01
8.584374999999999645e+00,-7.082089890000000310e+01
8.584500000000000242e+00,-7.199761909999999432e+01
8.584625000000000838e+00,-7.126924990000000548e+01
8.584749999999999659e+00,-7.159551510000000007e+01
8.584875000000000256e+00,-7.107514949999999487e+01
8.585000000000000853e+00,-7.206167489999999987e+01
8.585124999999999673e+00,-7.431120380000000125e+01
8.585250000000000270e+00,-7.387817730000000438e+01
8.585375000000000867e+00,-6.998339359999999942e+01
8.585499999999999687e+00,-6.994858800000000087e+01
8.585625000000000284e+00,-7.080334399999999562e+01
8.585750000000000881e+00,-6.997775470000000553e+01
8.585874999999999702e+00,-6.998466439999999977e+01
8.586000000000000298e+00,-7.272017189999999687e+01
8.586124999999999119e+00,-6.987412709999999549e+01
8.586249999999999716e+00,-6.856714850000000183e+01
8.586375000000000313e+00,-7.169974489999999889e+01
8.586499999999999133e+00,-7.343040150000000210e+01
8.586624999999999730e+00,-7.040340890000000229e+01
8.586750000000000327e+00,-6.890848359999999673e+01
8.586874999999999147e+00,-7.577149339999999711e+01
8.586999999999999744e+00,-7.971449010000000612e+01
8.587125000000000341e+00,-7.462583180000000027e+01
8.587249999999999162e+00,-6.943920129999999347e+01
8.587374999999999758e+00,-6.985123649999999884e+01
8.587500000000000355e+00,-6.985020369999999446e+01
8.587624999999999176e+00,-7.208300839999999710e+01
8.587749999999999773e+00,-7.261330890000000693e+01
8.587875000000000369e+00,-6.964765859999999975e+01
8.587999999999999190e+00,-6.944089590000000101e+01
8.588124999999999787e+00,-7.256730330000000606e+01
8.588250000000000384e+00,-6.858985749999999371e+01
8.588374999999999204e+00,-7.236094769999999698e+01
8.588499999999999801e+00,-6.992350179999999682e+01
8.588625000000000398e+00,-6.924630960000000357e+01
8.588749999999999218e+00,-6.992137580000000696e+01
8.588874999999999815e+00,-7.486392779999999902e+01
8.589000000000000412e+00,-6.652671569999999690e+01
8.589124999999999233e+00,-7.163218220000000258e+01
8.589249999999999829e+00,-6.934584789999999543e+01
8.589375000000000426e+00,-6.836744410000000016e+01
8.589499999999999247e+00,-7.080337900000000673e+01
8.589624999999999844e+00,-6.669532350000000065e+01
8.589750000000000441e+00,-7.088823539999999923e+01
8.589874999999999261e+00,-7.132243320000000608e+01
8.589999999999999858e+00,-6.914150940000000389e+01
8.590125000000000455e+00,-6.892573029999999790e+01
8.590249999999999275e+00,-7.010924380000000156e+01
8.590374999999999872e+00,-7.419174850000000276e+01
8.590500000000000469e+00,-7.534197570000000610e+01
8.590624999999999289e+00,-6.966583269999999573e+01
8.590749999999999886e+00,-6.846007470000000694e+01
8.590875000000000483e+00,-7.366893670000000327e+01
8.590999999999999304e+00,-6.976637039999999956e+01
8.591124999999999901e+00,-7.093734050000000479e+01
8.591250000000000497e+00,-7.223237319999999784e+01
8.591374999999999318e+00,-6.944773080000000220e+01
8.591499999999999915e+00,-7.096337010000000589e+01
8.591625000000000512e+00,-7.192079920000000470e+01
8.591749999999999332e+00,-7.330958819999999321e+01
8.591874999999999929e+00,-7.470269899999999552e+01
8.592000000000000526e+00,-6.994770459999999446e+01
8.592124999999999346e+00,-7.265575590000000261e+01
8.592249999999999943e+00,-7.341603630000000180e+01
8.592375000000000540e+00,-7.174158040000000369e+01
8.592499999999999361e+00,-7.283752830000000245e+01
8.592624999999999957e+00,-7.303183909999999912e+01
8.592750000000000554e+00,-7.678014410000000112e+01
8.592874999999999375e+00,-7.187906979999999635e+01
8.592999999999999972e+00,-7.180190299999999581e+01
8.593125000000000568e+00,-7.575497799999999415e+01
8.593249999999999389e+00,-7.449628169999999727e+01
8.593374999999999986e+00,-6.822123609999999871e+01
8.593500000000000583e+00,-8.936797769999999730e+01
8.593624999999999403e+00,-7.182091590000000281e+01
8.593750000000000000e+00,-6.888575459999999850e+01
8.593875000000000597e+00,-7.186949830000000361e+01
8.593999999999999417e+00,-7.640518050000000017e+01
8.594125000000000014e+00,-7.219425270000000694e+01
8.594250000000000611e+00,-7.167929829999999924e+01
8.594374999999999432e+00,-7.450223080000000664e+01
8.594500000000000028e+00,-7.349648919999999919e+01
8.594625000000000625e+00,-7.056242869999999812e+01
8.594749999999999446e+00,-7.160204419999999459e+01
8.594875000000000043e+00,-6.910811110000000212e+01
8.595000000000000639e+00,-7.084513309999999819e+01
8.595124999999999460e+00,-7.188031660000000045e+01
8.595250000000000057e+00,-7.109155850000000498e+01
8.595375000000000654e+00,-6.955474990000000446e+01
8.595499999999999474e+00,-7.346742279999999425e+01
8.595625000000000071e+00,-7.097827309999999557e+01
8.595750000000000668e+00,-7.200659709999999336e+01
8.595874999999999488e+00,-7.169847819999999672e+01
8.596000000000000085e+00,-7.232082429999999817e+01
8.596125000000000682e+00,-7.274688489999999774e+01
8.596249999999999503e+00,-6.971372259999999699e+01
8.596375000000000099e+00,-7.213764179999999726e+01
8.596500000000000696e+00,-7.402505669999999327e+01
8.596624999999999517e+00,-7.465671580000000063e+01
8.596750000000000114e+00,-7.182577000000000567e+01
8.596875000000000711e+00,-7.577099979999999846e+01
8.596999999999999531e+00,-7.184673859999999479e+01
8.597125000000000128e+00,-7.285885820000000024e+01
8.597250000000000725e+00,-7.487888169999999377e+01
8.597374999999999545e+00,-7.509391990000000305e+01
8.597500000000000142e+00,-7.273002280000000042e+01
8.597625000000000739e+00,-7.070206100000000049e+01
8.597749999999999559e+00,-7.123387719999999490e+01
8.597875000000000156e+00,-7.761139579999999683e+01
8.598000000000000753e+00,-8.001045440000000042e+01
8.598124999999999574e+00,-7.104265399999999886e+01
8.598250000000000171e+00,-7.843320939999999553e+01
8.598375000000000767e+00,-7.351060540000000287e+01
8.598499999999999588e+00,-7.366354669999999771e+01
8.598625000000000185e+00,-7.341213220000000206e+01
8.598750000000000782e+00,-7.338625360000000342e+01
8.598874999999999602e+00,-7.442582779999999332e+01
8.599000000000000199e+00,-7.582530090000000200e+01
8.599125000000000796e+00,-7.096468939999999748e+01
8.599249999999999616e+00,-7.128489030000000071e+01
8.599375000000000213e+00,-7.128504130000000316e+01
8.599500000000000810e+00,-7.590908310000000370e+01
8.599624999999999631e+00,-7.737072670000000585e+01
8.599750000000000227e+00,-7.151615350000000149e+01
8.599875000000000824e+00,-7.263214039999999727e+01
8.599999999999999645e+00,-7.280215040000000215e+01
