8.400000000000000355e+00,-7.663196539999999857e+01
8.400124999999999176e+00,-7.460023560000000487e+01
8.400249999999999773e+00,-7.377633129999999539e+01
8.400375000000000369e+00,-7.381219400000000519e+01
8.400499999999999190e+00,-7.541011360000000252e+01
8.400624999999999787e+00,-7.567568369999999334e+01
8.400750000000000384e+00,-7.426103799999999922e+01
8.400874999999999204e+00,-7.218178639999999291e+01
8.400999999999999801e+00,-7.503811310000000390e+01
8.401125000000000398e+00,-7.637022589999999411e+01
8.401249999999999218e+00,-7.529975439999999764e+01
8.401374999999999815e+00,-7.638438069999999414e+01
8.401500000000000412e+00,-7.504828569999999388e+01
8.401624999999999233e+00,-7.680157130000000620e+01
8.401749999999999829e+00,-7.376107500000000528e+01
8.401875000000000426e+00,-7.332623870000000466e+01
8.401999999999999247e+00,-7.441582510000000639e+01
8.402124999999999844e+00,-7.380517690000000641e+01
8.402250000000000441e+00,-7.600683750000000316e+01
8.402374999999999261e+00,-7.526869360000000597e+01
8.402499999999999858e+00,-7.820806559999999763e+01
8.402625000000000455e+00,-7.592146169999999472e+01
8.402749999999999275e+00,-7.496749370000000567e+01
8.402874999999999872e+00,-7.342100480000000573e+01
8.403000000000000469e+00,-7.613558240000000410e+01
8.403124999999999289e+00,-7.365632560000000240e+01
8.403249999999999886e+00,-7.453749799999999937e+01
8.403375000000000483e+00,-7.220034420000000353e+01
8.403499999999999304e+00,-7.538109110000000612e+01
8.403624999999999901e+00,-7.338630550000000596e+01
8.403750000000000497e+00,-7.437295020000000534e+01
8.403874999999999318e+00,-7.419752139999999940e+01
8.403999999999999915e+00,-7.464754779999999812e+01
8.404125000000000512e+00,-7.342079909999999643e+01
8.404249999999999332e+00,-7.549089460000000429e+01
8.404374999999999929e+00,-7.525215780000000620e+01
8.404500000000000526e+00,-7.609650270000000205e+01
8.404624999999999346e+00,-7.476758580000000620e+01
8.404749999999999943e+00,-7.363020419999999433e+01
8.404875000000000540e+00,-7.540840099999999779e+01
8.404999999999999361e+00,-7.509732979999999714e+01
8.405124999999999957e+00,-7.455878760000000227e+01
8.405250000000000554e+00,-7.456337589999999693e+01
8.405374999999999375e+00,-7.371099990000000446e+01
8.405499999999999972e+00,-7.475963840000000005e+01
8.405625000000000568e+00,-7.428926029999999514e+01
8.405749999999999389e+00,-7.387428819999999519e+01
8.405874999999999986e+00,-7.472861260000000527e+01
8.406000000000000583e+00,-7.505258329999999489e+01
8.406124999999999403e+00,-7.515845360000000142e+01
8.406250000000000000e+00,-7.255138259999999661e+01
8.406375000000000597e+00,-7.498568009999999617e+01
8.406499999999999417e+00,-7.528629460000000506e+01
8.406625000000000014e+00,-7.399924649999999815e+01
8.406750000000000611e+00,-7.393355950000000121e+01
8.406874999999999432e+00,-7.516025140000000704e+01
8.407000000000000028e+00,-7.327833839999999554e+01
8.407125000000000625e+00,-7.364476890000000253e+01
8.407249999999999446e+00,-7.718593250000000694e+01
8.407375000000000043e+00,-7.307165750000000060e+01
8.407500000000000639e+00,-7.351888599999999485e+01
8.407624999999999460e+00,-7.350258270000000493e+01
8.407750000000000057e+00,-7.379793960000000652e+01
8.407875000000000654e+00,-7.422046980000000360e+01
8.407999999999999474e+00,-7.471707729999999970e+01
8.408125000000000071e+00,-7.272274369999999521e+01
8.408250000000000668e+00,-7.392185609999999940e+01
8.408374999999999488e+00,-7.380040579999999295e+01
8.408500000000000085e+00,-7.345454879999999775e+01
8.408625000000000682e+00,-7.294750609999999824e+01
8.408749999999999503e+00,-7.488096299999999417e+01
8.408875000000000099e+00,-7.236668310000000304e+01
8.409000000000000696e+00,-7.459963410000000295e+01
8.409124999999999517e+00,-7.504044600000000287e+01
8.409250000000000114e+00,-7.312486590000000319e+01
8.409375000000000711e+00,-7.605023610000000645e+01
8.409499999999999531e+00,-7.228415979999999763e+01
8.409625000000000128e+00,-7.336774640000000147e+01
8.409750000000000725e+00,-7.388032699999999409e+01
8.409874999999999545e+00,-7.363037970000000598e+01
8.410000000000000142e+00,-7.376426209999999628e+01
8.410125000000000739e+00,-7.582362139999999329e+01
8.410249999999999559e+00,-7.510238189999999747e+01
8.410375000000000156e+00,-7.412835660000000360e+01
8.410500000000000753e+00,-7.356016359999999565e+01
8.410624999999999574e+00,-7.293935340000000167e+01
8.410750000000000171e+00,-7.419853489999999852e+01
8.410875000000000767e+00,-7.309576780000000440e+01
8.410999999999999588e+00,-7.475793579999999849e+01
8.411125000000000185e+00,-7.250739609999999402e+01
8.411250000000000782e+00,-7.474252959999999746e+01
8.411374999999999602e+00,-7.329783949999999493e+01
8.411500000000000199e+00,-7.343194200000000649e+01
8.411625000000000796e+00,-7.542944219999999689e+01
8.411749999999999616e+00,-7.243229010000000301e+01
8.411875000000000213e+00,-7.299618309999999610e+01
8.412000000000000810e+00,-7.316987240000000270e+01
8.412124999999999631e+00,-7.466343779999999697e+01
8.412250000000000227e+00,-7.430664369999999508e+01
8.412375000000000824e+00,-7.335033959999999809e+01
8.412499999999999645e+00,-7.278373259999999334e+01
8.412625000000000242e+00,-7.300771709999999359e+01
8.412750000000000838e+00,-7.184089849999999444e+01
8.412874999999999659e+00,-7.160425370000000100e+01
8.413000000000000256e+00,-7.441051160000000664e+01
8.413125000000000853e+00,-7.335499509999999646e+01
8.413249999999999673e+00,-7.285167540000000486e+01
8.413375000000000270e+00,-7.484535610000000361e+01
8.413500000000000867e+00,-7.249991529999999784e+01
8.413624999999999687e+00,-7.331073419999999885e+01
8.413750000000000284e+00,-7.378836289999999565e+01
8.413875000000000881e+00,-7.205081069999999954e+01
8.413999999999999702e+00,-7.236292659999999444e+01
8.414125000000000298e+00,-7.238265319999999292e+01
8.414249999999999119e+00,-7.363156469999999842e+01
8.414374999999999716e+00,-7.117682859999999323e+01
8.414500000000000313e+00,-7.239309129999999470e+01
8.414624999999999133e+00,-7.176403960000000382e+01
8.414749999999999730e+00,-7.351100470000000087e+01
8.414875000000000327e+00,-7.420771019999999396e+01
8.414999999999999147e+00,-7.253877099999999700e+01
8.415124999999999744e+00,-7.203125520000000392e+01
8.415250000000000341e+00,-7.253960130000000106e+01
8.415374999999999162e+00,-7.282378230000000485e+01
8.415499999999999758e+00,-7.277829049999999711e+01
8.415625000000000355e+00,-7.295955630000000269e+01
8.415749999999999176e+00,-7.137571269999999402e+01
8.415874999999999773e+00,-7.351896460000000388e+01
8.416000000000000369e+00,-7.262926190000000304e+01
8.416124999999999190e+00,-7.153791289999999492e+01
8.416249999999999787e+00,-7.271023479999999495e+01
8.416375000000000384e+00,-7.319489219999999818e+01
8.416499999999999204e+00,-7.099131040000000326e+01
8.416624999999999801e+00,-7.352739760000000047e+01
8.416750000000000398e+00,-7.246704090000000065e+01
8.416874999999999218e+00,-7.265594590000000608e+01
8.416999999999999815e+00,-7.230365790000000459e+01
8.417125000000000412e+00,-7.365097780000000682e+01
8.417249999999999233e+00,-7.052951860000000295e+01
8.417374999999999829e+00,-7.408352820000000349e+01
8.417500000000000426e+00,-7.217636989999999741e+01
8.417624999999999247e+00,-7.283456490000000372e+01
8.417749999999999844e+00,-7.145637059999999963e+01
8.417875000000000441e+00,-7.166487200000000257e+01
8.417999999999999261e+00,-7.270771609999999896e+01
8.418124999999999858e+00,-7.202899089999999660e+01
8.418250000000000455e+00,-7.386341389999999762e+01
8.418374999999999275e+00,-7.336117500000000291e+01
8.418499999999999872e+00,-7.315437620000000152e+01
8.418625000000000469e+00,-7.309150809999999865e+01
8.418749999999999289e+00,-7.205813159999999584e+01
8.418874999999999886e+00,-7.221491170000000182e+01
8.419000000000000483e+00,-7.214394420000000707e+01
8.419124999999999304e+00,-7.329835699999999576e+01
8.419249999999999901e+00,-7.176675260000000378e+01
8.419375000000000497e+00,-7.012442219999999793e+01
8.419499999999999318e+00,-7.279436330000000055e+01
8.419624999999999915e+00,-7.402724919999999997e+01
8.419750000000000512e+00,-7.209710130000000561e+01
8.419874999999999332e+00,-7.273266839999999434e+01
8.419999999999999929e+00,-7.360208799999999485e+01
8.420125000000000526e+00,-7.114370270000000573e+01
8.420249999999999346e+00,-7.273970049999999787e+01
8.420374999999999943e+00,-7.122769999999999868e+01
8.420500000000000540e+00,-7.214511980000000335e+01
8.420624999999999361e+00,-7.405996539999999584e+01
8.420749999999999957e+00,-7.338628330000000233e+01
8.420875000000000554e+00,-7.140226739999999950e+01
8.420999999999999375e+00,-7.408909939999999494e+01
8.421124999999999972e+00,-7.087488039999999501e+01
8.421250000000000568e+00,-7.070105230000000063e+01
8.421374999999999389e+00,-7.302868580000000520e+01
8.421499999999999986e+00,-7.231220290000000261e+01
8.421625000000000583e+00,-7.122508440000000007e+01
8.421749999999999403e+00,-7.196600990000000309e+01
8.421875000000000000e+00,-7.078740799999999922e+01
8.422000000000000597e+00,-7.178141410000000633e+01
8.422124999999999417e+00,-7.146101579999999842e+01
8.422250000000000014e+00,-7.167031749999999590e+01
8.422375000000000611e+00,-7.241053130000000237e+01
8.422499999999999432e+00,-7.128724210000000028e+01
8.422625000000000028e+00,-7.188043450000000689e+01
8.422750000000000625e+00,-7.148304459999999949e+01
8.422874999999999446e+00,-7.281197099999999978e+01
8.423000000000000043e+00,-7.283525559999999643e+01
8.423125000000000639e+00,-7.337720620000000338e+01
8.423249999999999460e+00,-7.279556150000000514e+01
8.423375000000000057e+00,-7.224518960000000334e+01
8.423500000000000654e+00,-7.248424249999999347e+01
8.423624999999999474e+00,-7.448819129999999689e+01
8.423750000000000071e+00,-7.127989429999999516e+01
8.423875000000000668e+00,-7.323150049999999567e+01
8.423999999999999488e+00,-7.006192810000000293e+01
8.424125000000000085e+00,-7.125052189999999541e+01
8.424250000000000682e+00,-7.232225950000000125e+01
8.424374999999999503e+00,-7.398744949999999676e+01
8.424500000000000099e+00,-7.352698449999999752e+01
8.424625000000000696e+00,-7.123789259999999501e+01
8.424749999999999517e+00,-7.170470140000000470e+01
8.424875000000000114e+00,-7.170410640000000058e+01
8.425000000000000711e+00,-7.254448789999999292e+01
8.425124999999999531e+00,-7.064556179999999586e+01
8.425250000000000128e+00,-7.205256400000000383e+01
8.425375000000000725e+00,-7.069970159999999737e+01
8.425499999999999545e+00,-7.376645929999999396e+01
8.425625000000000142e+00,-7.215685469999999668e+01
8.425750000000000739e+00,-7.191226930000000550e+01
8.425874999999999559e+00,-7.069318859999999916e+01
8.426000000000000156e+00,-7.175077949999999305e+01
8.426125000000000753e+00,-7.195641150000000152e+01
8.426249999999999574e+00,-7.172005969999999309e+01
8.426375000000000171e+00,-7.131599540000000559e+01
8.426500000000000767e+00,-7.239546470000000511e+01
8.426624999999999588e+00,-7.014476360000000454e+01
8.426750000000000185e+00,-7.234926339999999811e+01
8.426875000000000782e+00,-7.234502689999999347e+01
8.426999999999999602e+00,-7.145350890000000277e+01
8.427125000000000199e+00,-7.214055620000000602e+01
8.427250000000000796e+00,-7.095399150000000077e+01
8.427374999999999616e+00,-7.219598399999999572e+01
8.427500000000000213e+00,-7.078083139999999673e+01
8.427625000000000810e+00,-7.222700159999999414e+01
8.427749999999999631e+00,-7.125583620000000451e+01
8.427875000000000227e+00,-7.182645940000000451e+01
8.428000000000000824e+00,-7.131797199999999748e+01
8.428124999999999645e+00,-7.204225119999999549e+01
8.428250000000000242e+00,-7.225897890000000245e+01
8.428375000000000838e+00,-6.969881999999999778e+01
8.428499999999999659e+00,-7.289297589999999616e+01
8.428625000000000256e+00,-7.162773070000000075e+01
8.428750000000000853e+00,-7.073060289999999384e+01
8.428874999999999673e+00,-7.074900499999999681e+01
8.429000000000000270e+00,-7.094530100000000061e+01
8.429125000000000867e+00,-7.097318579999999599e+01
8.429249999999999687e+00,-6.952389139999999657e+01
8.429375000000000284e+00,-7.003317549999999869e+01
8.429500000000000881e+00,-7.188727900000000659e+01
8.429624999999999702e+00,-7.158673670000000300e+01
8.429750000000000298e+00,-7.102277730000000133e+01
8.429874999999999119e+00,-7.241315240000000131e+01
8.429999999999999716e+00,-7.094396519999999384e+01
8.430125000000000313e+00,-7.155179689999999937e+01
8.430249999999999133e+00,-7.090544869999999378e+01
8.430374999999999730e+00,-6.976059399999999755e+01
8.430500000000000327e+00,-7.057226129999999387e+01
8.430624999999999147e+00,-7.148877779999999404e+01
8.430749999999999744e+00,-7.230957349999999906e+01
8.430875000000000341e+00,-7.250927950000000521e+01
8.430999999999999162e+00,-7.220664990000000216e+01
8.431124999999999758e+00,-7.239645419999999376e+01
8.431250000000000355e+00,-7.131710979999999722e+01
8.431374999999999176e+00,-7.158147750000000542e+01
8.431499999999999773e+00,-7.084428710000000251e+01
8.431625000000000369e+00,-7.152163059999999462e+01
8.431749999999999190e+00,-7.083898879999999565e+01
8.431874999999999787e+00,-7.195724450000000161e+01
8.432000000000000384e+00,-7.089578050000000076e+01
8.432124999999999204e+00,-7.154755659999999295e+01
8.432249999999999801e+00,-7.114971199999999385e+01
8.432375000000000398e+00,-7.266415800000000047e+01
8.432499999999999218e+00,-7.113010649999999657e+01
8.432624999999999815e+00,-7.154832799999999793e+01
8.432750000000000412e+00,-7.045265489999999886e+01
8.432874999999999233e+00,-7.196059209999999950e+01
8.432999999999999829e+00,-7.150233529999999860e+01
8.433125000000000426e+00,-7.015807770000000687e+01
8.433249999999999247e+00,-7.125422690000000614e+01
8.433374999999999844e+00,-7.052687410000000057e+01
8.433500000000000441e+00,-7.118399429999999484e+01
8.433624999999999261e+00,-7.187787670000000162e+01
8.433749999999999858e+00,-7.056422449999999458e+01
8.433875000000000455e+00,-7.092924680000000137e+01
8.433999999999999275e+00,-7.160403259999999648e+01
8.434124999999999872e+00,-7.139778019999999970e+01
8.434250000000000469e+00,-7.040138079999999832e+01
8.434374999999999289e+00,-7.301028030000000513e+01
8.434499999999999886e+00,-7.004806700000000319e+01
8.434625000000000483e+00,-6.988033400000000483e+01
8.434749999999999304e+00,-7.006818710000000294e+01
8.434874999999999901e+00,-7.028901419999999689e+01
8.435000000000000497e+00,-7.069552790000000186e+01
8.435124999999999318e+00,-6.986105200000000082e+01
8.435249999999999915e+00,-6.982559070000000645e+01
8.435375000000000512e+00,-7.042462120000000425e+01
8.435499999999999332e+00,-6.945835209999999904e+01
8.435624999999999929e+00,-7.146361330000000578e+01
8.435750000000000526e+00,-6.998985270000000014e+01
8.435874999999999346e+00,-7.161034340000000498e+01
8.435999999999999943e+00,-7.073969780000000185e+01
8.436125000000000540e+00,-6.943862780000000612e+01
8.436249999999999361e+00,-7.099326519999999618e+01
8.436374999999999957e+00,-7.045207120000000600e+01
8.436500000000000554e+00,-6.990802019999999573e+01
8.436624999999999375e+00,-7.013822650000000181e+01
8.436749999999999972e+00,-7.026512189999999691e+01
8.436875000000000568e+00,-7.332223510000000033e+01
8.436999999999999389e+00,-7.046816540000000373e+01
8.437124999999999986e+00,-7.079608159999999373e+01
8.437250000000000583e+00,-7.028294630000000609e+01
8.437374999999999403e+00,-7.095134769999999946e+01
8.437500000000000000e+00,-7.225083180000000027e+01
8.437625000000000597e+00,-6.930102399999999818e+01
8.437749999999999417e+00,-6.936938920000000053e+01
8.437875000000000014e+00,-7.031361599999999612e+01
8.438000000000000611e+00,-6.962312090000000353e+01
8.438124999999999432e+00,-7.138594790000000501e+01
8.438250000000000028e+00,-6.992853130000000306e+01
8.438375000000000625e+00,-7.129449859999999717e+01
8.438499999999999446e+00,-6.986065510000000245e+01
8.438625000000000043e+00,-6.978428850000000239e+01
8.438750000000000639e+00,-6.976081170000000498e+01
8.438874999999999460e+00,-7.190872910000000218e+01
8.439000000000000057e+00,-6.972025999999999613e+01
8.439125000000000654e+00,-7.032113739999999780e+01
8.439249999999999474e+00,-6.936372640000000445e+01
8.439375000000000071e+00,-6.929775750000000301e+01
8.439500000000000668e+00,-7.033934419999999932e+01
8.439624999999999488e+00,-6.880417429999999968e+01
8.439750000000000085e+00,-6.925498880000000668e+01
8.439875000000000682e+00,-6.975623740000000339e+01
8.439999999999999503e+00,-6.919617130000000316e+01
8.440125000000000099e+00,-6.874071019999999521e+01
8.440250000000000696e+00,-7.073269059999999797e+01
8.440374999999999517e+00,-6.996428260000000421e+01
8.440500000000000114e+00,-6.978471319999999878e+01
8.440625000000000711e+00,-6.991507070000000112e+01
8.440749999999999531e+00,-6.903538419999999576e+01
8.440875000000000128e+00,-6.928556639999999334e+01
8.441000000000000725e+00,-6.929229750000000365e+01
8.441124999999999545e+00,-7.088081789999999671e+01
8.441250000000000142e+00,-6.930662979999999607e+01
8.441375000000000739e+00,-6.959872149999999635e+01
8.441499999999999559e+00,-6.961507770000000050e+01
8.441625000000000156e+00,-6.973128339999999525e+01
8.441750000000000753e+00,-6.959522819999999399e+01
8.441874999999999574e+00,-6.958459120000000553e+01
8.442000000000000171e+00,-6.895358640000000605e+01
8.442125000000000767e+00,-6.858206040000000314e+01
8.442249999999999588e+00,-6.964021370000000388e+01
8.442375000000000185e+00,-6.965766569999999547e+01
8.442500000000000782e+00,-6.852641289999999685e+01
8.442624999999999602e+00,-6.808117649999999799e+01
8.442750000000000199e+00,-6.958214309999999614e+01
8.442875000000000796e+00,-6.899361639999999340e+01
8.442999999999999616e+00,-6.860394979999999521e+01
8.443125000000000213e+00,-6.928789140000000657e+01
8.443250000000000810e+00,-6.982929500000000189e+01
8.443374999999999631e+00,-6.813322170000000710e+01
8.443500000000000227e+00,-6.797196270000000595e+01
8.443625000000000824e+00,-6.897975370000000339e+01
8.443749999999999645e+00,-6.854749119999999607e+01
8.443875000000000242e+00,-6.887729570000000479e+01
8.444000000000000838e+00,-6.877901070000000061e+01
8.444124999999999659e+00,-6.860499459999999772e+01
8.444250000000000256e+00,-6.766518089999999575e+01
8.444375000000000853e+00,-6.795224430000000382e+01
8.444499999999999673e+00,-6.826891050000000405e+01
8.444625000000000270e+00,-7.000056730000000016e+01
8.444750000000000867e+00,-6.879874239999999475e+01
8.444874999999999687e+00,-6.848446979999999940e+01
8.445000000000000284e+00,-6.841050540000000524e+01
8.445125000000000881e+00,-6.821944489999999917e+01
8.445249999999999702e+00,-6.780824149999999406e+01
8.445375000000000298e+00,-6.814714060000000018e+01
8.445499999999999119e+00,-6.834160049999999842e+01
8.445624999999999716e+00,-6.957782349999999383e+01
8.445750000000000313e+00,-6.862074330000000089e+01
8.445874999999999133e+00,-6.741228610000000288e+01
8.445999999999999730e+00,-6.857753549999999620e+01
8.446125000000000327e+00,-6.768784879999999760e+01
8.446249999999999147e+00,-6.837883720000000665e+01
8.446374999999999744e+00,-6.764975250000000528e+01
8.446500000000000341e+00,-6.737682920000000308e+01
8.446624999999999162e+00,-6.866728019999999333e+01
8.446749999999999758e+00,-6.812199459999999362e+01
8.446875000000000355e+00,-6.799783680000000174e+01
8.446999999999999176e+00,-6.810779239999999390e+01
8.447124999999999773e+00,-6.647671699999999362e+01
8.447250000000000369e+00,-6.730331900000000189e+01
8.447374999999999190e+00,-6.876479439999999954e+01
8.447499999999999787e+00,-6.933559660000000235e+01
8.447625000000000384e+00,-6.828987970000000018e+01
8.447749999999999204e+00,-6.820984359999999924e+01
8.447874999999999801e+00,-6.666576790000000585e+01
8.448000000000000398e+00,-6.769587280000000362e+01
8.448124999999999218e+00,-6.846744540000000256e+01
8.448249999999999815e+00,-6.828296670000000290e+01
8.448375000000000412e+00,-6.745252189999999359e+01
8.448499999999999233e+00,-6.778457400000000632e+01
8.448624999999999829e+00,-6.728063869999999724e+01
8.448750000000000426e+00,-6.754173659999999302e+01
8.448874999999999247e+00,-6.679992950000000462e+01
8.448999999999999844e+00,-6.821096609999999316e+01
8.449125000000000441e+00,-6.716829749999999422e+01
8.449249999999999261e+00,-6.705405690000000618e+01
8.449374999999999858e+00,-6.755218490000000031e+01
8.449500000000000455e+00,-6.717627749999999764e+01
8.449624999999999275e+00,-6.832135710000000017e+01
8.449749999999999872e+00,-6.739112950000000524e+01
8.449875000000000469e+00,-6.849912480000000414e+01
8.449999999999999289e+00,-6.697539550000000474e+01
8.450124999999999886e+00,-6.709420289999999909e+01
8.450250000000000483e+00,-6.779291779999999790e+01
8.450374999999999304e+00,-6.740806209999999510e+01
8.450499999999999901e+00,-6.762949690000000658e+01
8.450625000000000497e+00,-6.769607080000000110e+01
8.450749999999999318e+00,-6.726757189999999298e+01
8.450874999999999915e+00,-6.770614100000000235e+01
8.451000000000000512e+00,-6.700135190000000307e+01
8.451124999999999332e+00,-6.730311939999999993e+01
8.451249999999999929e+00,-6.651281790000000171e+01
8.451375000000000526e+00,-6.733185840000000155e+01
8.451499999999999346e+00,-6.742127729999999985e+01
8.451624999999999943e+00,-6.794633980000000406e+01
8.451750000000000540e+00,-6.749036080000000482e+01
8.451874999999999361e+00,-6.679622399999999516e+01
8.451999999999999957e+00,-6.706966020000000128e+01
8.452125000000000554e+00,-6.694469159999999874e+01
8.452249999999999375e+00,-6.667137370000000374e+01
8.452374999999999972e+00,-6.699819589999999891e+01
8.452500000000000568e+00,-6.680989769999999339e+01
8.452624999999999389e+00,-6.719155399999999645e+01
8.452749999999999986e+00,-6.669706779999999924e+01
8.452875000000000583e+00,-6.745278140000000633e+01
8.452999999999999403e+00,-6.612325149999999496e+01
8.453125000000000000e+00,-6.704112019999999461e+01
8.453250000000000597e+00,-6.702458140000000242e+01
8.453374999999999417e+00,-6.741191870000000108e+01
8.453500000000000014e+00,-6.651867319999999495e+01
8.453625000000000611e+00,-6.671172719999999856e+01
8.453749999999999432e+00,-6.616402870000000291e+01
8.453875000000000028e+00,-6.709243659999999920e+01
8.454000000000000625e+00,-6.622344669999999667e+01
8.454124999999999446e+00,-6.613444459999999481e+01
8.454250000000000043e+00,-6.708087550000000476e+01
8.454375000000000639e+00,-6.690258179999999300e+01
8.454499999999999460e+00,-6.661511679999999558e+01
8.454625000000000057e+00,-6.727181020000000444e+01
8.454750000000000654e+00,-6.574330770000000257e+01
8.454874999999999474e+00,-6.741888170000000002e+01
8.455000000000000071e+00,-6.611716060000000539e+01
8.455125000000000668e+00,-6.637717069999999353e+01
8.455249999999999488e+00,-6.589440360000000396e+01
8.455375000000000085e+00,-6.675494559999999922e+01
8.455500000000000682e+00,-6.670712890000000073e+01
8.455624999999999503e+00,-6.646436060000000623e+01
8.455750000000000099e+00,-6.599297190000000057e+01
8.455875000000000696e+00,-6.647365680000000054e+01
8.455999999999999517e+00,-6.554880330000000299e+01
8.456125000000000114e+00,-6.575892229999999472e+01
8.456250000000000711e+00,-6.591999839999999722e+01
8.456374999999999531e+00,-6.553017490000000578e+01
8.456500000000000128e+00,-6.537270490000000223e+01
8.456625000000000725e+00,-6.555334030000000212e+01
8.456749999999999545e+00,-6.638676719999999420e+01
8.456875000000000142e+00,-6.595930799999999294e+01
8.457000000000000739e+00,-6.568636569999999608e+01
8.457124999999999559e+00,-6.619488929999999982e+01
8.457250000000000156e+00,-6.579423599999999794e+01
8.457375000000000753e+00,-6.509864579999999989e+01
8.457499999999999574e+00,-6.546219609999999989e+01
8.457625000000000171e+00,-6.655953030000000581e+01
8.457750000000000767e+00,-6.496632409999999425e+01
8.457874999999999588e+00,-6.509936770000000195e+01
8.458000000000000185e+00,-6.540522970000000669e+01
8.458125000000000782e+00,-6.575429470000000265e+01
8.458249999999999602e+00,-6.565821760000000040e+01
8.458375000000000199e+00,-6.534350720000000479e+01
8.458500000000000796e+00,-6.527307530000000213e+01
8.458624999999999616e+00,-6.576061190000000067e+01
8.458750000000000213e+00,-6.531118050000000608e+01
8.458875000000000810e+00,-6.592995080000000030e+01
8.458999999999999631e+00,-6.527835410000000138e+01
8.459125000000000227e+00,-6.542405700000000479e+01
8.459250000000000824e+00,-6.550384739999999795e+01
8.459374999999999645e+00,-6.548345829999999523e+01
8.459500000000000242e+00,-6.497019229999999368e+01
8.459625000000000838e+00,-6.440100040000000092e+01
8.459749999999999659e+00,-6.459765280000000587e+01
8.459875000000000256e+00,-6.456622590000000628e+01
8.460000000000000853e+00,-6.521890949999999521e+01
8.460124999999999673e+00,-6.509789109999999823e+01
8.460250000000000270e+00,-6.500574020000000530e+01
8.460375000000000867e+00,-6.491544129999999768e+01
8.460499999999999687e+00,-6.497411420000000248e+01
8.460625000000000284e+00,-6.455004900000000134e+01
8.460750000000000881e+00,-6.509046899999999880e+01
8.460874999999999702e+00,-6.438216070000000002e+01
8.461000000000000298e+00,-6.425178929999999866e+01
8.461124999999999119e+00,-6.427679779999999710e+01
8.461249999999999716e+00,-6.457603240000000255e+01
8.461375000000000313e+00,-6.478407889999999725e+01
8.461499999999999133e+00,-6.476898079999999425e+01
8.461624999999999730e+00,-6.501999130000000093e+01
8.461750000000000327e+00,-6.410827779999999620e+01
8.461874999999999147e+00,-6.521766879999999844e+01
8.461999999999999744e+00,-6.417808170000000700e+01
8.462125000000000341e+00,-6.435009069999999554e+01
8.462249999999999162e+00,-6.413663280000000100e+01
8.462374999999999758e+00,-6.392011089999999740e+01
8.462500000000000355e+00,-6.379978979999999922e+01
8.462624999999999176e+00,-6.402598469999999509e+01
8.462749999999999773e+00,-6.450571060000000045e+01
8.462875000000000369e+00,-6.329995629999999807e+01
8.462999999999999190e+00,-6.386495359999999977e+01
8.463124999999999787e+00,-6.435842150000000572e+01
8.463250000000000384e+00,-6.352927689999999927e+01
8.463374999999999204e+00,-6.389056570000000335e+01
8.463499999999999801e+00,-6.349646320000000088e+01
8.463625000000000398e+00,-6.344477959999999683e+01
8.463749999999999218e+00,-6.420041109999999662e+01
8.463874999999999815e+00,-6.347642570000000006e+01
8.464000000000000412e+00,-6.408035519999999963e+01
8.464124999999999233e+00,-6.302768559999999809e+01
8.464249999999999829e+00,-6.351619120000000152e+01
8.464375000000000426e+00,-6.325730320000000262e+01
8.464499999999999247e+00,-6.347737769999999813e+01
8.464624999999999844e+00,-6.337077829999999778e+01
8.464750000000000441e+00,-6.284045989999999904e+01
8.464874999999999261e+00,-6.298451550000000054e+01
8.464999999999999858e+00,-6.313761889999999966e+01
8.465125000000000455e+00,-6.340813250000000068e+01
8.465249999999999275e+00,-6.313769570000000186e+01
8.465374999999999872e+00,-6.236066759999999931e+01
8.465500000000000469e+00,-6.278330199999999905e+01
8.465624999999999289e+00,-6.229509670000000199e+01
8.465749999999999886e+00,-6.242208289999999948e+01
8.465875000000000483e+00,-6.266789880000000323e+01
8.465999999999999304e+00,-6.278264539999999982e+01
8.466124999999999901e+00,-6.240293090000000120e+01
8.466250000000000497e+00,-6.224749580000000293e+01
8.466374999999999318e+00,-6.305035389999999751e+01
8.466499999999999915e+00,-6.264920899999999904e+01
8.466625000000000512e+00,-6.248771729999999991e+01
8.466749999999999332e+00,-6.281774719999999945e+01
8.466874999999999929e+00,-6.217391729999999939e+01
8.467000000000000526e+00,-6.182368819999999943e+01
8.467124999999999346e+00,-6.130023839999999780e+01
8.467249999999999943e+00,-6.176823869999999772e+01
8.467375000000000540e+00,-6.183676739999999938e+01
8.467499999999999361e+00,-6.257373640000000137e+01
8.467624999999999957e+00,-6.240773349999999908e+01
8.467750000000000554e+00,-6.217442989999999980e+01
8.467874999999999375e+00,-6.164145010000000013e+01
8.467999999999999972e+00,-6.182260980000000217e+01
8.468125000000000568e+00,-6.177771599999999808e+01
8.468249999999999389e+00,-6.182168329999999656e+01
8.468374999999999986e+00,-6.182815719999999970e+01
8.468500000000000583e+00,-6.168890900000000244e+01
8.468624999999999403e+00,-6.154060909999999751e+01
8.468750000000000000e+00,-6.201029760000000124e+01
8.468875000000000597e+00,-6.271193829999999991e+01
8.468999999999999417e+00,-6.144424279999999783e+01
8.469125000000000014e+00,-6.193459690000000251e+01
8.469250000000000611e+00,-6.183420600000000178e+01
8.469374999999999432e+00,-6.099166259999999795e+01
8.469500000000000028e+00,-6.103459039999999902e+01
8.469625000000000625e+00,-6.112465890000000002e+01
8.469749999999999446e+00,-6.068107140000000044e+01
8.469875000000000043e+00,-6.138810169999999999e+01
8.470000000000000639e+00,-6.135384350000000353e+01
8.470124999999999460e+00,-6.104468949999999694e+01
8.470250000000000057e+00,-6.123247800000000041e+01
8.470375000000000654e+00,-6.104932250000000238e+01
8.470499999999999474e+00,-6.057927529999999905e+01
8.470625000000000071e+00,-6.049744419999999678e+01
8.470750000000000668e+00,-6.066927179999999709e+01
8.470874999999999488e+00,-6.023626269999999749e+01
8.471000000000000085e+00,-6.004941639999999836e+01
8.471125000000000682e+00,-6.027764820000000157e+01
8.471249999999999503e+00,-5.989163349999999753e+01
8.471375000000000099e+00,-5.990662079999999889e+01
8.471500000000000696e+00,-5.998859949999999941e+01
8.471624999999999517e+00,-6.006993870000000157e+01
8.471750000000000114e+00,-5.941668099999999697e+01
8.471875000000000711e+00,-5.931812670000000054e+01
8.471999999999999531e+00,-5.947539660000000339e+01
8.472125000000000128e+00,-5.979600200000000143e+01
8.472250000000000725e+00,-5.905749809999999655e+01
8.472374999999999545e+00,-5.945808329999999842e+01
8.472500000000000142e+00,-5.902562439999999810e+01
8.472625000000000739e+00,-5.929423680000000019e+01
8.472749999999999559e+00,-5.889697319999999792e+01
8.472875000000000156e+00,-5.864392999999999745e+01
8.473000000000000753e+00,-5.868809139999999758e+01
8.473124999999999574e+00,-5.860461010000000215e+01
8.473250000000000171e+00,-5.810806070000000290e+01
8.473375000000000767e+00,-5.814727400000000301e+01
8.473499999999999588e+00,-5.828458189999999917e+01
8.473625000000000185e+00,-5.826550089999999926e+01
8.473750000000000782e+00,-5.759438339999999812e+01
8.473874999999999602e+00,-5.787280069999999910e+01
8.474000000000000199e+00,-5.778266740000000112e+01
8.474125000000000796e+00,-5.789204440000000318e+01
8.474249999999999616e+00,-5.752700260000000299e+01
8.474375000000000213e+00,-5.728457920000000314e+01
8.474500000000000810e+00,-5.746854950000000173e+01
8.474624999999999631e+00,-5.734245070000000055e+01
8.474750000000000227e+00,-5.695467440000000181e+01
8.474875000000000824e+00,-5.696022399999999664e+01
8.474999999999999645e+00,-5.681378629999999674e+01
8.475125000000000242e+00,-5.687444020000000222e+01
8.475250000000000838e+00,-5.654011580000000237e+01
8.475374999999999659e+00,-5.629397440000000330e+01
8.475500000000000256e+00,-5.639049640000000352e+01
8.475625000000000853e+00,-5.619198149999999714e+01
8.475749999999999673e+00,-5.604361039999999861e+01
8.475875000000000270e+00,-5.595742709999999676e+01
8.476000000000000867e+00,-5.565560169999999829e+01
8.476124999999999687e+00,-5.559276289999999676e+01
8.476250000000000284e+00,-5.532516420000000323e+01
8.476375000000000881e+00,-5.548833729999999775e+01
8.476499999999999702e+00,-5.520900269999999921e+01
8.476625000000000298e+00,-5.530532910000000157e+01
8.476749999999999119e+00,-5.518361550000000193e+01
8.476874999999999716e+00,-5.475625279999999862e+01
8.477000000000000313e+00,-5.455704360000000008e+01
8.477124999999999133e+00,-5.442506560000000349e+01
8.477249999999999730e+00,-5.408727900000000233e+01
8.477375000000000327e+00,-5.385309889999999911e+01
8.477499999999999147e+00,-5.382942740000000015e+01
8.477624999999999744e+00,-5.362504479999999774e+01
8.477750000000000341e+00,-5.372159599999999813e+01
8.477874999999999162e+00,-5.357792450000000173e+01
8.477999999999999758e+00,-5.325185640000000120e+01
8.478125000000000355e+00,-5.283368279999999828e+01
8.478249999999999176e+00,-5.268008240000000342e+01
8.478374999999999773e+00,-5.256046589999999696e+01
8.478500000000000369e+00,-5.236655600000000277e+01
8.478624999999999190e+00,-5.231929889999999972e+01
8.478749999999999787e+00,-5.230767000000000166e+01
8.478875000000000384e+00,-5.203987269999999654e+01
8.478999999999999204e+00,-5.151311019999999985e+01
8.479124999999999801e+00,-5.130081469999999655e+01
8.479250000000000398e+00,-5.101192079999999862e+01
8.479374999999999218e+00,-5.080146510000000148e+01
8.479499999999999815e+00,-5.041666419999999960e+01
8.479625000000000412e+00,-5.021332180000000278e+01
8.479749999999999233e+00,-5.001757969999999887e+01
8.479874999999999829e+00,-4.985437240000000259e+01
8.480000000000000426e+00,-4.968393629999999916e+01
8.480124999999999247e+00,-4.934540419999999727e+01
8.480249999999999844e+00,-4.909428729999999774e+01
8.480375000000000441e+00,-4.865278200000000197e+01
8.480499999999999261e+00,-4.842821730000000002e+01
8.480624999999999858e+00,-4.833074289999999706e+01
8.480750000000000455e+00,-4.825111009999999823e+01
8.480874999999999275e+00,-4.784015209999999740e+01
8.480999999999999872e+00,-4.768954000000000093e+01
8.481125000000000469e+00,-4.720086549999999903e+01
8.481249999999999289e+00,-4.661110639999999705e+01
8.481374999999999886e+00,-4.601242189999999965e+01
8.481500000000000483e+00,-4.560786709999999999e+01
8.481624999999999304e+00,-4.530373809999999679e+01
8.481749999999999901e+00,-4.499815960000000103e+01
8.481875000000000497e+00,-4.485466530000000063e+01
8.481999999999999318e+00,-4.465264220000000250e+01
8.482124999999999915e+00,-4.427836940000000254e+01
8.482250000000000512e+00,-4.398724270000000303e+01
8.482374999999999332e+00,-4.364233740000000239e+01
8.482499999999999929e+00,-4.337476379999999665e+01
8.482625000000000526e+00,-4.315779510000000130e+01
8.482749999999999346e+00,-4.300202490000000211e+01
8.482874999999999943e+00,-4.297548239999999709e+01
8.483000000000000540e+00,-4.293476509999999990e+01
8.483124999999999361e+00,-4.286697519999999884e+01
8.483249999999999957e+00,-4.282049239999999912e+01
8.483375000000000554e+00,-4.293517370000000000e+01
8.483499999999999375e+00,-4.329737159999999818e+01
8.483624999999999972e+00,-4.354051460000000162e+01
8.483750000000000568e+00,-4.391014539999999755e+01
8.483874999999999389e+00,-4.407498710000000131e+01
8.483999999999999986e+00,-4.422214670000000325e+01
8.484125000000000583e+00,-4.455537520000000029e+01
8.484249999999999403e+00,-4.480016859999999923e+01
8.484375000000000000e+00,-4.527905969999999769e+01
8.484500000000000597e+00,-4.553659689999999927e+01
8.484624999999999417e+00,-4.608915180000000333e+01
8.484750000000000014e+00,-4.637972189999999983e+01
8.484875000000000611e+00,-4.669664350000000042e+01
8.484999999999999432e+00,-4.667755710000000136e+01
8.485125000000000028e+00,-4.691242439999999903e+01
8.485250000000000625e+00,-4.711525720000000206e+01
8.485374999999999446e+00,-4.761082030000000032e+01
8.485500000000000043e+00,-4.833913400000000138e+01
8.485625000000000639e+00,-4.894868619999999737e+01
8.485749999999999460e+00,-4.958658789999999783e+01
8.485875000000000057e+00,-4.978395429999999777e+01
8.486000000000000654e+00,-5.026802639999999656e+01
8.486124999999999474e+00,-5.027917130000000157e+01
8.486250000000000071e+00,-5.044098520000000008e+01
8.486375000000000668e+00,-5.061069179999999790e+01
8.486499999999999488e+00,-5.111159810000000192e+01
8.486625000000000085e+00,-5.126509459999999763e+01
8.486750000000000682e+00,-5.165985249999999951e+01
8.486874999999999503e+00,-5.197636250000000047e+01
8.487000000000000099e+00,-5.212864139999999935e+01
8.487125000000000696e+00,-5.235953349999999773e+01
8.487249999999999517e+00,-5.227724400000000315e+01
8.487375000000000114e+00,-5.245808929999999748e+01
8.487500000000000711e+00,-5.291801379999999710e+01
8.487624999999999531e+00,-5.317161029999999755e+01
8.487750000000000128e+00,-5.369879480000000171e+01
8.487875000000000725e+00,-5.397508789999999834e+01
8.487999999999999545e+00,-5.446501740000000069e+01
8.488125000000000142e+00,-5.463141480000000172e+01
8.488250000000000739e+00,-5.477801589999999976e+01
8.488374999999999559e+00,-5.465858130000000159e+01
8.488500000000000156e+00,-5.512259699999999896e+01
8.488625000000000753e+00,-5.530384060000000090e+01
8.488749999999999574e+00,-5.526447809999999805e+01
8.488875000000000171e+00,-5.549031709999999862e+01
8.489000000000000767e+00,-5.574873000000000189e+01
8.489124999999999588e+00,-5.589285519999999963e+01
8.489250000000000185e+00,-5.619120649999999983e+01
8.489375000000000782e+00,-5.609795189999999820e+01
8.489499999999999602e+00,-5.630413000000000068e+01
8.489625000000000199e+00,-5.641044370000000185e+01
8.489750000000000796e+00,-5.666852810000000318e+01
8.489874999999999616e+00,-5.692393179999999830e+01
8.490000000000000213e+00,-5.755815230000000327e+01
8.490125000000000810e+00,-5.760260089999999877e+01
8.490249999999999631e+00,-5.796057609999999727e+01
8.490375000000000227e+00,-5.791636720000000338e+01
8.490500000000000824e+00,-5.816014979999999923e+01
8.490624999999999645e+00,-5.796224980000000215e+01
8.490750000000000242e+00,-5.811021190000000303e+01
8.490875000000000838e+00,-5.816899120000000067e+01
8.490999999999999659e+00,-5.860647589999999951e+01
8.491125000000000256e+00,-5.866644689999999684e+01
8.491250000000000853e+00,-5.865535289999999691e+01
8.491374999999999673e+00,-5.890536740000000293e+01
8.491500000000000270e+00,-5.876471089999999720e+01
8.491625000000000867e+00,-5.889508440000000178e+01
8.491749999999999687e+00,-5.913773009999999886e+01
8.491875000000000284e+00,-5.913664560000000137e+01
8.492000000000000881e+00,-5.990502209999999650e+01
8.492124999999999702e+00,-5.975900870000000253e+01
8.492250000000000298e+00,-6.064935100000000290e+01
8.492374999999999119e+00,-6.077110449999999986e+01
8.492499999999999716e+00,-6.061623259999999647e+01
8.492625000000000313e+00,-6.051927899999999738e+01
8.492749999999999133e+00,-6.074248269999999650e+01
8.492874999999999730e+00,-6.066767779999999988e+01
8.493000000000000327e+00,-6.088688109999999654e+01
8.493124999999999147e+00,-6.076755469999999804e+01
8.493249999999999744e+00,-6.108391999999999911e+01
8.493375000000000341e+00,-6.077274220000000327e+01
8.493499999999999162e+00,-6.145317529999999806e+01
8.493624999999999758e+00,-6.100880020000000314e+01
8.493750000000000355e+00,-6.187867370000000022e+01
8.493874999999999176e+00,-6.149030330000000077e+01
8.493999999999999773e+00,-6.181287170000000231e+01
8.494125000000000369e+00,-6.236577419999999705e+01
8.494249999999999190e+00,-6.219537679999999824e+01
8.494374999999999787e+00,-6.272594589999999926e+01
8.494500000000000384e+00,-6.231154370000000142e+01
8.494624999999999204e+00,-6.230064229999999981e+01
8.494749999999999801e+00,-6.325977449999999891e+01
8.494875000000000398e+00,-6.273326260000000332e+01
8.494999999999999218e+00,-6.376154569999999921e+01
8.495124999999999815e+00,-6.302119660000000323e+01
8.495250000000000412e+00,-6.322531490000000076e+01
8.495374999999999233e+00,-6.313126150000000081e+01
8.495499999999999829e+00,-6.356723840000000081e+01
8.495625000000000426e+00,-6.324326510000000212e+01
8.495749999999999247e+00,-6.378576650000000114e+01
8.495874999999999844e+00,-6.431140929999999400e+01
8.496000000000000441e+00,-6.368988650000000007e+01
8.496124999999999261e+00,-6.364636889999999880e+01
8.496249999999999858e+00,-6.386611189999999993e+01
8.496375000000000455e+00,-6.441153389999999490e+01
8.496499999999999275e+00,-6.473684230000000639e+01
8.496624999999999872e+00,-6.442544660000000079e+01
8.496750000000000469e+00,-6.375353700000000146e+01
8.496874999999999289e+00,-6.500402990000000614e+01
8.496999999999999886e+00,-6.552669649999999990e+01
8.497125000000000483e+00,-6.560479039999999884e+01
8.497249999999999304e+00,-6.473724909999999966e+01
8.497374999999999901e+00,-6.486648320000000467e+01
8.497500000000000497e+00,-6.568980779999999697e+01
8.497624999999999318e+00,-6.494611159999999472e+01
8.497749999999999915e+00,-6.609567439999999294e+01
8.497875000000000512e+00,-6.639819970000000637e+01
8.497999999999999332e+00,-6.626238859999999420e+01
8.498124999999999929e+00,-6.500861349999999561e+01
8.498250000000000526e+00,-6.611401349999999866e+01
8.498374999999999346e+00,-6.564871039999999880e+01
8.498499999999999943e+00,-6.595281939999999565e+01
8.498625000000000540e+00,-6.634859539999999356e+01
8.498749999999999361e+00,-6.675081260000000327e+01
8.498874999999999957e+00,-6.635756019999999467e+01
8.499000000000000554e+00,-6.684508950000000027e+01
8.499124999999999375e+00,-6.678642429999999308e+01
8.499249999999999972e+00,-6.660426400000000058e+01
8.499375000000000568e+00,-6.691202959999999678e+01
8.499499999999999389e+00,-6.599865939999999398e+01
8.499624999999999986e+00,-6.706174649999999815e+01
8.499750000000000583e+00,-6.750927950000000521e+01
8.499874999999999403e+00,-6.739928949999999475e+01
8.500000000000000000e+00,-6.683323769999999797e+01
8.500125000000000597e+00,-6.915603749999999650e+01
8.500249999999999417e+00,-6.942588899999999796e+01
8.500375000000000014e+00,-6.710818340000000148e+01
8.500500000000000611e+00,-6.651403150000000153e+01
8.500624999999999432e+00,-6.805307530000000327e+01
8.500750000000000028e+00,-7.032584649999999726e+01
8.500875000000000625e+00,-7.183199469999999565e+01
8.500999999999999446e+00,-7.485081490000000315e+01
8.501125000000000043e+00,-6.747191479999999331e+01
8.501250000000000639e+00,-6.735318569999999738e+01
8.501374999999999460e+00,-6.753282749999999623e+01
8.501500000000000057e+00,-6.934299210000000357e+01
8.501625000000000654e+00,-6.608226870000000019e+01
8.501749999999999474e+00,-6.890662890000000118e+01
8.501875000000000071e+00,-6.836335870000000625e+01
8.502000000000000668e+00,-7.063990490000000477e+01
8.502124999999999488e+00,-7.064140129999999829e+01
8.502250000000000085e+00,-6.705191349999999773e+01
8.502375000000000682e+00,-6.784009829999999397e+01
8.502499999999999503e+00,-7.262043620000000033e+01
8.502625000000000099e+00,-7.389834399999999448e+01
8.502750000000000696e+00,-6.959946010000000172e+01
8.502874999999999517e+00,-7.218135909999999456e+01
8.503000000000000114e+00,-7.039857569999999498e+01
8.503125000000000711e+00,-6.964270550000000526e+01
8.503249999999999531e+00,-6.959284590000000037e+01
8.503375000000000128e+00,-6.917421679999999640e+01
8.503500000000000725e+00,-7.345870789999999317e+01
8.503624999999999545e+00,-7.263879070000000127e+01
8.503750000000000142e+00,-7.468953039999999532e+01
8.503875000000000739e+00,-6.831071079999999540e+01
8.503999999999999559e+00,-6.973725760000000662e+01
8.504125000000000156e+00,-7.203528450000000305e+01
8.504250000000000753e+00,-7.130674999999999386e+01
8.504374999999999574e+00,-6.968359519999999918e+01
8.504500000000000171e+00,-7.305499249999999734e+01
8.504625000000000767e+00,-6.994435199999999497e+01
8.504749999999999588e+00,-6.958533930000000112e+01
8.504875000000000185e+00,-7.278258420000000228e+01
8.505000000000000782e+00,-7.204185329999999965e+01
8.505124999999999602e+00,-6.960470929999999612e+01
8.505250000000000199e+00,-7.157953890000000285e+01
8.505375000000000796e+00,-6.928829749999999876e+01
8.505499999999999616e+00,-7.738039990000000046e+01
8.505625000000000213e+00,-7.187133590000000538e+01
8.505750000000000810e+00,-7.581188799999999617e+01
8.505874999999999631e+00,-6.997822030000000382e+01
8.506000000000000227e+00,-7.129553520000000333e+01
8.506125000000000824e+00,-7.416328319999999508e+01
8.506249999999999645e+00,-8.378810660000000610e+01
8.506375000000000242e+00,-7.210390719999999476e+01
8.506500000000000838e+00,-7.246831050000000118e+01
8.506624999999999659e+00,-7.719350570000000289e+01
8.506750000000000256e+00,-7.077092679999999802e+01
8.506875000000000853e+00,-7.571971960000000479e+01
8.506999999999999673e+00,-7.070009609999999611e+01
8.507125000000000270e+00,-7.978030730000000403e+01
8.507250000000000867e+00,-7.597610849999999516e+01
8.507374999999999687e+00,-7.565683649999999716e+01
8.507500000000000284e+00,-7.209801369999999565e+01
8.507625000000000881e+00,-7.875927380000000255e+01
8.507749999999999702e+00,-7.279459070000000054e+01
8.507875000000000298e+00,-7.927100430000000131e+01
8.507999999999999119e+00,-9.120460819999999558e+01
8.508124999999999716e+00,-7.873193220000000281e+01
8.508250000000000313e+00,-7.585743410000000608e+01
8.508374999999999133e+00,-6.905561439999999607e+01
8.508499999999999730e+00,-7.022363310000000070e+01
8.508625000000000327e+00,-7.835015549999999962e+01
8.508749999999999147e+00,-7.420888019999999585e+01
8.508874999999999744e+00,-8.179748979999999392e+01
8.509000000000000341e+00,-7.671644840000000443e+01
8.509124999999999162e+00,-8.091262960000000248e+01
8.509249999999999758e+00,-7.759889599999999632e+01
8.509375000000000355e+00,-7.566679969999999855e+01
8.509499999999999176e+00,-7.547963760000000377e+01
8.509624999999999773e+00,-7.485007570000000499e+01
8.509750000000000369e+00,-7.413430599999999515e+01
8.509874999999999190e+00,-7.957800500000000454e+01
8.509999999999999787e+00,-7.940115790000000118e+01
8.510125000000000384e+00,-7.485153669999999693e+01
8.510249999999999204e+00,-7.553533960000000036e+01
8.510374999999999801e+00,-7.480987700000000018e+01
8.510500000000000398e+00,-7.121468330000000435e+01
8.510624999999999218e+00,-7.772438809999999876e+01
8.510749999999999815e+00,-7.555677389999999605e+01
8.510875000000000412e+00,-8.022490729999999814e+01
8.510999999999999233e+00,-8.180643949999999620e+01
8.511124999999999829e+00,-7.523587120000000539e+01
8.511250000000000426e+00,-8.206535580000000607e+01
8.511374999999999247e+00,-7.636617599999999584e+01
8.511499999999999844e+00,-7.910173650000000123e+01
8.511625000000000441e+00,-8.490246120000000474e+01
8.511749999999999261e+00,-7.773908330000000433e+01
8.511874999999999858e+00,-7.617645360000000210e+01
8.512000000000000455e+00,-7.601285710000000506e+01
8.512124999999999275e+00,-8.801508040000000221e+01
8.512249999999999872e+00,-7.579517740000000003e+01
8.512375000000000469e+00,-7.634292639999999608e+01
8.512499999999999289e+00,-7.745883430000000658e+01
8.512624999999999886e+00,-7.520371520000000487e+01
8.512750000000000483e+00,-9.167703799999999603e+01
8.512874999999999304e+00,-8.184656649999999445e+01
8.512999999999999901e+00,-8.170357979999999998e+01
8.513125000000000497e+00,-7.244510839999999519e+01
8.513249999999999318e+00,-8.197168870000000140e+01
8.513374999999999915e+00,-7.614006290000000376e+01
8.513500000000000512e+00,-8.038382640000000379e+01
8.513624999999999332e+00,-8.504137670000000071e+01
8.513749999999999929e+00,-7.388497619999999699e+01
8.513875000000000526e+00,-7.972460350000000062e+01
8.513999999999999346e+00,-7.916570640000000481e+01
8.514124999999999943e+00,-8.222840680000000191e+01
8.514250000000000540e+00,-9.825036240000000021e+01
8.514374999999999361e+00,-7.926384930000000395e+01
8.514499999999999957e+00,-8.897847170000000006e+01
8.514625000000000554e+00,-7.924390329999999949e+01
8.514749999999999375e+00,-7.565454450000000008e+01
8.514874999999999972e+00,-8.062578809999999407e+01
8.515000000000000568e+00,-9.386095059999999535e+01
8.515124999999999389e+00,-7.558104050000000029e+01
8.515249999999999986e+00,-7.253791200000000572e+01
8.515375000000000583e+00,-7.835602989999999579e+01
8.515499999999999403e+00,-7.887669280000000072e+01
8.515625000000000000e+00,-7.256781660000000045e+01
8.515750000000000597e+00,-7.878487859999999898e+01
8.515874999999999417e+00,-7.152075779999999838e+01
8.516000000000000014e+00,-7.493131560000000491e+01
8.516125000000000611e+00,-7.472838289999999972e+01
8.516249999999999432e+00,-8.855800770000000455e+01
8.516375000000000028e+00,-8.618567430000000229e+01
8.516500000000000625e+00,-7.882586980000000665e+01
8.516624999999999446e+00,-7.653117760000000658e+01
8.516750000000000043e+00,-7.539051069999999299e+01
8.516875000000000639e+00,-7.736604570000000081e+01
8.516999999999999460e+00,-7.287317199999999673e+01
8.517125000000000057e+00,-7.486811699999999803e+01
8.517250000000000654e+00,-7.167359089999999355e+01
8.517374999999999474e+00,-7.654809410000000014e+01
8.517500000000000071e+00,-7.393960040000000333e+01
8.517625000000000668e+00,-7.436561550000000409e+01
8.517749999999999488e+00,-7.742578100000000063e+01
8.517875000000000085e+00,-7.814966330000000028e+01
8.518000000000000682e+00,-7.351052610000000698e+01
8.518124999999999503e+00,-7.327415310000000659e+01
8.518250000000000099e+00,-7.290081279999999708e+01
8.518375000000000696e+00,-7.252289450000000670e+01
8.518499999999999517e+00,-7.258237389999999323e+01
8.518625000000000114e+00,-7.630648879999999679e+01
8.518750000000000711e+00,-7.310387710000000538e+01
8.518874999999999531e+00,-7.001293330000000026e+01
8.519000000000000128e+00,-7.795431270000000268e+01
8.519125000000000725e+00,-6.847193369999999391e+01
8.519249999999999545e+00,-7.225957909999999629e+01
8.519375000000000142e+00,-6.970680040000000588e+01
8.519500000000000739e+00,-6.910560730000000262e+01
8.519624999999999559e+00,-7.026019929999999647e+01
8.519750000000000156e+00,-7.313104529999999670e+01
8.519875000000000753e+00,-6.863915350000000615e+01
8.519999999999999574e+00,-6.929706830000000650e+01
8.520125000000000171e+00,-7.173165849999999466e+01
8.520250000000000767e+00,-6.853717539999999531e+01
8.520374999999999588e+00,-6.884054109999999582e+01
8.520500000000000185e+00,-6.763941900000000373e+01
8.520625000000000782e+00,-7.105763059999999598e+01
8.520749999999999602e+00,-7.109481979999999623e+01
8.520875000000000199e+00,-7.229500040000000638e+01
8.521000000000000796e+00,-7.379164090000000442e+01
8.521124999999999616e+00,-6.968836220000000026e+01
8.521250000000000213e+00,-7.141869939999999417e+01
8.521375000000000810e+00,-6.959379839999999717e+01
8.521499999999999631e+00,-7.126783600000000263e+01
8.521625000000000227e+00,-6.810248190000000079e+01
8.521750000000000824e+00,-6.790669180000000438e+01
8.521874999999999645e+00,-6.640101529999999741e+01
8.522000000000000242e+00,-7.087695770000000550e+01
8.522125000000000838e+00,-6.771143569999999556e+01
8.522249999999999659e+00,-6.985674090000000547e+01
8.522375000000000256e+00,-7.223238550000000657e+01
8.522500000000000853e+00,-6.526311929999999961e+01
8.522624999999999673e+00,-7.237611959999999556e+01
8.522750000000000270e+00,-6.880663889999999583e+01
8.522875000000000867e+00,-6.606228959999999972e+01
8.522999999999999687e+00,-6.770800099999999588e+01
8.523125000000000284e+00,-6.687460839999999962e+01
8.523250000000000881e+00,-6.883319729999999481e+01
8.523374999999999702e+00,-6.732465980000000627e+01
8.523500000000000298e+00,-6.230611689999999925e+01
8.523624999999999119e+00,-6.713026949999999715e+01
8.523749999999999716e+00,-6.691003179999999873e+01
8.523875000000000313e+00,-6.648912599999999884e+01
8.523999999999999133e+00,-6.393643740000000264e+01
8.524124999999999730e+00,-6.688531650000000184e+01
8.524250000000000327e+00,-6.708060749999999928e+01
8.524374999999999147e+00,-6.794700170000000128e+01
8.524499999999999744e+00,-6.454875260000000026e+01
8.524625000000000341e+00,-6.333447340000000025e+01
8.524749999999999162e+00,-6.538687439999999640e+01
8.524874999999999758e+00,-6.438377830000000301e+01
8.525000000000000355e+00,-6.405541739999999606e+01
8.525124999999999176e+00,-6.504942330000000084e+01
8.525249999999999773e+00,-6.429138430000000426e+01
8.525375000000000369e+00,-6.443690250000000219e+01
8.525499999999999190e+00,-6.514478569999999991e+01
8.525624999999999787e+00,-6.363232870000000219e+01
8.525750000000000384e+00,-6.280273530000000193e+01
8.525874999999999204e+00,-6.332009930000000253e+01
8.525999999999999801e+00,-6.182728159999999917e+01
8.526125000000000398e+00,-6.181305729999999699e+01
8.526249999999999218e+00,-6.175137720000000030e+01
8.526374999999999815e+00,-6.181143310000000213e+01
8.526500000000000412e+00,-5.998120480000000043e+01
8.526624999999999233e+00,-6.119253859999999889e+01
8.526749999999999829e+00,-5.988289749999999856e+01
8.526875000000000426e+00,-6.109189210000000259e+01
8.526999999999999247e+00,-6.078445789999999960e+01
8.527124999999999844e+00,-6.040477489999999960e+01
8.527250000000000441e+00,-6.078047000000000111e+01
8.527374999999999261e+00,-6.075601449999999915e+01
8.527499999999999858e+00,-5.917383360000000181e+01
8.527625000000000455e+00,-6.032002709999999723e+01
8.527749999999999275e+00,-5.868878370000000189e+01
8.527874999999999872e+00,-5.956518710000000283e+01
8.528000000000000469e+00,-6.016036040000000185e+01
8.528124999999999289e+00,-5.995785649999999833e+01
8.528249999999999886e+00,-5.886380599999999674e+01
8.528375000000000483e+00,-5.885485779999999778e+01
8.528499999999999304e+00,-5.736023920000000231e+01
8.528624999999999901e+00,-5.766150950000000108e+01
8.528750000000000497e+00,-5.749965629999999805e+01
8.528874999999999318e+00,-5.752143389999999812e+01
8.528999999999999915e+00,-5.751496960000000058e+01
8.529125000000000512e+00,-5.609732759999999985e+01
8.529249999999999332e+00,-5.743009039999999743e+01
8.529374999999999929e+00,-5.652360629999999730e+01
8.529500000000000526e+00,-5.603940159999999793e+01
8.529624999999999346e+00,-5.591211580000000225e+01
8.529749999999999943e+00,-5.583131759999999844e+01
8.529875000000000540e+00,-5.521711289999999650e+01
8.529999999999999361e+00,-5.617594950000000154e+01
8.530124999999999957e+00,-5.495879839999999916e+01
8.530250000000000554e+00,-5.602963450000000023e+01
8.530374999999999375e+00,-5.475759370000000104e+01
8.530499999999999972e+00,-5.361380170000000334e+01
8.530625000000000568e+00,-5.236739980000000116e+01
8.530749999999999389e+00,-5.240643599999999935e+01
8.530874999999999986e+00,-5.147114220000000273e+01
8.531000000000000583e+00,-5.187446969999999880e+01
8.531124999999999403e+00,-5.190749009999999686e+01
8.531250000000000000e+00,-5.172192669999999737e+01
8.531375000000000597e+00,-5.119084980000000229e+01
8.531499999999999417e+00,-5.063337719999999820e+01
8.531625000000000014e+00,-4.985973369999999960e+01
8.531750000000000611e+00,-4.933777890000000355e+01
8.531874999999999432e+00,-4.920966409999999769e+01
8.532000000000000028e+00,-4.865527349999999984e+01
8.532125000000000625e+00,-4.897359589999999940e+01
8.532249999999999446e+00,-4.895352009999999865e+01
8.532375000000000043e+00,-4.861598049999999915e+01
8.532500000000000639e+00,-4.798319560000000195e+01
8.532624999999999460e+00,-4.716124980000000022e+01
8.532750000000000057e+00,-4.649026889999999668e+01
8.532875000000000654e+00,-4.582086199999999820e+01
8.532999999999999474e+00,-4.557181219999999655e+01
8.533125000000000071e+00,-4.527378089999999844e+01
8.533250000000000668e+00,-4.546832440000000020e+01
8.533374999999999488e+00,-4.545488480000000209e+01
8.533500000000000085e+00,-4.556350979999999851e+01
8.533625000000000682e+00,-4.544531489999999962e+01
8.533749999999999503e+00,-4.551242280000000306e+01
8.533875000000000099e+00,-4.562344829999999973e+01
8.534000000000000696e+00,-4.565792150000000049e+01
8.534124999999999517e+00,-4.593738929999999954e+01
8.534250000000000114e+00,-4.597823000000000349e+01
8.534375000000000711e+00,-4.629201139999999981e+01
8.534499999999999531e+00,-4.653247760000000000e+01
8.534625000000000128e+00,-4.644282359999999699e+01
8.534750000000000725e+00,-4.709114430000000340e+01
8.534874999999999545e+00,-4.792804480000000211e+01
8.535000000000000142e+00,-4.842214950000000329e+01
8.535125000000000739e+00,-4.861993770000000126e+01
8.535249999999999559e+00,-4.897739320000000163e+01
8.535375000000000156e+00,-4.904348310000000311e+01
8.535500000000000753e+00,-4.969131000000000142e+01
8.535624999999999574e+00,-4.984332919999999945e+01
8.535750000000000171e+00,-4.989094260000000247e+01
8.535875000000000767e+00,-5.021817680000000195e+01
8.535999999999999588e+00,-5.072656150000000252e+01
8.536125000000000185e+00,-5.080402720000000016e+01
8.536250000000000782e+00,-5.128473569999999881e+01
8.536374999999999602e+00,-5.099258050000000253e+01
8.536500000000000199e+00,-5.103676959999999951e+01
8.536625000000000796e+00,-5.133434009999999859e+01
8.536749999999999616e+00,-5.229729780000000261e+01
8.536875000000000213e+00,-5.178061559999999730e+01
8.537000000000000810e+00,-5.254898149999999646e+01
8.537124999999999631e+00,-5.369754590000000150e+01
8.537250000000000227e+00,-5.359243639999999687e+01
8.537375000000000824e+00,-5.290983109999999812e+01
8.537499999999999645e+00,-5.325829079999999749e+01
8.537625000000000242e+00,-5.309297829999999863e+01
8.537750000000000838e+00,-5.358965950000000333e+01
8.537874999999999659e+00,-5.371627130000000250e+01
8.538000000000000256e+00,-5.389906109999999728e+01
8.538125000000000853e+00,-5.461497609999999980e+01
8.538249999999999673e+00,-5.439537789999999973e+01
8.538375000000000270e+00,-5.524152800000000241e+01
8.538500000000000867e+00,-5.458405880000000110e+01
8.538624999999999687e+00,-5.560886479999999921e+01
8.538750000000000284e+00,-5.503565509999999961e+01
8.538875000000000881e+00,-5.447806560000000076e+01
8.538999999999999702e+00,-5.605002759999999995e+01
8.539125000000000298e+00,-5.542391330000000238e+01
8.539249999999999119e+00,-5.664672130000000294e+01
8.539374999999999716e+00,-5.670802969999999732e+01
8.539500000000000313e+00,-5.647789350000000042e+01
8.539624999999999133e+00,-5.638082620000000134e+01
8.539749999999999730e+00,-5.650070910000000168e+01
8.539875000000000327e+00,-5.734260849999999721e+01
8.539999999999999147e+00,-5.648519809999999808e+01
8.540124999999999744e+00,-5.688786689999999879e+01
8.540250000000000341e+00,-5.739947889999999830e+01
8.540374999999999162e+00,-5.752411589999999819e+01
8.540499999999999758e+00,-5.781908150000000290e+01
8.540625000000000355e+00,-5.922176730000000333e+01
8.540749999999999176e+00,-5.789595829999999665e+01
8.540874999999999773e+00,-5.836656659999999874e+01
8.541000000000000369e+00,-5.776557569999999942e+01
8.541124999999999190e+00,-5.842112920000000287e+01
8.541249999999999787e+00,-5.940054450000000230e+01
8.541375000000000384e+00,-5.942064440000000047e+01
8.541499999999999204e+00,-5.914279069999999905e+01
8.541624999999999801e+00,-5.779341199999999645e+01
8.541750000000000398e+00,-5.906518690000000049e+01
8.541874999999999218e+00,-5.894220909999999947e+01
8.541999999999999815e+00,-6.003785260000000079e+01
8.542125000000000412e+00,-5.903443610000000064e+01
8.542249999999999233e+00,-6.028628899999999646e+01
8.542374999999999829e+00,-5.883537160000000199e+01
8.542500000000000426e+00,-5.992264219999999852e+01
8.542624999999999247e+00,-5.963890169999999813e+01
8.542749999999999844e+00,-6.036599300000000312e+01
8.542875000000000441e+00,-6.007870849999999763e+01
8.542999999999999261e+00,-5.967942740000000157e+01
8.543124999999999858e+00,-6.051160689999999676e+01
8.543250000000000455e+00,-5.955183610000000272e+01
8.543374999999999275e+00,-6.049315550000000030e+01
8.543499999999999872e+00,-6.088022629999999680e+01
8.543625000000000469e+00,-6.174132079999999689e+01
8.543749999999999289e+00,-6.173937440000000265e+01
8.543874999999999886e+00,-6.142837269999999705e+01
8.544000000000000483e+00,-6.065577379999999863e+01
8.544124999999999304e+00,-6.134527740000000051e+01
8.544249999999999901e+00,-6.148989920000000353e+01
8.544375000000000497e+00,-6.095013229999999993e+01
8.544499999999999318e+00,-6.133142089999999769e+01
8.544624999999999915e+00,-6.184197710000000114e+01
8.544750000000000512e+00,-6.160477989999999693e+01
8.544874999999999332e+00,-6.205565709999999768e+01
8.544999999999999929e+00,-6.310055969999999803e+01
8.545125000000000526e+00,-6.124405430000000194e+01
8.545249999999999346e+00,-6.167458469999999693e+01
8.545374999999999943e+00,-6.342898089999999911e+01
8.545500000000000540e+00,-6.127140920000000079e+01
8.545624999999999361e+00,-6.415882580000000246e+01
8.545749999999999957e+00,-6.173309270000000026e+01
8.545875000000000554e+00,-6.335090979999999661e+01
8.545999999999999375e+00,-6.197653969999999646e+01
8.546124999999999972e+00,-6.206259130000000113e+01
8.546250000000000568e+00,-6.295902929999999742e+01
8.546374999999999389e+00,-6.183112880000000189e+01
8.546499999999999986e+00,-6.159767939999999697e+01
8.546625000000000583e+00,-6.259391879999999730e+01
8.546749999999999403e+00,-6.312769099999999867e+01
8.546875000000000000e+00,-6.295577020000000346e+01
8.547000000000000597e+00,-6.238738500000000187e+01
8.547124999999999417e+00,-6.366407399999999939e+01
8.547250000000000014e+00,-6.325027029999999684e+01
8.547375000000000611e+00,-6.337549899999999781e+01
8.547499999999999432e+00,-6.375872809999999902e+01
8.547625000000000028e+00,-6.426672630000000197e+01
8.547750000000000625e+00,-6.282647469999999856e+01
8.547874999999999446e+00,-6.356493869999999902e+01
8.548000000000000043e+00,-6.388071459999999746e+01
8.548125000000000639e+00,-6.427460820000000297e+01
8.548249999999999460e+00,-6.483054230000000473e+01
8.548375000000000057e+00,-6.332007149999999740e+01
8.548500000000000654e+00,-6.404713440000000446e+01
8.548624999999999474e+00,-6.373340739999999727e+01
8.548750000000000071e+00,-6.445197349999999403e+01
8.548875000000000668e+00,-6.354894459999999867e+01
8.548999999999999488e+00,-6.452657920000000047e+01
8.549125000000000085e+00,-6.707179849999999988e+01
8.549250000000000682e+00,-6.593120059999999683e+01
8.549374999999999503e+00,-6.297451120000000202e+01
8.549500000000000099e+00,-6.702756840000000693e+01
8.549625000000000696e+00,-6.475675040000000138e+01
8.549749999999999517e+00,-6.411143669999999872e+01
8.549875000000000114e+00,-6.440271319999999378e+01
8.550000000000000711e+00,-6.489503249999999923e+01
8.550124999999999531e+00,-6.367687670000000111e+01
8.550250000000000128e+00,-6.419055629999999724e+01
8.550375000000000725e+00,-6.398116449999999844e+01
8.550499999999999545e+00,-6.518228729999999871e+01
8.550625000000000142e+00,-6.344158879999999812e+01
8.550750000000000739e+00,-6.437379060000000663e+01
8.550874999999999559e+00,-6.464522030000000541e+01
8.551000000000000156e+00,-6.401905849999999987e+01
8.551125000000000753e+00,-6.562997380000000192e+01
8.551249999999999574e+00,-6.654291739999999322e+01
8.551375000000000171e+00,-6.558398929999999893e+01
8.551500000000000767e+00,-6.646291990000000283e+01
8.551624999999999588e+00,-6.576034819999999570e+01
8.551750000000000185e+00,-6.648299780000000681e+01
8.551875000000000782e+00,-6.519013150000000678e+01
8.551999999999999602e+00,-6.513989949999999851e+01
8.552125000000000199e+00,-6.536541409999999530e+01
8.552250000000000796e+00,-6.475679839999999388e+01
8.552374999999999616e+00,-6.505995299999999304e+01
8.552500000000000213e+00,-6.351249339999999677e+01
8.552625000000000810e+00,-6.709925719999999671e+01
8.552749999999999631e+00,-6.581842919999999708e+01
8.552875000000000227e+00,-6.515930109999999331e+01
8.553000000000000824e+00,-6.629296010000000194e+01
8.553124999999999645e+00,-6.707342250000000661e+01
8.553250000000000242e+00,-6.597414220000000284e+01
8.553375000000000838e+00,-6.570343909999999710e+01
8.553499999999999659e+00,-6.885946629999999402e+01
8.553625000000000256e+00,-6.763160489999999925e+01
8.553750000000000853e+00,-6.609794060000000115e+01
8.553874999999999673e+00,-6.665283390000000452e+01
8.554000000000000270e+00,-6.705243869999999617e+01
8.554125000000000867e+00,-6.564738749999999357e+01
8.554249999999999687e+00,-6.585042029999999613e+01
8.554375000000000284e+00,-6.547797190000000001e+01
8.554500000000000881e+00,-6.514241970000000492e+01
8.554624999999999702e+00,-6.639138079999999320e+01
8.554750000000000298e+00,-6.685841800000000035e+01
8.554874999999999119e+00,-6.496264770000000510e+01
8.554999999999999716e+00,-6.560841820000000268e+01
8.555125000000000313e+00,-6.797361979999999448e+01
8.555249999999999133e+00,-6.752003899999999703e+01
8.555374999999999730e+00,-6.548095480000000634e+01
8.555500000000000327e+00,-6.627630969999999877e+01
8.555624999999999147e+00,-6.741406120000000612e+01
8.555749999999999744e+00,-6.736651120000000503e+01
8.555875000000000341e+00,-6.595119379999999865e+01
8.555999999999999162e+00,-6.928771299999999655e+01
8.556124999999999758e+00,-6.672989699999999402e+01
8.556250000000000355e+00,-6.710283859999999834e+01
8.556374999999999176e+00,-6.498527219999999716e+01
8.556499999999999773e+00,-6.788280779999999481e+01
8.556625000000000369e+00,-6.540543820000000608e+01
8.556749999999999190e+00,-6.474428880000000674e+01
8.556874999999999787e+00,-6.535501910000000692e+01
8.557000000000000384e+00,-6.474565579999999443e+01
8.557124999999999204e+00,-6.803985590000000627e+01
8.557249999999999801e+00,-6.849606330000000298e+01
8.557375000000000398e+00,-6.498276780000000485e+01
8.557499999999999218e+00,-6.903459929999999645e+01
8.557624999999999815e+00,-6.650758989999999926e+01
8.557750000000000412e+00,-6.843791000000000224e+01
8.557874999999999233e+00,-6.650286819999999466e+01
8.557999999999999829e+00,-6.831442520000000229e+01
8.558125000000000426e+00,-6.499100470000000485e+01
8.558249999999999247e+00,-6.814326409999999612e+01
8.558374999999999844e+00,-6.856840090000000032e+01
8.558500000000000441e+00,-6.470624180000000081e+01
8.558624999999999261e+00,-6.716642380000000401e+01
8.558749999999999858e+00,-6.694294499999999459e+01
8.558875000000000455e+00,-6.672577579999999386e+01
8.558999999999999275e+00,-6.502345710000000167e+01
8.559124999999999872e+00,-6.628433689999999956e+01
8.559250000000000469e+00,-6.416005180000000507e+01
8.559374999999999289e+00,-6.729345469999999807e+01
8.559499999999999886e+00,-6.643505589999999472e+01
8.559625000000000483e+00,-6.752093910000000676e+01
8.559749999999999304e+00,-6.632100579999999468e+01
8.559874999999999901e+00,-6.636031370000000607e+01
8.560000000000000497e+00,-6.610413309999999854e+01
8.560124999999999318e+00,-6.704690290000000630e+01
8.560249999999999915e+00,-6.553739559999999642e+01
8.560375000000000512e+00,-6.629049340000000257e+01
8.560499999999999332e+00,-6.885377010000000553e+01
8.560624999999999929e+00,-6.560998510000000294e+01
8.560750000000000526e+00,-6.784710160000000201e+01
8.560874999999999346e+00,-6.550695570000000600e+01
8.560999999999999943e+00,-6.654958530000000394e+01
8.561125000000000540e+00,-6.643889409999999884e+01
8.561249999999999361e+00,-6.742269709999999350e+01
8.561374999999999957e+00,-6.578598340000000633e+01
8.561500000000000554e+00,-6.867159390000000485e+01
8.561624999999999375e+00,-6.557897789999999816e+01
8.561749999999999972e+00,-6.938247330000000090e+01
8.561875000000000568e+00,-6.683233300000000554e+01
8.561999999999999389e+00,-6.684290749999999548e+01
8.562124999999999986e+00,-6.892672489999999641e+01
8.562250000000000583e+00,-6.767065929999999696e+01
8.562374999999999403e+00,-6.531687159999999892e+01
8.562500000000000000e+00,-6.903376780000000679e+01
8.562625000000000597e+00,-6.946738870000000077e+01
8.562749999999999417e+00,-6.602469800000000077e+01
8.562875000000000014e+00,-6.870956689999999867e+01
8.563000000000000611e+00,-6.804893500000000017e+01
8.563124999999999432e+00,-6.878251860000000306e+01
8.563250000000000028e+00,-6.799863019999999381e+01
8.563375000000000625e+00,-6.875095860000000414e+01
8.563499999999999446e+00,-7.000015919999999880e+01
8.563625000000000043e+00,-6.620555129999999622e+01
8.563750000000000639e+00,-7.049470420000000104e+01
8.563874999999999460e+00,-6.967642150000000356e+01
8.564000000000000057e+00,-6.685951780000000610e+01
8.564125000000000654e+00,-6.836358009999999297e+01
8.564249999999999474e+00,-6.650872080000000608e+01
8.564375000000000071e+00,-6.665566540000000373e+01
8.564500000000000668e+00,-6.853066979999999830e+01
8.564624999999999488e+00,-6.711228400000000249e+01
8.564750000000000085e+00,-6.605164720000000500e+01
8.564875000000000682e+00,-6.728729010000000699e+01
8.564999999999999503e+00,-6.589029050000000609e+01
8.565125000000000099e+00,-6.689415150000000665e+01
8.565250000000000696e+00,-6.708090810000000204e+01
8.565374999999999517e+00,-6.496735540000000242e+01
8.565500000000000114e+00,-6.736173949999999877e+01
8.565625000000000711e+00,-6.609919949999999744e+01
8.565749999999999531e+00,-6.812787199999999643e+01
8.565875000000000128e+00,-6.630036219999999503e+01
8.566000000000000725e+00,-6.861099869999999612e+01
8.566124999999999545e+00,-6.710149140000000045e+01
8.566250000000000142e+00,-6.821728040000000703e+01
8.566375000000000739e+00,-6.796929120000000069e+01
8.566499999999999559e+00,-6.470338230000000124e+01
8.566625000000000156e+00,-6.758597029999999961e+01
8.566750000000000753e+00,-7.254607729999999322e+01
8.566874999999999574e+00,-6.596181769999999744e+01
8.567000000000000171e+00,-6.689640909999999963e+01
8.567125000000000767e+00,-6.749002649999999903e+01
8.567249999999999588e+00,-6.731457050000000208e+01
8.567375000000000185e+00,-6.933676570000000083e+01
8.567500000000000782e+00,-6.776572529999999972e+01
8.567624999999999602e+00,-6.779228030000000160e+01
8.567750000000000199e+00,-6.883033869999999865e+01
8.567875000000000796e+00,-7.234254610000000696e+01
8.567999999999999616e+00,-6.735758950000000311e+01
8.568125000000000213e+00,-7.018839359999999772e+01
8.568250000000000810e+00,-6.682821199999999351e+01
8.568374999999999631e+00,-6.963729680000000144e+01
8.568500000000000227e+00,-7.206957570000000146e+01
8.568625000000000824e+00,-6.635790889999999820e+01
8.568749999999999645e+00,-6.736276940000000479e+01
8.568875000000000242e+00,-6.835433969999999704e+01
8.569000000000000838e+00,-6.913147299999999973e+01
8.569124999999999659e+00,-6.722795549999999309e+01
8.569250000000000256e+00,-6.896273789999999337e+01
8.569375000000000853e+00,-6.949841209999999592e+01
8.569499999999999673e+00,-6.925796269999999311e+01
8.569625000000000270e+00,-6.801316839999999786e+01
8.569750000000000867e+00,-6.574343290000000195e+01
8.569874999999999687e+00,-6.651353210000000615e+01
8.570000000000000284e+00,-7.080092679999999916e+01
8.570125000000000881e+00,-6.820932320000000004e+01
8.570249999999999702e+00,-6.800950520000000665e+01
8.570375000000000298e+00,-7.165478459999999927e+01
8.570499999999999119e+00,-7.220802799999999877e+01
8.570624999999999716e+00,-6.875246970000000601e+01
8.570750000000000313e+00,-6.974910819999999489e+01
8.570874999999999133e+00,-6.862133479999999963e+01
8.570999999999999730e+00,-6.858950570000000369e+01
8.571125000000000327e+00,-7.050882690000000252e+01
8.571249999999999147e+00,-6.958790500000000634e+01
8.571374999999999744e+00,-6.855838880000000302e+01
8.571500000000000341e+00,-6.945158309999999346e+01
8.571624999999999162e+00,-7.249652159999999412e+01
8.571749999999999758e+00,-7.176442620000000261e+01
8.571875000000000355e+00,-6.905192820000000609e+01
8.571999999999999176e+00,-6.905398289999999406e+01
8.572124999999999773e+00,-7.192112059999999474e+01
8.572250000000000369e+00,-7.145931410000000028e+01
8.572374999999999190e+00,-6.820222119999999677e+01
8.572499999999999787e+00,-7.690376460000000236e+01
8.572625000000000384e+00,-6.918629599999999868e+01
8.572749999999999204e+00,-6.929281659999999476e+01
8.572874999999999801e+00,-7.272663740000000132e+01
8.573000000000000398e+00,-7.238279579999999669e+01
8.573124999999999218e+00,-7.068747100000000216e+01
8.573249999999999815e+00,-6.829155930000000296e+01
8.573375000000000412e+00,-7.117469619999999964e+01
8.573499999999999233e+00,-7.161034349999999904e+01
8.573624999999999829e+00,-7.089008119999999735e+01
8.573750000000000426e+00,-7.112545129999999460e+01
8.573874999999999247e+00,-7.041250290000000689e+01
8.573999999999999844e+00,-7.040063659999999857e+01
8.574125000000000441e+00,-7.087972709999999665e+01
8.574249999999999261e+00,-7.080175549999999873e+01
8.574374999999999858e+00,-7.140190859999999873e+01
8.574500000000000455e+00,-7.008786000000000627e+01
8.574624999999999275e+00,-7.288258270000000039e+01
8.574749999999999872e+00,-7.084136270000000479e+01
8.574875000000000469e+00,-6.897445820000000083e+01
8.574999999999999289e+00,-7.189700320000000033e+01
8.575124999999999886e+00,-6.937713490000000149e+01
8.575250000000000483e+00,-6.943250919999999837e+01
8.575374999999999304e+00,-7.030321549999999320e+01
8.575499999999999901e+00,-6.847711549999999647e+01
8.575625000000000497e+00,-7.405829249999999320e+01
8.575749999999999318e+00,-7.277683690000000638e+01
8.575874999999999915e+00,-7.186976620000000082e+01
8.576000000000000512e+00,-6.920003979999999899e+01
8.576124999999999332e+00,-6.921307790000000182e+01
8.576249999999999929e+00,-6.846456510000000151e+01
8.576375000000000526e+00,-7.211586219999999514e+01
8.576499999999999346e+00,-7.015980989999999906e+01
8.576624999999999943e+00,-6.922483339999999430e+01
8.576750000000000540e+00,-7.548689430000000300e+01
8.576874999999999361e+00,-7.409038300000000277e+01
8.576999999999999957e+00,-7.298934760000000210e+01
8.577125000000000554e+00,-6.924372639999999990e+01
8.577249999999999375e+00,-7.043021579999999915e+01
8.577374999999999972e+00,-7.024396129999999516e+01
8.577500000000000568e+00,-6.982250949999999534e+01
8.577624999999999389e+00,-6.923348850000000709e+01
8.577749999999999986e+00,-7.179660180000000480e+01
8.577875000000000583e+00,-6.923316130000000612e+01
8.577999999999999403e+00,-7.108997540000000015e+01
8.578125000000000000e+00,-7.177401209999999310e+01
8.578250000000000597e+00,-6.964311139999999511e+01
8.578374999999999417e+00,-7.095555389999999818e+01
8.578500000000000014e+00,-6.935751960000000338e+01
8.578625000000000611e+00,-7.023791420000000585e+01
8.578749999999999432e+00,-8.469581060000000150e+01
8.578875000000000028e+00,-7.255374150000000100e+01
8.579000000000000625e+00,-7.020552809999999511e+01
8.579124999999999446e+00,-6.941283900000000529e+01
8.579250000000000043e+00,-7.281394950000000676e+01
8.579375000000000639e+00,-6.774860350000000153e+01
8.579499999999999460e+00,-6.891218499999999381e+01
8.579625000000000057e+00,-7.598758770000000595e+01
8.579750000000000654e+00,-7.155132070000000510e+01
8.579874999999999474e+00,-7.083162310000000161e+01
8.580000000000000071e+00,-7.138529359999999713e+01
8.580125000000000668e+00,-6.834352810000000034e+01
8.580249999999999488e+00,-6.932677520000000015e+01
8.580375000000000085e+00,-7.109047510000000614e+01
8.580500000000000682e+00,-7.034399999999999409e+01
8.580624999999999503e+00,-7.151221019999999839e+01
8.580750000000000099e+00,-7.181279829999999720e+01
8.580875000000000696e+00,-7.183923339999999769e+01
8.580999999999999517e+00,-7.301673370000000318e+01
8.581125000000000114e+00,-7.320374069999999733e+01
8.581250000000000711e+00,-6.879648079999999766e+01
8.581374999999999531e+00,-7.014738590000000329e+01
8.581500000000000128e+00,-7.031309969999999510e+01
8.581625000000000725e+00,-6.948384910000000048e+01
8.581749999999999545e+00,-7.104011020000000087e+01
8.581875000000000142e+00,-7.147313400000000172e+01
8.582000000000000739e+00,-6.991760809999999537e+01
8.582124999999999559e+00,-7.037810179999999605e+01
8.582250000000000156e+00,-7.151268489999999645e+01
8.582375000000000753e+00,-6.848555720000000235e+01
8.582499999999999574e+00,-7.271886369999999999e+01
8.582625000000000171e+00,-7.732584980000000030e+01
8.582750000000000767e+00,-7.029669459999999503e+01
8.582874999999999588e+00,-7.416096129999999675e+01
8.583000000000000185e+00,-7.216573320000000535e+01
8.583125000000000782e+00,-7.269096140000000617e+01
8.583249999999999602e+00,-7.757663580000000536e+01
8.583375000000000199e+00,-7.250742329999999924e+01
8.583500000000000796e+00,-7.076916500000000099e+01
8.583624999999999616e+00,-7.106885479999999689e+01
8.583750000000000213e+00,-7.308285630000000310e+01
8.583875000000000810e+00,-7.252727980000000230e+01
8.583999999999999631e+00,-6.993988319999999703e+01
8.584125000000000227e+00,-7.075497409999999832e+01
8.584250000000000824e+00,-7.127740470000000528e+01
8.584374999999999645e+00,-7.222078729999999780e+01
8.584500000000000242e+00,-7.165710989999999470e+01
8.584625000000000838e+00,-6.721196949999999504e+01
8.584749999999999659e+00,-6.715104270000000497e+01
8.584875000000000256e+00,-7.190097839999999962e+01
8.585000000000000853e+00,-7.148842369999999846e+01
8.585124999999999673e+00,-7.075521500000000685e+01
8.585250000000000270e+00,-7.283565910000000088e+01
8.585375000000000867e+00,-6.831624139999999556e+01
8.585499999999999687e+00,-8.022675169999999412e+01
8.585625000000000284e+00,-7.192598130000000367e+01
8.585750000000000881e+00,-7.829846120000000553e+01
8.585874999999999702e+00,-7.200003769999999292e+01
8.586000000000000298e+00,-7.476069119999999657e+01
8.586124999999999119e+00,-7.155782569999999509e+01
8.586249999999999716e+00,-8.702437140000000682e+01
8.586375000000000313e+00,-6.947624949999999444e+01
8.586499999999999133e+00,-6.960995870000000707e+01
8.586624999999999730e+00,-6.880940200000000573e+01
8.586750000000000327e+00,-7.210313080000000241e+01
8.586874999999999147e+00,-7.107081279999999879e+01
8.586999999999999744e+00,-7.356488210000000549e+01
8.587125000000000341e+00,-7.071299709999999550e+01
8.587249999999999162e+00,-6.823170419999999581e+01
8.587374999999999758e+00,-7.112666659999999297e+01
8.587500000000000355e+00,-7.604883569999999793e+01
8.587624999999999176e+00,-6.954489060000000222e+01
8.587749999999999773e+00,-7.028436109999999815e+01
8.587875000000000369e+00,-7.056018100000000004e+01
8.587999999999999190e+00,-7.600378340000000321e+01
8.588124999999999787e+00,-6.986142920000000345e+01
8.588250000000000384e+00,-7.043618360000000678e+01
8.588374999999999204e+00,-6.824815030000000604e+01
8.588499999999999801e+00,-6.780966659999999990e+01
8.588625000000000398e+00,-6.734216619999999409e+01
8.588749999999999218e+00,-7.113457420000000297e+01
8.588874999999999815e+00,-7.533937620000000379e+01
8.589000000000000412e+00,-6.991920700000000011e+01
8.589124999999999233e+00,-7.658469139999999697e+01
8.589249999999999829e+00,-7.146742609999999729e+01
8.589375000000000426e+00,-7.021349429999999359e+01
8.589499999999999247e+00,-7.286569090000000415e+01
8.589624999999999844e+00,-7.147089339999999424e+01
8.589750000000000441e+00,-7.646630199999999888e+01
8.589874999999999261e+00,-6.964741879999999696e+01
8.589999999999999858e+00,-7.018891680000000122e+01
8.590125000000000455e+00,-7.082423029999999642e+01
8.590249999999999275e+00,-7.076191090000000372e+01
8.590374999999999872e+00,-6.967033349999999814e+01
8.590500000000000469e+00,-6.961064450000000647e+01
8.590624999999999289e+00,-6.738604039999999884e+01
8.590749999999999886e+00,-7.182028499999999838e+01
8.590875000000000483e+00,-7.588712540000000217e+01
8.590999999999999304e+00,-8.110178310000000579e+01
8.591124999999999901e+00,-7.024066759999999476e+01
8.591250000000000497e+00,-7.005409840000000088e+01
8.591374999999999318e+00,-6.868009650000000477e+01
8.591499999999999915e+00,-7.356419139999999857e+01
8.591625000000000512e+00,-7.463969330000000468e+01
8.591749999999999332e+00,-7.161244209999999555e+01
8.591874999999999929e+00,-7.084140399999999715e+01
8.592000000000000526e+00,-7.135652159999999355e+01
8.592124999999999346e+00,-7.403100089999999511e+01
8.592249999999999943e+00,-6.867024759999999617e+01
8.592375000000000540e+00,-7.336261020000000599e+01
8.592499999999999361e+00,-7.243024029999999414e+01
8.592624999999999957e+00,-6.875783570000000111e+01
8.592750000000000554e+00,-7.213026829999999734e+01
8.592874999999999375e+00,-7.323553429999999764e+01
8.592999999999999972e+00,-7.265564310000000603e+01
8.593125000000000568e+00,-6.776617910000000222e+01
8.593249999999999389e+00,-7.325137540000000058e+01
8.593374999999999986e+00,-7.627833699999999340e+01
8.593500000000000583e+00,-7.060979489999999714e+01
8.593624999999999403e+00,-6.999788700000000574e+01
8.593750000000000000e+00,-7.536009470000000476e+01
8.593875000000000597e+00,-7.391971870000000422e+01
8.593999999999999417e+00,-6.923681770000000313e+01
8.594125000000000014e+00,-7.403916010000000369e+01
8.594250000000000611e+00,-7.135178080000000023e+01
8.594374999999999432e+00,-6.869102270000000487e+01
8.594500000000000028e+00,-7.309517130000000407e+01
8.594625000000000625e+00,-7.264082829999999547e+01
8.594749999999999446e+00,-6.804663379999999506e+01
8.594875000000000043e+00,-7.248092520000000150e+01
8.595000000000000639e+00,-7.426771949999999833e+01
8.595124999999999460e+00,-7.330269479999999760e+01
8.595250000000000057e+00,-6.870306960000000629e+01
8.595375000000000654e+00,-7.177914760000000172e+01
8.595499999999999474e+00,-7.007853289999999902e+01
8.595625000000000071e+00,-7.278165529999999706e+01
8.595750000000000668e+00,-7.262439439999999991e+01
8.595874999999999488e+00,-8.043385560000000112e+01
8.596000000000000085e+00,-7.136594429999999534e+01
8.596125000000000682e+00,-7.407130589999999870e+01
8.596249999999999503e+00,-7.050708980000000281e+01
8.596375000000000099e+00,-7.443690689999999677e+01
8.596500000000000696e+00,-6.979932949999999892e+01
8.596624999999999517e+00,-7.222884790000000521e+01
8.596750000000000114e+00,-7.071116739999999368e+01
8.596875000000000711e+00,-7.045272280000000364e+01
8.596999999999999531e+00,-7.363268639999999721e+01
8.597125000000000128e+00,-7.594182650000000478e+01
8.597250000000000725e+00,-7.030203989999999692e+01
8.597374999999999545e+00,-7.775930219999999338e+01
8.597500000000000142e+00,-7.965497159999999610e+01
8.597625000000000739e+00,-7.580196630000000368e+01
8.597749999999999559e+00,-7.218154230000000382e+01
8.597875000000000156e+00,-7.473138690000000395e+01
8.598000000000000753e+00,-7.535907330000000570e+01
8.598124999999999574e+00,-7.239493690000000470e+01
8.598250000000000171e+00,-6.854865909999999474e+01
8.598375000000000767e+00,-7.555110399999999515e+01
8.598499999999999588e+00,-7.723894740000000070e+01
8.598625000000000185e+00,-7.134594889999999623e+01
8.598750000000000782e+00,-6.944055459999999869e+01
8.598874999999999602e+00,-7.485649060000000077e+01
8.599000000000000199e+00,-7.789500119999999583e+01
8.599125000000000796e+00,-7.344366200000000333e+01
8.599249999999999616e+00,-7.086199469999999678e+01
8.599375000000000213e+00,-7.207176599999999667e+01
8.599500000000000810e+00,-7.414167600000000391e+01
8.599624999999999631e+00,-7.726296879999999589e+01
8.599750000000000227e+00,-7.431540880000000016e+01
8.599875000000000824e+00,-8.074716030000000444e+01
8.599999999999999645e+00,-7.869076979999999821e+01
