1.080819636655753690e+01
1.080810609813860523e+01
1.080810733060807571e+01
1.080808138941564422e+01
1.080798197224696011e+01
1.080800466358256529e+01
1.080799242550425276e+01
1.080806957588088579e+01
1.080801520607139921e+01
1.080765232181376412e+01
1.080699377898175584e+01
1.080646774121589537e+01
1.080629021860868377e+01
1.080605325391598193e+01
1.080582349921980345e+01
1.080579511772158519e+01
1.080574474533422702e+01
1.080562454275395012e+01
1.080560672246318887e+01
1.080554205424885872e+01
1.080553362982597143e+01
1.080548226691586677e+01
1.080551221297625020e+01
1.080541823306988292e+01
1.080544125614316719e+01
1.080526861542284855e+01
1.082410438150524357e+01
1.082371573676473808e+01
1.082289639101426282e+01
1.082079451746379029e+01
1.081844772405887944e+01
1.081476403973447020e+01
1.081250188766483333e+01
1.081119892701009455e+01
1.081055831621587160e+01
1.081053589488832145e+01
1.081031959057320258e+01
1.081054932118489020e+01
1.081070872685192086e+01
1.081078033564017460e+01
1.081089907891174562e+01
1.081092685842514278e+01
1.081098009587097053e+01
1.081092806972618625e+01
1.081094337034525310e+01
1.081095032005970147e+01
1.081093565549756086e+01
1.081091645963175552e+01
1.081090536256152213e+01
1.081085323952914656e+01
1.081092074208137888e+01
1.081086121010667256e+01
1.120984339164377789e-03
1.265512320578414613e-03
1.295372061800294412e-03
1.464653770600348294e-03
1.652689884415753678e-03
1.919563151253658685e-03
2.314056019939161966e-03
2.575497821801061172e-03
3.060412411790032830e-03
3.699677903377739541e-03
4.646883764185238616e-03
4.566539537309082311e-03
3.921469479778472503e-03
3.707078249443124078e-03
3.277584629909409408e-03
2.940886587281891281e-03
2.959349253023826724e-03
2.636092673785509193e-03
2.590595889097626042e-03
2.456124135499779433e-03
2.403861603178101408e-03
2.455514212389108691e-03
2.266764143943079783e-03
2.233533202308789298e-03
2.162847901716856858e-03
2.291162018976533252e-03
2.476850666048785454e-02
2.420179205890188312e-02
2.588957842989383223e-02
2.369270172211854208e-02
2.173495341313245663e-02
2.245669835839622999e-02
1.707158699362656962e-02
1.584685007831431250e-02
1.230055768011575207e-02
8.169051741093214664e-03
5.636884137417847926e-03
4.515490699699001471e-03
3.593337934611138748e-03
3.081213012627460023e-03
2.597151258932401795e-03
2.305771718386794358e-03
2.116031337233122925e-03
1.888370025422642399e-03
1.736232579168995194e-03
1.559892877479233811e-03
1.433713737220480714e-03
1.374096493359352501e-03
1.306162179899424602e-03
1.221102837140537398e-03
1.210756328956889404e-03
1.123406041359563965e-03
