8.400000000000000355e+00,-2.998770864907845946e-02
8.400124999999999176e+00,-3.258652511668713725e-02
8.400249999999999773e+00,-3.681648411086052564e-02
8.400375000000000369e+00,-3.999017245985619917e-02
8.400499999999999190e+00,-4.349765133249511306e-02
8.400624999999999787e+00,-4.726612480150577111e-02
8.400750000000000384e+00,-4.973490261903956711e-02
8.400874999999999204e+00,-5.243106607157416166e-02
8.400999999999999801e+00,-5.520550947173408218e-02
8.401125000000000398e+00,-5.819626374036312999e-02
8.401249999999999218e+00,-5.957502540654507905e-02
8.401374999999999815e+00,-6.219808028147666423e-02
8.401500000000000412e+00,-6.442172422023156875e-02
8.401624999999999233e+00,-6.503174507447140318e-02
8.401749999999999829e+00,-6.817482004071218071e-02
8.401875000000000426e+00,-6.907269074278327148e-02
8.401999999999999247e+00,-7.006961910976861052e-02
8.402124999999999844e+00,-7.092303168590446960e-02
8.402250000000000441e+00,-7.266024813558275008e-02
8.402374999999999261e+00,-7.245091585916990651e-02
8.402499999999999858e+00,-7.311513307480577151e-02
8.402625000000000455e+00,-7.371059766182219697e-02
8.402749999999999275e+00,-7.360970274213010645e-02
8.402874999999999872e+00,-7.453992039040413520e-02
8.403000000000000469e+00,-7.392336662099177613e-02
8.403124999999999289e+00,-7.274446552192725957e-02
8.403249999999999886e+00,-7.269376077284667170e-02
8.403375000000000483e+00,-7.180848888722871082e-02
8.403499999999999304e+00,-7.125316811486287483e-02
8.403624999999999901e+00,-6.914484619999022863e-02
8.403750000000000497e+00,-6.902773382516452783e-02
8.403874999999999318e+00,-6.779313575329914965e-02
8.403999999999999915e+00,-6.687069922711566528e-02
8.404125000000000512e+00,-6.498553901634646079e-02
8.404249999999999332e+00,-6.396473114119827219e-02
8.404374999999999929e+00,-6.204215576133781385e-02
8.404500000000000526e+00,-5.998764207019674499e-02
8.404624999999999346e+00,-5.822431076676240491e-02
8.404749999999999943e+00,-5.621221814167653985e-02
8.404875000000000540e+00,-5.287003497522319018e-02
8.404999999999999361e+00,-5.109664289382065405e-02
8.405124999999999957e+00,-4.923098705873538150e-02
8.405250000000000554e+00,-4.516709625389886407e-02
8.405374999999999375e+00,-4.354507150549211114e-02
8.405499999999999972e+00,-4.130783357913522802e-02
8.405625000000000568e+00,-3.886930103192873243e-02
8.405749999999999389e+00,-3.653230677482841027e-02
8.405874999999999986e+00,-3.352914769363055103e-02
8.406000000000000583e+00,-3.114194244977100401e-02
8.406124999999999403e+00,-2.779259596272670718e-02
8.406250000000000000e+00,-2.568114926232181738e-02
8.406375000000000597e+00,-2.259846040341823015e-02
8.406499999999999417e+00,-2.024704555383516347e-02
8.406625000000000014e+00,-1.697824049598523066e-02
8.406750000000000611e+00,-1.449903305896974026e-02
8.406874999999999432e+00,-1.219171329596546727e-02
8.407000000000000028e+00,-9.077269346678962236e-03
8.407125000000000625e+00,-6.955074009743794639e-03
8.407249999999999446e+00,-4.949392246039380217e-03
8.407375000000000043e+00,-1.483760184858906594e-03
8.407500000000000639e+00,2.907870979595994498e-04
8.407624999999999460e+00,2.574304091905676994e-03
8.407750000000000057e+00,5.476399801502523923e-03
8.407875000000000654e+00,7.518137164590293908e-03
8.407999999999999474e+00,9.273006882994844213e-03
8.408125000000000071e+00,1.204308917829197134e-02
8.408250000000000668e+00,1.338181669511048777e-02
8.408374999999999488e+00,1.551850575880645011e-02
8.408500000000000085e+00,1.791898243794895484e-02
8.408625000000000682e+00,1.945484499188981919e-02
8.408749999999999503e+00,2.100527481811359509e-02
8.408875000000000099e+00,2.286802964677392414e-02
8.409000000000000696e+00,2.338132953125163227e-02
8.409124999999999517e+00,2.409456464860559866e-02
8.409250000000000114e+00,2.553558370588474014e-02
8.409375000000000711e+00,2.610489294918080794e-02
8.409499999999999531e+00,2.718523705408215640e-02
8.409625000000000128e+00,2.726767637826793544e-02
8.409750000000000725e+00,2.858924331718132317e-02
8.409874999999999545e+00,2.769544459502942813e-02
8.410000000000000142e+00,2.739129872001860866e-02
8.410125000000000739e+00,2.849463353423450918e-02
8.410249999999999559e+00,2.759069306571132474e-02
8.410375000000000156e+00,2.765606868817624409e-02
8.410500000000000753e+00,2.637955955280935072e-02
8.410624999999999574e+00,2.589146272852202446e-02
8.410750000000000171e+00,2.476562051093311734e-02
8.410875000000000767e+00,2.366276798758096267e-02
8.410999999999999588e+00,2.207501990633753408e-02
8.411125000000000185e+00,2.063372505854008110e-02
8.411250000000000782e+00,1.914483217474877152e-02
8.411374999999999602e+00,1.747220935554141819e-02
8.411500000000000199e+00,1.534727037037356134e-02
8.411625000000000796e+00,1.233472125642473549e-02
8.411749999999999616e+00,9.830146899807101768e-03
8.411875000000000213e+00,6.521413844871259968e-03
8.412000000000000810e+00,4.067163689839004004e-03
8.412124999999999631e+00,1.877378133515739123e-03
8.412250000000000227e+00,-2.285518159703792129e-03
8.412375000000000824e+00,-4.871014855993338610e-03
8.412499999999999645e+00,-9.862079681104307660e-03
8.412625000000000242e+00,-1.310463770052666677e-02
8.412750000000000838e+00,-1.694031704517207082e-02
8.412874999999999659e+00,-1.812920484928753906e-02
8.413000000000000256e+00,-2.124600080516581002e-02
8.413125000000000853e+00,-2.331864667161970273e-02
8.413249999999999673e+00,-2.536053046760033958e-02
8.413375000000000270e+00,-2.741091113393578915e-02
8.413500000000000867e+00,-2.975620858085414877e-02
8.413624999999999687e+00,-3.119843948203471218e-02
8.413750000000000284e+00,-3.367169747567244631e-02
8.413875000000000881e+00,-3.475761370506219583e-02
8.413999999999999702e+00,-3.647714394745460442e-02
8.414125000000000298e+00,-3.739759724188707057e-02
8.414249999999999119e+00,-3.914897258709021388e-02
8.414374999999999716e+00,-4.025794960345152607e-02
8.414500000000000313e+00,-4.113224255141567642e-02
8.414624999999999133e+00,-4.189549658085206518e-02
8.414749999999999730e+00,-4.331085363093561957e-02
8.414875000000000327e+00,-4.375101939003794849e-02
8.414999999999999147e+00,-4.363282624437819779e-02
8.415124999999999744e+00,-4.377854916211271208e-02
8.415250000000000341e+00,-4.417722734885703995e-02
8.415374999999999162e+00,-4.456988610503287429e-02
8.415499999999999758e+00,-4.420632920202455240e-02
8.415625000000000355e+00,-4.448359936674045612e-02
8.415749999999999176e+00,-4.300248329629885458e-02
8.415874999999999773e+00,-4.373945750023511270e-02
8.416000000000000369e+00,-4.453451955556725350e-02
8.416124999999999190e+00,-4.406796281341901489e-02
8.416249999999999787e+00,-4.238978940069593193e-02
8.416375000000000384e+00,-4.227959014663529302e-02
8.416499999999999204e+00,-4.182453151450166162e-02
8.416624999999999801e+00,-4.161540209523284517e-02
8.416750000000000398e+00,-4.021918567635446307e-02
8.416874999999999218e+00,-3.859864132680096427e-02
8.416999999999999815e+00,-3.808759546377299410e-02
8.417125000000000412e+00,-3.754495301063248691e-02
8.417249999999999233e+00,-3.629475145761212884e-02
8.417374999999999829e+00,-3.481219268598095828e-02
8.417500000000000426e+00,-3.513101053505046645e-02
8.417624999999999247e+00,-3.424429607323803415e-02
8.417749999999999844e+00,-3.240599949321271156e-02
8.417875000000000441e+00,-3.114153190484220124e-02
8.417999999999999261e+00,-3.079365925146493321e-02
8.418124999999999858e+00,-2.862953396133138817e-02
8.418250000000000455e+00,-2.769735904550252314e-02
8.418374999999999275e+00,-2.613849616809954535e-02
8.418499999999999872e+00,-2.508659927116629884e-02
8.418625000000000469e+00,-2.344049036768447447e-02
8.418749999999999289e+00,-2.189661202415832397e-02
8.418874999999999886e+00,-2.128531637616482008e-02
8.419000000000000483e+00,-1.882731421610295275e-02
8.419124999999999304e+00,-1.772387506051459338e-02
8.419249999999999901e+00,-1.754449696126503255e-02
8.419375000000000497e+00,-1.540611608243452890e-02
8.419499999999999318e+00,-1.477616910950962925e-02
8.419624999999999915e+00,-1.327599426669462401e-02
8.419750000000000512e+00,-1.192029832627544694e-02
8.419874999999999332e+00,-1.075058135228540435e-02
8.419999999999999929e+00,-9.650508758295039957e-03
8.420125000000000526e+00,-7.677039472976709966e-03
8.420249999999999346e+00,-7.347283014636607490e-03
8.420374999999999943e+00,-5.180749282366114983e-03
8.420500000000000540e+00,-2.634214655174660358e-03
8.420624999999999361e+00,-3.191559772347363211e-03
8.420749999999999957e+00,-2.818285992356339698e-03
8.420875000000000554e+00,-2.036846145591519885e-03
8.420999999999999375e+00,-2.977076959739810569e-04
8.421124999999999972e+00,5.866069183464439618e-04
8.421250000000000568e+00,1.512038005189009215e-03
8.421374999999999389e+00,1.490425036430376160e-03
8.421499999999999986e+00,2.710353155010836179e-03
8.421625000000000583e+00,4.629622966008217766e-03
8.421749999999999403e+00,3.811215097896891724e-03
8.421875000000000000e+00,4.670554845176477787e-03
8.422000000000000597e+00,5.105143071785278597e-03
8.422124999999999417e+00,5.343564368428865841e-03
8.422250000000000014e+00,5.403215824253737587e-03
8.422375000000000611e+00,7.182092167476450406e-03
8.422499999999999432e+00,6.622742313154295069e-03
8.422625000000000028e+00,6.967834061798794387e-03
8.422750000000000625e+00,6.977164615487640997e-03
8.422874999999999446e+00,6.775724864943988290e-03
8.423000000000000043e+00,6.570051162267998013e-03
8.423125000000000639e+00,6.236956768394974482e-03
8.423249999999999460e+00,6.608629865589465968e-03
8.423375000000000057e+00,6.272974255014107658e-03
8.423500000000000654e+00,6.608537121574997730e-03
8.423624999999999474e+00,5.003333389405451026e-03
8.423750000000000071e+00,5.416936412323825056e-03
8.423875000000000668e+00,4.524851042381039523e-03
8.423999999999999488e+00,3.552254132290100230e-03
8.424125000000000085e+00,3.537855044880411359e-03
8.424250000000000682e+00,2.349078555239025867e-03
8.424374999999999503e+00,1.990165493011675224e-03
8.424500000000000099e+00,8.470582394413117555e-04
8.424625000000000696e+00,-3.038257361604457252e-04
8.424749999999999517e+00,-2.557852442828578710e-03
8.424875000000000114e+00,-2.951595056859490640e-03
8.425000000000000711e+00,-3.627930107892085587e-03
8.425124999999999531e+00,-5.281529403917406551e-03
8.425250000000000128e+00,-7.791975032192588468e-03
8.425375000000000725e+00,-1.089587529007934874e-02
8.425499999999999545e+00,-1.391091527017901397e-02
8.425625000000000142e+00,-1.463474243977264111e-02
8.425750000000000739e+00,-1.748828715727573924e-02
8.425874999999999559e+00,-1.896984475845631124e-02
8.426000000000000156e+00,-2.071877595872656519e-02
8.426125000000000753e+00,-2.312262420968891341e-02
8.426249999999999574e+00,-2.405413459307492730e-02
8.426375000000000171e+00,-2.540377342385985449e-02
8.426500000000000767e+00,-2.639421161623184409e-02
8.426624999999999588e+00,-2.710240433172128593e-02
8.426750000000000185e+00,-2.781898351097267241e-02
8.426875000000000782e+00,-2.802224748322407200e-02
8.426999999999999602e+00,-2.856297101413413086e-02
8.427125000000000199e+00,-2.891738320700942833e-02
8.427250000000000796e+00,-2.930135235079744938e-02
8.427374999999999616e+00,-2.908390443610975318e-02
8.427500000000000213e+00,-2.764472921081539969e-02
8.427625000000000810e+00,-2.824895279571393303e-02
8.427749999999999631e+00,-2.701154347753981222e-02
8.427875000000000227e+00,-2.714601871561134194e-02
8.428000000000000824e+00,-2.533568851308976022e-02
8.428124999999999645e+00,-2.460025184842318247e-02
8.428250000000000242e+00,-2.299291951293908065e-02
8.428375000000000838e+00,-2.185630446487635270e-02
8.428499999999999659e+00,-2.147875836510149128e-02
8.428625000000000256e+00,-1.949445675499184016e-02
8.428750000000000853e+00,-1.747210886698136179e-02
8.428874999999999673e+00,-1.665497740201876686e-02
8.429000000000000270e+00,-1.353684265524746078e-02
8.429125000000000867e+00,-1.206730741590628098e-02
8.429249999999999687e+00,-1.074509756504993252e-02
8.429375000000000284e+00,-8.829317919093915279e-03
8.429500000000000881e+00,-6.288233735570525340e-03
8.429624999999999702e+00,-4.896110445371304465e-03
8.429750000000000298e+00,-2.108339837060324573e-03
8.429874999999999119e+00,6.451088912995395219e-05
8.429999999999999716e+00,2.638964505122076698e-03
8.430125000000000313e+00,4.114452216767650050e-03
8.430249999999999133e+00,6.893893471453305111e-03
8.430374999999999730e+00,9.144105722452167129e-03
8.430500000000000327e+00,1.116561376940874983e-02
8.430624999999999147e+00,1.399079172761541479e-02
8.430749999999999744e+00,1.640403313727772927e-02
8.430875000000000341e+00,1.867658560687096569e-02
8.430999999999999162e+00,1.943624889521619603e-02
8.431124999999999758e+00,2.258858692051149419e-02
8.431250000000000355e+00,2.420551957592048664e-02
8.431374999999999176e+00,2.620560292583506978e-02
8.431499999999999773e+00,2.921994174439387915e-02
8.431625000000000369e+00,3.057407533524725274e-02
8.431749999999999190e+00,3.293634203311482378e-02
8.431874999999999787e+00,3.461922956795457362e-02
8.432000000000000384e+00,3.538459032143215222e-02
8.432124999999999204e+00,3.851404082819395724e-02
8.432249999999999801e+00,3.944969574672541057e-02
8.432375000000000398e+00,4.090961314703170371e-02
8.432499999999999218e+00,4.130827393599786901e-02
8.432624999999999815e+00,4.392772247864012991e-02
8.432750000000000412e+00,4.504791519871492733e-02
8.432874999999999233e+00,4.580688468808413738e-02
8.432999999999999829e+00,4.814378553616280310e-02
8.433125000000000426e+00,4.814330368260263948e-02
8.433249999999999247e+00,4.936789992164902774e-02
8.433374999999999844e+00,4.883508381711806901e-02
8.433500000000000441e+00,4.934304328923011518e-02
8.433624999999999261e+00,4.997819101040137935e-02
8.433749999999999858e+00,5.162065545702215763e-02
8.433875000000000455e+00,5.100521563798360303e-02
8.433999999999999275e+00,5.049709822619113941e-02
8.434124999999999872e+00,5.143750276680675304e-02
8.434250000000000469e+00,5.053391857082759064e-02
8.434374999999999289e+00,5.072773065908278700e-02
8.434499999999999886e+00,4.995658196431729259e-02
8.434625000000000483e+00,4.942713165762913086e-02
8.434749999999999304e+00,4.839340628740840256e-02
8.434874999999999901e+00,4.759763662210567126e-02
8.435000000000000497e+00,4.776772988198144110e-02
8.435124999999999318e+00,4.613814696688101069e-02
8.435249999999999915e+00,4.388930758415021671e-02
8.435375000000000512e+00,4.335252939964870378e-02
8.435499999999999332e+00,4.141061199781717606e-02
8.435624999999999929e+00,3.932621757472332114e-02
8.435750000000000526e+00,3.750325251180861019e-02
8.435874999999999346e+00,3.582546459124838489e-02
8.435999999999999943e+00,3.334359817262411152e-02
8.436125000000000540e+00,3.131916243642607345e-02
8.436249999999999361e+00,2.894772228424061233e-02
8.436374999999999957e+00,2.553587106005764107e-02
8.436500000000000554e+00,2.368186759214530035e-02
8.436624999999999375e+00,2.105125360009435509e-02
8.436749999999999972e+00,1.800196885044888506e-02
8.436875000000000568e+00,1.452302510998065843e-02
8.436999999999999389e+00,1.230022937433508656e-02
8.437124999999999986e+00,8.729756862131038408e-03
8.437250000000000583e+00,4.929461341430851906e-03
8.437374999999999403e+00,1.727376211253350835e-03
8.437500000000000000e+00,-1.828458335079108377e-03
8.437625000000000597e+00,-5.456957703785708658e-03
8.437749999999999417e+00,-8.284416378391862290e-03
8.437875000000000014e+00,-9.614953333467374241e-03
8.438000000000000611e+00,-1.015465154088512900e-02
8.438124999999999432e+00,-1.187834214404132060e-02
8.438250000000000028e+00,-1.258267247251065868e-02
8.438375000000000625e+00,-1.422904378175596229e-02
8.438499999999999446e+00,-1.483595016637778707e-02
8.438625000000000043e+00,-1.461301609968221338e-02
8.438750000000000639e+00,-1.584344982999985607e-02
8.438874999999999460e+00,-1.665474376076864216e-02
8.439000000000000057e+00,-1.686217074383583592e-02
8.439125000000000654e+00,-1.744525568503491053e-02
8.439249999999999474e+00,-1.811223259461658408e-02
8.439375000000000071e+00,-1.825446130547170309e-02
8.439500000000000668e+00,-1.814672755819690675e-02
8.439624999999999488e+00,-1.875024730261698469e-02
8.439750000000000085e+00,-1.727125214999769565e-02
8.439875000000000682e+00,-1.790409643669860218e-02
8.439999999999999503e+00,-1.783895756049863612e-02
8.440125000000000099e+00,-1.807603607335911411e-02
8.440250000000000696e+00,-1.766848770705820026e-02
8.440374999999999517e+00,-1.698486410437644034e-02
8.440500000000000114e+00,-1.506100511111441165e-02
8.440625000000000711e+00,-1.579632388529167430e-02
8.440749999999999531e+00,-1.445276686223234686e-02
8.440875000000000128e+00,-1.298298857108448612e-02
8.441000000000000725e+00,-1.257756057972758690e-02
8.441124999999999545e+00,-1.214237126044220849e-02
8.441250000000000142e+00,-1.017913705630613119e-02
8.441375000000000739e+00,-9.555489735970645881e-03
8.441499999999999559e+00,-8.179654585558415736e-03
8.441625000000000156e+00,-7.084464323125760910e-03
8.441750000000000753e+00,-5.695104663383521171e-03
8.441874999999999574e+00,-4.654269001978406095e-03
8.442000000000000171e+00,-3.384680928480543471e-03
8.442125000000000767e+00,-2.624687299114913941e-03
8.442249999999999588e+00,-1.132382412147303619e-04
8.442375000000000185e+00,7.988836911161922849e-04
8.442500000000000782e+00,2.578205867617755498e-03
8.442624999999999602e+00,5.088983919009859580e-03
8.442750000000000199e+00,5.672170096948370155e-03
8.442875000000000796e+00,8.426085205780142751e-03
8.442999999999999616e+00,9.541382285685073850e-03
8.443125000000000213e+00,1.079492744119048275e-02
8.443250000000000810e+00,1.323089900640939121e-02
8.443374999999999631e+00,1.375653317726999170e-02
8.443500000000000227e+00,1.618100823028406632e-02
8.443625000000000824e+00,1.835403375545491267e-02
8.443749999999999645e+00,1.996014443660326654e-02
8.443875000000000242e+00,2.195874512054479810e-02
8.444000000000000838e+00,2.390805210223023725e-02
8.444124999999999659e+00,2.625263614253298128e-02
8.444250000000000256e+00,2.795067171581033794e-02
8.444375000000000853e+00,2.924825962982008365e-02
8.444499999999999673e+00,3.067947105832480315e-02
8.444625000000000270e+00,3.241984486515819830e-02
8.444750000000000867e+00,3.498585535361692367e-02
8.444874999999999687e+00,3.663761114954050546e-02
8.445000000000000284e+00,3.830807657280627110e-02
8.445125000000000881e+00,4.037038824860766928e-02
8.445249999999999702e+00,4.212197844737625152e-02
8.445375000000000298e+00,4.297027629773741975e-02
8.445499999999999119e+00,4.526453762641746703e-02
8.445624999999999716e+00,4.639523946885754091e-02
8.445750000000000313e+00,4.790045293173655905e-02
8.445874999999999133e+00,4.933727691920930525e-02
8.445999999999999730e+00,5.088338071292380915e-02
8.446125000000000327e+00,5.251891440849981718e-02
8.446249999999999147e+00,5.357507161054991807e-02
8.446374999999999744e+00,5.507581166295028030e-02
8.446500000000000341e+00,5.650448818577369359e-02
8.446624999999999162e+00,5.802973485945672749e-02
8.446749999999999758e+00,5.905126784476111279e-02
8.446875000000000355e+00,5.992835494725046175e-02
8.446999999999999176e+00,6.059953679489715750e-02
8.447124999999999773e+00,6.163477625548113847e-02
8.447250000000000369e+00,6.363794358589219824e-02
8.447374999999999190e+00,6.359309113671979263e-02
8.447499999999999787e+00,6.452656579127141745e-02
8.447625000000000384e+00,6.493068615103453345e-02
8.447749999999999204e+00,6.506743087931970981e-02
8.447874999999999801e+00,6.583811193721078592e-02
8.448000000000000398e+00,6.661127779712389119e-02
8.448124999999999218e+00,6.652976293076573455e-02
8.448249999999999815e+00,6.685670751778688414e-02
8.448375000000000412e+00,6.610705464372335083e-02
8.448499999999999233e+00,6.692512645195863863e-02
8.448624999999999829e+00,6.811111175133061080e-02
8.448750000000000426e+00,6.672976022906662585e-02
8.448874999999999247e+00,6.610828658296469262e-02
8.448999999999999844e+00,6.569803560056886038e-02
8.449125000000000441e+00,6.567655409126565980e-02
8.449249999999999261e+00,6.523422832628228418e-02
8.449374999999999858e+00,6.401261268155539197e-02
8.449500000000000455e+00,6.351696086358121773e-02
8.449624999999999275e+00,6.281611530933300935e-02
8.449749999999999872e+00,6.151614013038814166e-02
8.449875000000000469e+00,6.039644554062667536e-02
8.449999999999999289e+00,5.835613907961384461e-02
8.450124999999999886e+00,5.750983081903726646e-02
8.450250000000000483e+00,5.391576445681056651e-02
8.450374999999999304e+00,4.870390186789747000e-02
8.450499999999999901e+00,4.550465039660850364e-02
8.450625000000000497e+00,4.019336876201329289e-02
8.450749999999999318e+00,3.640221812676092128e-02
8.450874999999999915e+00,3.227198233509070979e-02
8.451000000000000512e+00,2.858669778599876032e-02
8.451124999999999332e+00,2.448914278985031556e-02
8.451249999999999929e+00,2.133158740651747154e-02
8.451375000000000526e+00,1.771795852097618473e-02
8.451499999999999346e+00,1.489787566602318591e-02
8.451624999999999943e+00,1.132560440407465174e-02
8.451750000000000540e+00,8.173922106473940907e-03
8.451874999999999361e+00,6.256275363717700433e-03
8.451999999999999957e+00,4.013567428964359696e-03
8.452125000000000554e+00,2.140554148339857132e-03
8.452249999999999375e+00,-7.458787145027678811e-04
8.452374999999999972e+00,-2.624434875903525199e-03
8.452500000000000568e+00,-3.647543818437903873e-03
8.452624999999999389e+00,-5.848664360926458805e-03
8.452749999999999986e+00,-6.836129514829258902e-03
8.452875000000000583e+00,-7.626712015068204398e-03
8.452999999999999403e+00,-8.648490063721980814e-03
8.453125000000000000e+00,-9.512413490743665268e-03
8.453250000000000597e+00,-1.011188588573058711e-02
8.453374999999999417e+00,-1.065139491715444420e-02
8.453500000000000014e+00,-1.048246573390321235e-02
8.453625000000000611e+00,-1.080203728744150160e-02
8.453749999999999432e+00,-1.121883891239672248e-02
8.453875000000000028e+00,-1.028558170586135745e-02
8.454000000000000625e+00,-1.040143810304539063e-02
8.454124999999999446e+00,-9.537868183613795736e-03
8.454250000000000043e+00,-8.607963316490996331e-03
8.454375000000000639e+00,-8.770338572831992696e-03
8.454499999999999460e+00,-7.709153102468946361e-03
8.454625000000000057e+00,-6.751713292341365857e-03
8.454750000000000654e+00,-6.053251197985276555e-03
8.454874999999999474e+00,-4.632028847731173293e-03
8.455000000000000071e+00,-3.774871797677548102e-03
8.455125000000000668e+00,-2.877484339818658921e-03
8.455249999999999488e+00,-1.518505355593613437e-03
8.455375000000000085e+00,-1.782224534097598401e-04
8.455500000000000682e+00,1.040830477342491456e-03
8.455624999999999503e+00,1.623632873528735310e-03
8.455750000000000099e+00,3.129090089443842260e-03
8.455875000000000696e+00,3.914231397948830793e-03
8.455999999999999517e+00,5.987588553997058582e-03
8.456125000000000114e+00,7.030905660580732963e-03
8.456250000000000711e+00,8.753079332809665658e-03
8.456374999999999531e+00,9.889356107876168256e-03
8.456500000000000128e+00,1.136561473942532263e-02
8.456625000000000725e+00,1.315122417184000359e-02
8.456749999999999545e+00,1.335072472319237535e-02
8.456875000000000142e+00,1.507244325855816580e-02
8.457000000000000739e+00,1.576286905070301003e-02
8.457124999999999559e+00,1.700365530354719379e-02
8.457250000000000156e+00,1.850515154841159138e-02
8.457375000000000753e+00,2.008203136967362523e-02
8.457499999999999574e+00,1.962510253356064549e-02
8.457625000000000171e+00,1.977641987551215230e-02
8.457750000000000767e+00,2.043075853945705567e-02
8.457874999999999588e+00,2.097771019792299407e-02
8.458000000000000185e+00,2.171124650290226499e-02
8.458125000000000782e+00,2.292413958436162469e-02
8.458249999999999602e+00,2.198188674966847223e-02
8.458375000000000199e+00,2.182312551539516976e-02
8.458500000000000796e+00,2.219164298767623000e-02
8.458624999999999616e+00,2.105875201580065248e-02
8.458750000000000213e+00,2.120162758820520743e-02
8.458875000000000810e+00,1.989814506711187758e-02
8.458999999999999631e+00,1.890155506107396577e-02
8.459125000000000227e+00,1.764843255302392389e-02
8.459250000000000824e+00,1.657221319039911545e-02
8.459374999999999645e+00,1.653018264211256194e-02
8.459500000000000242e+00,1.457958260829075869e-02
8.459625000000000838e+00,1.283888234360486269e-02
8.459749999999999659e+00,1.060867470674109470e-02
8.459875000000000256e+00,8.561008034943085043e-03
8.460000000000000853e+00,6.840306258984324428e-03
8.460124999999999673e+00,3.668109604512442834e-03
8.460250000000000270e+00,1.281324670099781571e-03
8.460375000000000867e+00,-1.995027943362898126e-03
8.460499999999999687e+00,-4.449632733482727920e-03
8.460625000000000284e+00,-7.775748410904670394e-03
8.460750000000000881e+00,-1.087980975324057131e-02
8.460874999999999702e+00,-1.505434052998869121e-02
8.461000000000000298e+00,-1.811775532604817385e-02
8.461124999999999119e+00,-2.212086508386831851e-02
8.461249999999999716e+00,-2.701193533976287142e-02
8.461375000000000313e+00,-3.089599216496152767e-02
8.461499999999999133e+00,-3.593816482520276190e-02
8.461624999999999730e+00,-4.004640415185750646e-02
8.461750000000000327e+00,-4.410521569575814871e-02
8.461874999999999147e+00,-5.005662113948741720e-02
8.461999999999999744e+00,-5.537519651528374776e-02
8.462125000000000341e+00,-6.012890681505589363e-02
8.462249999999999162e+00,-6.607983315116158773e-02
8.462374999999999758e+00,-7.176827259347495769e-02
8.462500000000000355e+00,-7.814854203228016605e-02
8.462624999999999176e+00,-8.394643140387419988e-02
8.462749999999999773e+00,-8.659048283149320402e-02
8.462875000000000369e+00,-8.760966796135852275e-02
8.462999999999999190e+00,-8.928989912778295679e-02
8.463124999999999787e+00,-8.907335103116464925e-02
8.463250000000000384e+00,-9.047731656987173521e-02
8.463374999999999204e+00,-9.228689929902930689e-02
8.463499999999999801e+00,-9.202677118524443811e-02
8.463625000000000398e+00,-9.290565166648892537e-02
8.463749999999999218e+00,-9.296084964721354482e-02
8.463874999999999815e+00,-9.339471103894222970e-02
8.464000000000000412e+00,-9.383803613677690891e-02
8.464124999999999233e+00,-9.390688324894347350e-02
8.464249999999999829e+00,-9.475205904288858116e-02
8.464375000000000426e+00,-9.474760481943889090e-02
8.464499999999999247e+00,-9.377271102539277980e-02
8.464624999999999844e+00,-9.430064923808667565e-02
8.464750000000000441e+00,-9.376585301782550119e-02
8.464874999999999261e+00,-9.370575685343671135e-02
8.464999999999999858e+00,-9.299106415981400753e-02
8.465125000000000455e+00,-9.365513123448959698e-02
8.465249999999999275e+00,-9.278485979354667013e-02
8.465374999999999872e+00,-9.153270978003130720e-02
8.465500000000000469e+00,-9.090508283485262964e-02
8.465624999999999289e+00,-9.066511491087450580e-02
8.465749999999999886e+00,-8.957126431421441604e-02
8.465875000000000483e+00,-8.817111970825147749e-02
8.465999999999999304e+00,-8.696630967977220239e-02
8.466124999999999901e+00,-8.643951808168337525e-02
8.466250000000000497e+00,-8.567651453185076704e-02
8.466374999999999318e+00,-8.366394120368980669e-02
8.466499999999999915e+00,-8.255464898578351862e-02
8.466625000000000512e+00,-8.171708389869830613e-02
8.466749999999999332e+00,-8.058073317822106452e-02
8.466874999999999929e+00,-7.892765736390383591e-02
8.467000000000000526e+00,-7.753874948378136622e-02
8.467124999999999346e+00,-7.478889895685303379e-02
8.467249999999999943e+00,-7.472746946620523190e-02
8.467375000000000540e+00,-7.158581993495538587e-02
8.467499999999999361e+00,-7.053274744925136508e-02
8.467624999999999957e+00,-6.835837121789212212e-02
8.467750000000000554e+00,-6.685055504731191034e-02
8.467874999999999375e+00,-6.453448628875785298e-02
8.467999999999999972e+00,-6.326739983578677506e-02
8.468125000000000568e+00,-6.060162436332505731e-02
8.468249999999999389e+00,-5.895345516396421903e-02
8.468374999999999986e+00,-5.609862419292771518e-02
8.468500000000000583e+00,-5.497255345659268766e-02
8.468624999999999403e+00,-5.246040020589226582e-02
8.468750000000000000e+00,-5.058407120849484073e-02
8.468875000000000597e+00,-4.748688663934219623e-02
8.468999999999999417e+00,-4.544311067426826112e-02
8.469125000000000014e+00,-4.384430054911070407e-02
8.469250000000000611e+00,-4.148148414777413917e-02
8.469374999999999432e+00,-3.902904809998142266e-02
8.469500000000000028e+00,-3.672578898336797959e-02
8.469625000000000625e+00,-3.503057778493978702e-02
8.469749999999999446e+00,-3.246259545730806328e-02
8.469875000000000043e+00,-3.000481681872646522e-02
8.470000000000000639e+00,-2.822114897863481353e-02
8.470124999999999460e+00,-2.469182189146446049e-02
8.470250000000000057e+00,-2.271078219522215669e-02
8.470375000000000654e+00,-2.080649292836928010e-02
8.470499999999999474e+00,-1.813529843175176737e-02
8.470625000000000071e+00,-1.563421799028619219e-02
8.470750000000000668e+00,-1.416891752242871449e-02
8.470874999999999488e+00,-1.146915174584156594e-02
8.471000000000000085e+00,-8.880107137279158458e-03
8.471125000000000682e+00,-7.665402309352531418e-03
8.471249999999999503e+00,-4.705460664909011381e-03
8.471375000000000099e+00,-2.263397496490127114e-03
8.471500000000000696e+00,-4.187433702840248628e-04
8.471624999999999517e+00,1.333957022704113093e-03
8.471750000000000114e+00,3.242737060677403083e-03
8.471875000000000711e+00,4.974453303364878565e-03
8.471999999999999531e+00,7.248060984305859655e-03
8.472125000000000128e+00,9.353721658209523948e-03
8.472250000000000725e+00,1.100203969294755169e-02
8.472374999999999545e+00,1.251002546250501446e-02
8.472500000000000142e+00,1.398657248263962538e-02
8.472625000000000739e+00,1.575865549008570454e-02
8.472749999999999559e+00,1.855793190665788739e-02
8.472875000000000156e+00,1.982523097694993686e-02
8.473000000000000753e+00,2.074542315397376324e-02
8.473124999999999574e+00,2.229994835858084556e-02
8.473250000000000171e+00,2.324524095302993310e-02
8.473375000000000767e+00,2.489974283962748114e-02
8.473499999999999588e+00,2.678071316787400402e-02
8.473625000000000185e+00,2.716355480821852630e-02
8.473750000000000782e+00,2.831767945465185621e-02
8.473874999999999602e+00,2.875201701360946549e-02
8.474000000000000199e+00,3.041778347931167747e-02
8.474125000000000796e+00,3.100231897023375538e-02
8.474249999999999616e+00,3.192992822379664419e-02
8.474375000000000213e+00,3.252964089599597042e-02
8.474500000000000810e+00,3.289956490439893688e-02
8.474624999999999631e+00,3.372441406208492864e-02
8.474750000000000227e+00,3.449952282012141991e-02
8.474875000000000824e+00,3.468397183122029492e-02
8.474999999999999645e+00,3.483823131241009508e-02
8.475125000000000242e+00,3.480336732217698126e-02
8.475250000000000838e+00,3.390125535122845424e-02
8.475374999999999659e+00,3.157653430345336298e-02
8.475500000000000256e+00,3.062025025004067036e-02
8.475625000000000853e+00,2.846029867687649428e-02
8.475749999999999673e+00,2.650672657495295459e-02
8.475875000000000270e+00,2.382246339088733844e-02
8.476000000000000867e+00,2.354180740599137733e-02
8.476124999999999687e+00,2.228520318851645587e-02
8.476250000000000284e+00,1.974535565954799177e-02
8.476375000000000881e+00,1.983399989502254712e-02
8.476499999999999702e+00,1.901193649273369424e-02
8.476625000000000298e+00,1.918553710687792568e-02
8.476749999999999119e+00,1.684720672487682869e-02
8.476874999999999716e+00,1.675653631940310362e-02
8.477000000000000313e+00,1.592388977335362776e-02
8.477124999999999133e+00,1.580451551175671154e-02
8.477249999999999730e+00,1.620090685553582377e-02
8.477375000000000327e+00,1.568447072420775523e-02
8.477499999999999147e+00,1.531101550554797575e-02
8.477624999999999744e+00,1.548411563034179927e-02
8.477750000000000341e+00,1.604662696451952808e-02
8.477874999999999162e+00,1.626449318976869174e-02
8.477999999999999758e+00,1.660987954599035810e-02
8.478125000000000355e+00,1.723513061301024107e-02
8.478249999999999176e+00,1.855809461383828296e-02
8.478374999999999773e+00,1.804460413791758588e-02
8.478500000000000369e+00,1.985793914511646552e-02
8.478624999999999190e+00,2.127875141068302778e-02
8.478749999999999787e+00,2.047280828490755100e-02
8.478875000000000384e+00,2.194333198940540131e-02
8.478999999999999204e+00,2.302314412729844495e-02
8.479124999999999801e+00,2.475195633532295547e-02
8.479250000000000398e+00,2.521240554175846471e-02
8.479374999999999218e+00,2.751790755081440221e-02
8.479499999999999815e+00,2.867754522539572859e-02
8.479625000000000412e+00,2.980320549763104676e-02
8.479749999999999233e+00,3.041474063355537050e-02
8.479874999999999829e+00,3.233194150926954613e-02
8.480000000000000426e+00,3.388953880704903554e-02
8.480124999999999247e+00,3.480411423284623940e-02
8.480249999999999844e+00,3.578242119880720162e-02
8.480375000000000441e+00,3.870358547412944272e-02
8.480499999999999261e+00,3.961621303819345963e-02
8.480624999999999858e+00,4.146017401131985025e-02
8.480750000000000455e+00,4.261988718106757279e-02
8.480874999999999275e+00,4.467490277662033993e-02
8.480999999999999872e+00,4.687257965307423113e-02
8.481125000000000469e+00,4.809855418256386850e-02
8.481249999999999289e+00,4.954973293881026475e-02
8.481374999999999886e+00,5.145766468520263093e-02
8.481500000000000483e+00,5.218223116208564605e-02
8.481624999999999304e+00,5.310639479842660382e-02
8.481749999999999901e+00,5.475194024554930206e-02
8.481875000000000497e+00,5.677992660827435589e-02
8.481999999999999318e+00,5.744618026712028369e-02
8.482124999999999915e+00,5.957880128476117365e-02
8.482250000000000512e+00,6.133912955601883432e-02
8.482374999999999332e+00,6.171425595707275003e-02
8.482499999999999929e+00,6.349236846035899440e-02
8.482625000000000526e+00,6.406593773006780124e-02
8.482749999999999346e+00,6.624219164857930719e-02
8.482874999999999943e+00,6.737274532875803246e-02
8.483000000000000540e+00,6.812714771671185554e-02
8.483124999999999361e+00,6.868956624474542583e-02
8.483249999999999957e+00,6.923307795290878364e-02
8.483375000000000554e+00,7.020118774380695870e-02
8.483499999999999375e+00,7.098027378196841708e-02
8.483624999999999972e+00,7.195740935988637066e-02
8.483750000000000568e+00,7.269465786576173594e-02
8.483874999999999389e+00,7.228550621592305658e-02
8.483999999999999986e+00,7.297128710339720326e-02
8.484125000000000583e+00,7.347326725215150289e-02
8.484249999999999403e+00,7.389166044576048198e-02
8.484375000000000000e+00,7.366708794320864229e-02
8.484500000000000597e+00,7.420354107486257234e-02
8.484624999999999417e+00,7.418141442403708430e-02
8.484750000000000014e+00,7.386465012918716488e-02
8.484875000000000611e+00,7.369840970040833494e-02
8.484999999999999432e+00,7.300285020199034913e-02
8.485125000000000028e+00,7.296337019851156791e-02
8.485250000000000625e+00,7.190491151792352542e-02
8.485374999999999446e+00,7.154017183036037730e-02
8.485500000000000043e+00,7.112300392629827828e-02
8.485625000000000639e+00,7.054992759400283142e-02
8.485749999999999460e+00,6.876568468961713476e-02
8.485875000000000057e+00,6.717094816681956626e-02
8.486000000000000654e+00,6.662767191054977389e-02
8.486124999999999474e+00,6.528241004749665843e-02
8.486250000000000071e+00,6.367423575965358573e-02
8.486375000000000668e+00,6.238607515516864099e-02
8.486499999999999488e+00,6.102452935415611512e-02
8.486625000000000085e+00,5.788791746584293074e-02
8.486750000000000682e+00,5.728730957376851340e-02
8.486874999999999503e+00,5.516973488723461716e-02
8.487000000000000099e+00,5.418556849670524977e-02
8.487125000000000696e+00,5.080675515331761760e-02
8.487249999999999517e+00,4.861481731809669249e-02
8.487375000000000114e+00,4.691323254285548194e-02
8.487500000000000711e+00,4.346199866964142733e-02
8.487624999999999531e+00,4.089761416328704935e-02
8.487750000000000128e+00,3.938845141403468642e-02
8.487875000000000725e+00,3.800054282962611607e-02
8.487999999999999545e+00,3.623926308182007228e-02
8.488125000000000142e+00,3.579618510970358769e-02
8.488250000000000739e+00,3.397419456247857683e-02
8.488374999999999559e+00,3.289530677518345825e-02
8.488500000000000156e+00,3.197149844587665601e-02
8.488625000000000753e+00,3.155342118266188378e-02
8.488749999999999574e+00,2.988493150296592238e-02
8.488875000000000171e+00,2.888123380851292943e-02
8.489000000000000767e+00,2.790143772196707062e-02
8.489124999999999588e+00,2.767590495891419922e-02
8.489250000000000185e+00,2.719547439112565690e-02
8.489375000000000782e+00,2.661854627620144353e-02
8.489499999999999602e+00,2.620959733788708057e-02
8.489625000000000199e+00,2.613495885504307781e-02
8.489750000000000796e+00,2.547128706007470433e-02
8.489874999999999616e+00,2.568910838606244806e-02
8.490000000000000213e+00,2.495528516941689090e-02
8.490125000000000810e+00,2.398572635555182297e-02
8.490249999999999631e+00,2.444348451690858681e-02
8.490375000000000227e+00,2.481633738779445708e-02
8.490500000000000824e+00,2.522741877747647354e-02
8.490624999999999645e+00,2.530088943264238721e-02
8.490750000000000242e+00,2.497564581459610356e-02
8.490875000000000838e+00,2.486089384237327726e-02
8.490999999999999659e+00,2.594312594483003109e-02
8.491125000000000256e+00,2.583534412485863352e-02
8.491250000000000853e+00,2.614889888871038681e-02
8.491374999999999673e+00,2.734909410840491439e-02
8.491500000000000270e+00,2.733803446217464295e-02
8.491625000000000867e+00,2.793321154170438914e-02
8.491749999999999687e+00,2.857730777409361878e-02
8.491875000000000284e+00,2.879711272123697263e-02
8.492000000000000881e+00,3.053125011726476323e-02
8.492124999999999702e+00,3.061194386578056092e-02
8.492250000000000298e+00,3.199722145150557528e-02
8.492374999999999119e+00,3.211519374961832596e-02
8.492499999999999716e+00,3.322088996873578948e-02
8.492625000000000313e+00,3.391069855140396716e-02
8.492749999999999133e+00,3.520535022697374172e-02
8.492874999999999730e+00,3.595717931994843464e-02
8.493000000000000327e+00,3.643565965900710801e-02
8.493124999999999147e+00,3.782109356213481099e-02
8.493249999999999744e+00,3.966083516303353651e-02
8.493375000000000341e+00,3.980093906355705591e-02
8.493499999999999162e+00,4.117092967480950882e-02
8.493624999999999758e+00,4.206184350370145708e-02
8.493750000000000355e+00,4.329300284959877732e-02
8.493874999999999176e+00,4.421372545265481180e-02
8.493999999999999773e+00,4.507542208131792849e-02
8.494125000000000369e+00,4.678476151977400965e-02
8.494249999999999190e+00,4.720498799944644608e-02
8.494374999999999787e+00,4.868337014128695794e-02
8.494500000000000384e+00,4.890256338004020376e-02
8.494624999999999204e+00,5.049275631296790134e-02
8.494749999999999801e+00,5.169847418831094443e-02
8.494875000000000398e+00,5.198928629863913686e-02
8.494999999999999218e+00,5.291954218153357981e-02
8.495124999999999815e+00,5.356044716357807878e-02
8.495250000000000412e+00,5.601428220605472741e-02
8.495374999999999233e+00,5.608122553321207016e-02
8.495499999999999829e+00,5.578023556147987394e-02
8.495625000000000426e+00,5.631315144336918044e-02
8.495749999999999247e+00,5.763912920942063089e-02
8.495874999999999844e+00,5.825935787107475172e-02
8.496000000000000441e+00,5.893101797424546429e-02
8.496124999999999261e+00,5.899055271793141042e-02
8.496249999999999858e+00,6.038736953545445485e-02
8.496375000000000455e+00,6.048683513845828918e-02
8.496499999999999275e+00,6.093327485435262592e-02
8.496624999999999872e+00,6.131169103332240189e-02
8.496750000000000469e+00,6.141917908033817097e-02
8.496874999999999289e+00,6.107388417244985490e-02
8.496999999999999886e+00,6.147951439896801040e-02
8.497125000000000483e+00,6.231466025908483086e-02
8.497249999999999304e+00,6.125375304020289069e-02
8.497374999999999901e+00,6.085020518632722197e-02
8.497500000000000497e+00,5.952607358250844305e-02
8.497624999999999318e+00,6.076560505392492040e-02
8.497749999999999915e+00,5.953522367158686768e-02
8.497875000000000512e+00,5.839129769796025382e-02
8.497999999999999332e+00,5.795678581875629565e-02
8.498124999999999929e+00,5.809742909337312078e-02
8.498250000000000526e+00,5.579676056147109264e-02
8.498374999999999346e+00,5.486283076392589608e-02
8.498499999999999943e+00,5.343503256745163466e-02
8.498625000000000540e+00,5.211636788786377927e-02
8.498749999999999361e+00,5.089954001656210592e-02
8.498874999999999957e+00,4.848682426920875033e-02
8.499000000000000554e+00,4.779880991393009593e-02
8.499124999999999375e+00,4.548647721630455498e-02
8.499249999999999972e+00,4.328512205166046289e-02
8.499375000000000568e+00,4.072720435528687233e-02
8.499499999999999389e+00,3.834621923561443158e-02
8.499624999999999986e+00,3.619269185940099387e-02
8.499750000000000583e+00,3.335452097694602269e-02
8.499874999999999403e+00,3.178690551005358689e-02
8.500000000000000000e+00,2.807415773420390837e-02
8.500125000000000597e+00,4.060965681967898533e-02
8.500249999999999417e+00,3.544291339995747636e-02
8.500375000000000014e+00,3.029684693994011413e-02
8.500500000000000611e+00,2.757328540823233975e-02
8.500624999999999432e+00,2.076194410924803169e-02
8.500750000000000028e+00,1.815517019237733454e-02
8.500875000000000625e+00,1.165998716397609325e-02
8.500999999999999446e+00,8.725566423558650531e-03
8.501125000000000043e+00,4.798579349135134731e-03
8.501250000000000639e+00,-2.239526763255339503e-03
8.501374999999999460e+00,-4.314875299398335251e-03
8.501500000000000057e+00,-9.101464093210109851e-03
8.501625000000000654e+00,-1.150224624896295511e-02
8.501749999999999474e+00,-1.654262332944611558e-02
8.501875000000000071e+00,-2.117086087350672496e-02
8.502000000000000668e+00,-2.452572105876066333e-02
8.502124999999999488e+00,-3.008834482296390833e-02
8.502250000000000085e+00,-3.316497628767434147e-02
8.502375000000000682e+00,-3.812683642169256704e-02
8.502499999999999503e+00,-4.228453210872512580e-02
8.502625000000000099e+00,-4.708098067083227312e-02
8.502750000000000696e+00,-5.325867677872447858e-02
8.502874999999999517e+00,-5.921015563664433490e-02
8.503000000000000114e+00,-6.321390786486996705e-02
8.503125000000000711e+00,-6.883015861506491806e-02
8.503249999999999531e+00,-7.463321506480657952e-02
8.503375000000000128e+00,-8.143606495239064103e-02
8.503500000000000725e+00,-8.862777766484436492e-02
8.503624999999999545e+00,-9.523326686642619165e-02
8.503750000000000142e+00,-1.037310109065693320e-01
8.503875000000000739e+00,-1.110915320828657626e-01
8.503999999999999559e+00,-1.205982667544979181e-01
8.504125000000000156e+00,-1.304180904256808660e-01
8.504250000000000753e+00,-1.392445077307006285e-01
8.504374999999999574e+00,-1.476999731536944305e-01
8.504500000000000171e+00,-1.572620761826744040e-01
8.504625000000000767e+00,-1.684520105601092776e-01
8.504749999999999588e+00,-1.772005919781586281e-01
8.504875000000000185e+00,-1.861169854258519218e-01
8.505000000000000782e+00,-1.935519300983044033e-01
8.505124999999999602e+00,-1.985342856110184906e-01
8.505250000000000199e+00,-2.047938581773308675e-01
8.505375000000000796e+00,-2.046358385239047117e-01
8.505499999999999616e+00,-2.035662767982271415e-01
8.505625000000000213e+00,-2.004852736099801969e-01
8.505750000000000810e+00,-1.963180128929611357e-01
8.505874999999999631e+00,-1.878039573204606238e-01
8.506000000000000227e+00,-1.800470121327064632e-01
8.506125000000000824e+00,-1.707733630949513359e-01
8.506249999999999645e+00,-1.605761820458974087e-01
8.506375000000000242e+00,-1.500481431800039789e-01
8.506500000000000838e+00,-1.397062852089062668e-01
8.506624999999999659e+00,-1.306451350847164794e-01
8.506750000000000256e+00,-1.201944833934496248e-01
8.506875000000000853e+00,-1.119646081206531196e-01
8.506999999999999673e+00,-1.027891314048614557e-01
8.507125000000000270e+00,-9.317773251212413399e-02
8.507250000000000867e+00,-8.651453485320625969e-02
8.507374999999999687e+00,-7.796579531130831686e-02
8.507500000000000284e+00,-7.166337304607373060e-02
8.507625000000000881e+00,-6.385443626858483546e-02
8.507749999999999702e+00,-5.864576111693309279e-02
8.507875000000000298e+00,-5.217502232904752679e-02
8.507999999999999119e+00,-4.908094091813181015e-02
8.508124999999999716e+00,-4.309686236082987953e-02
8.508250000000000313e+00,-3.963267235533995958e-02
8.508374999999999133e+00,-3.497272404152934611e-02
8.508499999999999730e+00,-3.043960217827346160e-02
8.508625000000000327e+00,-2.828122169128072239e-02
8.508749999999999147e+00,-2.336545647085064292e-02
8.508874999999999744e+00,-2.081221106281128108e-02
8.509000000000000341e+00,-1.979201393858281977e-02
8.509124999999999162e+00,-1.756903576614338158e-02
8.509249999999999758e+00,-1.582370485547818229e-02
8.509375000000000355e+00,-1.447838998584632941e-02
8.509499999999999176e+00,-1.204179134308092092e-02
8.509624999999999773e+00,-1.232393179389218441e-02
8.509750000000000369e+00,-1.103649668402267858e-02
8.509874999999999190e+00,-8.399702040605583342e-03
8.509999999999999787e+00,-9.394911212388279420e-03
8.510125000000000384e+00,-8.496544840994602055e-03
8.510249999999999204e+00,-7.547916515946218041e-03
8.510374999999999801e+00,-4.534205156604242948e-03
8.510500000000000398e+00,-6.489504889517327957e-03
8.510624999999999218e+00,-6.061250722472433239e-03
8.510749999999999815e+00,-5.816637905894428417e-03
8.510875000000000412e+00,-4.995007422184949419e-03
8.510999999999999233e+00,-5.264003546274764744e-03
8.511124999999999829e+00,-6.430114371783590688e-03
8.511250000000000426e+00,-5.817755333792806738e-03
8.511374999999999247e+00,-8.036041993833120678e-03
8.511499999999999844e+00,-8.409514369087822683e-03
8.511625000000000441e+00,-9.227408225123356900e-03
8.511749999999999261e+00,-1.260255345239846836e-02
8.511874999999999858e+00,-1.047367701204798829e-02
8.512000000000000455e+00,-1.246383683642510176e-02
8.512124999999999275e+00,-1.336362427564780075e-02
8.512249999999999872e+00,-1.723435729843925124e-02
8.512375000000000469e+00,-1.817113076022647267e-02
8.512499999999999289e+00,-1.949570705507081003e-02
8.512624999999999886e+00,-2.222811382939571256e-02
8.512750000000000483e+00,-2.685117146482196571e-02
8.512874999999999304e+00,-3.102541875536218852e-02
8.512999999999999901e+00,-3.558410669648065516e-02
8.513125000000000497e+00,-3.965561256255678568e-02
8.513249999999999318e+00,-4.713179245301429843e-02
8.513374999999999915e+00,-4.995627906747707181e-02
8.513500000000000512e+00,-5.252416769200218827e-02
8.513624999999999332e+00,-5.686421305702671347e-02
8.513749999999999929e+00,-6.220400930608793733e-02
8.513875000000000526e+00,-6.446438004979515579e-02
8.513999999999999346e+00,-6.774480854135539465e-02
8.514124999999999943e+00,-7.120782679832549089e-02
8.514250000000000540e+00,-7.242624681934051178e-02
8.514374999999999361e+00,-7.502495275314313705e-02
8.514499999999999957e+00,-7.739194784951652917e-02
8.514625000000000554e+00,-7.946956014037656613e-02
8.514749999999999375e+00,-8.084608113881414093e-02
8.514874999999999972e+00,-8.398471764036233300e-02
8.515000000000000568e+00,-8.392741578629547838e-02
8.515124999999999389e+00,-8.469366426835700512e-02
8.515249999999999986e+00,-8.569279117290326542e-02
8.515375000000000583e+00,-8.580179280058941593e-02
8.515499999999999403e+00,-8.783130940587313695e-02
8.515625000000000000e+00,-8.567659914779807151e-02
8.515750000000000597e+00,-8.802213125585184317e-02
8.515874999999999417e+00,-8.452473707369789757e-02
8.516000000000000014e+00,-8.391871658991389982e-02
8.516125000000000611e+00,-8.369083085216882933e-02
8.516249999999999432e+00,-8.146048424334353943e-02
8.516375000000000028e+00,-8.267940949604457579e-02
8.516500000000000625e+00,-8.094329012298551174e-02
8.516624999999999446e+00,-7.846319560305334284e-02
8.516750000000000043e+00,-7.760830315031752580e-02
8.516875000000000639e+00,-7.410133717899888839e-02
8.516999999999999460e+00,-7.264923285791144436e-02
8.517125000000000057e+00,-7.135450665017714633e-02
8.517250000000000654e+00,-6.827339553816028084e-02
8.517374999999999474e+00,-6.661190359730786992e-02
8.517500000000000071e+00,-6.358407632780668783e-02
8.517625000000000668e+00,-5.992926197835810043e-02
8.517749999999999488e+00,-5.559820555259417652e-02
8.517875000000000085e+00,-5.402929425946739750e-02
8.518000000000000682e+00,-5.008784158789469920e-02
8.518124999999999503e+00,-4.707237167346628448e-02
8.518250000000000099e+00,-4.316255479359276670e-02
8.518375000000000696e+00,-4.022714268464405718e-02
8.518499999999999517e+00,-3.546560459594652603e-02
8.518625000000000114e+00,-3.219879057520425025e-02
8.518750000000000711e+00,-3.022468811814812972e-02
8.518874999999999531e+00,-2.518632890528593737e-02
8.519000000000000128e+00,-2.249917069859044827e-02
8.519125000000000725e+00,-2.078352748308029407e-02
8.519249999999999545e+00,-1.604449523729548077e-02
8.519375000000000142e+00,-1.370368052966880468e-02
8.519500000000000739e+00,-9.337130438981849911e-03
8.519624999999999559e+00,-5.547686495961823283e-03
8.519750000000000156e+00,-3.979084243267899668e-03
8.519875000000000753e+00,1.945973908157316856e-04
8.519999999999999574e+00,3.528153793747018652e-03
8.520125000000000171e+00,5.345262759804014774e-03
8.520250000000000767e+00,9.630485089238277618e-03
8.520374999999999588e+00,1.036632902831496894e-02
8.520500000000000185e+00,1.544528764760691453e-02
8.520625000000000782e+00,1.689017756973287820e-02
8.520749999999999602e+00,1.679573385029700661e-02
8.520875000000000199e+00,2.007841240711358277e-02
8.521000000000000796e+00,2.322750856790672946e-02
8.521124999999999616e+00,2.317941783790730681e-02
8.521250000000000213e+00,2.694683495050612110e-02
8.521375000000000810e+00,2.603427723368964553e-02
8.521499999999999631e+00,2.665085395589300576e-02
8.521625000000000227e+00,2.877915953304741037e-02
8.521750000000000824e+00,2.906439480644162909e-02
8.521874999999999645e+00,3.008746625098421279e-02
8.522000000000000242e+00,2.664309317734056548e-02
8.522125000000000838e+00,2.817828282569403986e-02
8.522249999999999659e+00,2.745971581324349597e-02
8.522375000000000256e+00,2.758840612416063598e-02
8.522500000000000853e+00,2.666108439317418921e-02
8.522624999999999673e+00,2.566796737526286232e-02
8.522750000000000270e+00,2.504534582272202603e-02
8.522875000000000867e+00,2.189871296574100179e-02
8.522999999999999687e+00,1.917502807093252049e-02
8.523125000000000284e+00,1.910988411577738133e-02
8.523250000000000881e+00,1.296308996236975042e-02
8.523374999999999702e+00,1.093786699632565140e-02
8.523500000000000298e+00,7.953799413219247993e-03
8.523624999999999119e+00,3.958498271218691134e-03
8.523749999999999716e+00,-1.533045180324210666e-03
8.523875000000000313e+00,-4.664286983622090155e-03
8.523999999999999133e+00,-8.956367485023208896e-03
8.524124999999999730e+00,-1.280029866523380022e-02
8.524250000000000327e+00,-1.949883036305793960e-02
8.524374999999999147e+00,-2.441431126294241194e-02
8.524499999999999744e+00,-2.838082510579720275e-02
8.524625000000000341e+00,-3.600717178943740882e-02
8.524749999999999162e+00,-4.158063454938537573e-02
8.524874999999999758e+00,-5.052971628638280865e-02
8.525000000000000355e+00,-5.739674776123410149e-02
8.525124999999999176e+00,-6.189548206527306640e-02
8.525249999999999773e+00,-6.720104064751858397e-02
8.525375000000000369e+00,-6.966644612253058977e-02
8.525499999999999190e+00,-7.029087564292912926e-02
8.525624999999999787e+00,-7.202195938102956552e-02
8.525750000000000384e+00,-7.568648353610174517e-02
8.525874999999999204e+00,-7.644581322300536552e-02
8.525999999999999801e+00,-7.842063834690432556e-02
8.526125000000000398e+00,-7.928757064409752697e-02
8.526249999999999218e+00,-8.160108761639456310e-02
8.526374999999999815e+00,-8.067658074307360039e-02
8.526500000000000412e+00,-8.404277914312646702e-02
8.526624999999999233e+00,-8.308997250854149863e-02
8.526749999999999829e+00,-8.637138499213409260e-02
8.526875000000000426e+00,-8.559519362941220288e-02
8.526999999999999247e+00,-8.567663689022025908e-02
8.527124999999999844e+00,-8.588273730083006985e-02
8.527250000000000441e+00,-8.764367726245708701e-02
8.527374999999999261e+00,-8.786592749058591556e-02
8.527499999999999858e+00,-8.860151548407374511e-02
8.527625000000000455e+00,-8.896568692360495856e-02
8.527749999999999275e+00,-8.862154060320587279e-02
8.527874999999999872e+00,-8.813443249119662370e-02
8.528000000000000469e+00,-8.874481624388574907e-02
8.528124999999999289e+00,-8.846585036569848404e-02
8.528249999999999886e+00,-8.813287227020177861e-02
8.528375000000000483e+00,-8.553265493582018486e-02
8.528499999999999304e+00,-8.680859349549235882e-02
8.528624999999999901e+00,-8.624899968104648984e-02
8.528750000000000497e+00,-8.543263017756874689e-02
8.528874999999999318e+00,-8.557163103539056070e-02
8.528999999999999915e+00,-8.458467972278527203e-02
8.529125000000000512e+00,-8.352404747035196975e-02
8.529249999999999332e+00,-8.448747275768309084e-02
8.529374999999999929e+00,-8.193922973641426521e-02
8.529500000000000526e+00,-8.098293534715272912e-02
8.529624999999999346e+00,-8.040513191132264703e-02
8.529749999999999943e+00,-7.834411982239924965e-02
8.529875000000000540e+00,-7.787193010436482821e-02
8.529999999999999361e+00,-7.716793723688797346e-02
8.530124999999999957e+00,-7.434555747989612939e-02
8.530250000000000554e+00,-7.302252639307138526e-02
8.530374999999999375e+00,-7.024140779772475307e-02
8.530499999999999972e+00,-6.969113082665834291e-02
8.530625000000000568e+00,-6.939421535111373052e-02
8.530749999999999389e+00,-6.919265993256840108e-02
8.530874999999999986e+00,-6.703718706445316311e-02
8.531000000000000583e+00,-6.442716580206586663e-02
8.531124999999999403e+00,-6.303261649102498421e-02
8.531250000000000000e+00,-6.045191489640999727e-02
8.531375000000000597e+00,-6.232106295756789649e-02
8.531499999999999417e+00,-6.032978195787769282e-02
8.531625000000000014e+00,-5.840262778348437323e-02
8.531750000000000611e+00,-5.599941853663714664e-02
8.531874999999999432e+00,-5.447057380906816793e-02
8.532000000000000028e+00,-5.200950339201615424e-02
8.532125000000000625e+00,-5.194030875353111698e-02
8.532249999999999446e+00,-4.860511258122834910e-02
8.532375000000000043e+00,-4.869868400803578634e-02
8.532500000000000639e+00,-4.878432991830561338e-02
8.532624999999999460e+00,-4.567375105341164865e-02
8.532750000000000057e+00,-4.435380564513524693e-02
8.532875000000000654e+00,-4.290174899905169204e-02
8.532999999999999474e+00,-4.054456315791699073e-02
8.533125000000000071e+00,-4.048121209820398914e-02
8.533250000000000668e+00,-3.974417203172786461e-02
8.533374999999999488e+00,-3.742665272134459986e-02
8.533500000000000085e+00,-3.756249296461544596e-02
8.533625000000000682e+00,-3.522323883922540144e-02
8.533749999999999503e+00,-3.625597266099866989e-02
8.533875000000000099e+00,-3.537578127426616037e-02
8.534000000000000696e+00,-3.481864258808781143e-02
8.534124999999999517e+00,-3.309277854418235520e-02
8.534250000000000114e+00,-3.101974874005775096e-02
8.534375000000000711e+00,-2.986680672666047753e-02
8.534499999999999531e+00,-2.855284826333720494e-02
8.534625000000000128e+00,-3.028251874632947871e-02
8.534750000000000725e+00,-3.095924793208876258e-02
8.534874999999999545e+00,-2.991465635490403452e-02
8.535000000000000142e+00,-2.970666523510051560e-02
8.535125000000000739e+00,-2.935328950166021800e-02
8.535249999999999559e+00,-2.685223178293794088e-02
8.535375000000000156e+00,-2.916256538636335938e-02
8.535500000000000753e+00,-2.788843196686435766e-02
8.535624999999999574e+00,-3.007987999662964373e-02
8.535750000000000171e+00,-2.821885367780568865e-02
8.535875000000000767e+00,-3.039600418196247711e-02
8.535999999999999588e+00,-2.804313859050139301e-02
8.536125000000000185e+00,-3.134869529781225683e-02
8.536250000000000782e+00,-3.004456683045514387e-02
8.536374999999999602e+00,-3.248262334887724867e-02
8.536500000000000199e+00,-3.227827361002866269e-02
8.536625000000000796e+00,-3.156590714810597609e-02
8.536749999999999616e+00,-3.315321808689042360e-02
8.536875000000000213e+00,-3.586571140774263977e-02
8.537000000000000810e+00,-3.720060950870579530e-02
8.537124999999999631e+00,-3.850166270662636059e-02
8.537250000000000227e+00,-3.909373827972373316e-02
8.537375000000000824e+00,-4.112112688041691388e-02
8.537499999999999645e+00,-4.280562910778945573e-02
8.537625000000000242e+00,-4.372026377863069690e-02
8.537750000000000838e+00,-4.489933793588957167e-02
8.537874999999999659e+00,-4.677397642189184968e-02
8.538000000000000256e+00,-5.033533112597038395e-02
8.538125000000000853e+00,-4.959473213567744398e-02
8.538249999999999673e+00,-4.892223336829293334e-02
8.538375000000000270e+00,-5.007599099878501381e-02
8.538500000000000867e+00,-5.188235129270007961e-02
8.538624999999999687e+00,-5.143421043727763875e-02
8.538750000000000284e+00,-4.989975453043005160e-02
8.538875000000000881e+00,-4.713887965516933010e-02
8.538999999999999702e+00,-4.968899096575812857e-02
8.539125000000000298e+00,-4.925754132496945603e-02
8.539249999999999119e+00,-4.805991204439657993e-02
8.539374999999999716e+00,-4.520839834985646011e-02
8.539500000000000313e+00,-4.506427870455009810e-02
8.539624999999999133e+00,-4.285588361445064054e-02
8.539749999999999730e+00,-4.221162676039125206e-02
8.539875000000000327e+00,-3.864564659033981053e-02
8.539999999999999147e+00,-3.831332605610454634e-02
8.540124999999999744e+00,-3.645508826576554506e-02
8.540250000000000341e+00,-3.300018633579215876e-02
8.540374999999999162e+00,-3.033260817942035059e-02
8.540499999999999758e+00,-2.766653245225342284e-02
8.540625000000000355e+00,-2.526252368838832751e-02
8.540749999999999176e+00,-2.355151534332028396e-02
8.540874999999999773e+00,-1.812699705912218517e-02
8.541000000000000369e+00,-1.590705425745941870e-02
8.541124999999999190e+00,-1.268383914448106831e-02
8.541249999999999787e+00,-8.284087815587870551e-03
8.541375000000000384e+00,-5.808168486030329536e-03
8.541499999999999204e+00,-3.120981707049719223e-03
8.541624999999999801e+00,-9.279324495892193880e-05
8.541750000000000398e+00,3.671059257162712086e-03
8.541874999999999218e+00,6.303452294865008465e-03
8.541999999999999815e+00,9.142862637333881715e-03
8.542125000000000412e+00,1.301302423585010137e-02
8.542249999999999233e+00,1.653986553898481593e-02
8.542374999999999829e+00,1.897506917736088705e-02
8.542500000000000426e+00,2.277204745032654354e-02
8.542624999999999247e+00,2.544746157219010541e-02
8.542749999999999844e+00,2.950694926517533068e-02
8.542875000000000441e+00,3.220219607415714114e-02
8.542999999999999261e+00,3.635540005179388467e-02
8.543124999999999858e+00,3.777963688524518804e-02
8.543250000000000455e+00,4.009164178904037201e-02
8.543374999999999275e+00,4.581926248918580247e-02
8.543499999999999872e+00,4.878379740405602849e-02
8.543625000000000469e+00,5.118371607300267745e-02
8.543749999999999289e+00,5.307666758221180059e-02
8.543874999999999886e+00,5.528774632957753066e-02
8.544000000000000483e+00,5.890541593622225514e-02
8.544124999999999304e+00,6.184250591815251830e-02
8.544249999999999901e+00,6.370492507176944708e-02
8.544375000000000497e+00,6.496239575942236444e-02
8.544499999999999318e+00,6.928446396182932898e-02
8.544624999999999915e+00,7.084442568052659595e-02
8.544750000000000512e+00,7.191673260774561482e-02
8.544874999999999332e+00,7.439570524709721022e-02
8.544999999999999929e+00,7.369421268932464797e-02
8.545125000000000526e+00,7.496523908622586274e-02
8.545249999999999346e+00,7.645340382007291546e-02
8.545374999999999943e+00,8.145264248866984635e-02
8.545500000000000540e+00,7.841208378878569696e-02
8.545624999999999361e+00,7.957856112646818914e-02
8.545749999999999957e+00,8.261202470294501388e-02
8.545875000000000554e+00,8.223726401488588855e-02
8.545999999999999375e+00,8.325746790223009786e-02
8.546124999999999972e+00,8.468288590825577555e-02
8.546250000000000568e+00,8.225052574438983244e-02
8.546374999999999389e+00,8.382869551790617102e-02
8.546499999999999986e+00,8.181198693800210975e-02
8.546625000000000583e+00,8.226590832349134352e-02
8.546749999999999403e+00,7.942473470926914025e-02
8.546875000000000000e+00,8.115256543075574647e-02
8.547000000000000597e+00,7.876627774441757879e-02
8.547124999999999417e+00,7.716597300138212934e-02
8.547250000000000014e+00,7.640101322819535523e-02
8.547375000000000611e+00,7.562988671358628068e-02
8.547499999999999432e+00,7.291748395319752607e-02
8.547625000000000028e+00,7.148167774708895361e-02
8.547750000000000625e+00,6.962468190973927773e-02
8.547874999999999446e+00,6.841187181534146011e-02
8.548000000000000043e+00,6.474635401008391189e-02
8.548125000000000639e+00,6.257913944183751687e-02
8.548249999999999460e+00,6.044463076007383640e-02
8.548375000000000057e+00,5.656588497743331168e-02
8.548500000000000654e+00,5.537140634819459617e-02
8.548624999999999474e+00,5.069087235833305560e-02
8.548750000000000071e+00,4.902183487555722419e-02
8.548875000000000668e+00,4.292234956313242811e-02
8.548999999999999488e+00,4.046121621636011856e-02
8.549125000000000085e+00,3.750149402165905976e-02
8.549250000000000682e+00,3.455205388910817521e-02
8.549374999999999503e+00,3.074115456008799652e-02
8.549500000000000099e+00,2.555817687386077730e-02
8.549625000000000696e+00,2.133524000364561690e-02
8.549749999999999517e+00,1.746120990703742271e-02
8.549875000000000114e+00,1.191603858105119707e-02
8.550000000000000711e+00,8.400107296548081637e-03
8.550124999999999531e+00,2.683714398460879114e-03
8.550250000000000128e+00,2.225737831303670200e-03
8.550375000000000725e+00,2.643219977289779088e-03
8.550499999999999545e+00,3.059833200555639454e-03
8.550625000000000142e+00,4.441146595652062379e-03
8.550750000000000739e+00,3.573344509828296767e-03
8.550874999999999559e+00,5.699265139066878039e-03
8.551000000000000156e+00,7.544593342371730404e-03
8.551125000000000753e+00,9.921509761203095579e-03
8.551249999999999574e+00,8.978799236465800915e-03
8.551375000000000171e+00,9.919536651065846700e-03
8.551500000000000767e+00,1.103849546194285436e-02
8.551624999999999588e+00,1.394308830895149565e-02
8.551750000000000185e+00,1.427063527731287085e-02
8.551875000000000782e+00,1.643333524485723895e-02
8.551999999999999602e+00,1.731283459180466000e-02
8.552125000000000199e+00,2.007488247628724798e-02
8.552250000000000796e+00,2.266524220914867271e-02
8.552374999999999616e+00,2.399560893232771663e-02
8.552500000000000213e+00,2.572867485251750796e-02
8.552625000000000810e+00,2.598062905572356973e-02
8.552749999999999631e+00,2.814944987000783660e-02
8.552875000000000227e+00,3.024419836084640822e-02
8.553000000000000824e+00,3.075668839212875039e-02
8.553124999999999645e+00,3.415483658641499387e-02
8.553250000000000242e+00,3.585676845747071129e-02
8.553375000000000838e+00,3.942077651241038261e-02
8.553499999999999659e+00,4.034669506670540695e-02
8.553625000000000256e+00,4.227054457756745931e-02
8.553750000000000853e+00,4.642343896319867103e-02
8.553874999999999673e+00,4.838453233415623833e-02
8.554000000000000270e+00,4.856525674312656138e-02
8.554125000000000867e+00,5.177369060707170956e-02
8.554249999999999687e+00,5.548753134431960721e-02
8.554375000000000284e+00,5.707229861156098982e-02
8.554500000000000881e+00,6.047897204904956192e-02
8.554624999999999702e+00,6.096580775025528531e-02
8.554750000000000298e+00,6.344751791446162636e-02
8.554874999999999119e+00,6.541419647679380667e-02
8.554999999999999716e+00,6.712220180115074930e-02
8.555125000000000313e+00,7.016811824472352077e-02
8.555249999999999133e+00,7.081130414515407479e-02
8.555374999999999730e+00,7.452028208928873632e-02
8.555500000000000327e+00,7.537121740893981681e-02
8.555624999999999147e+00,7.815846107093771256e-02
8.555749999999999744e+00,7.946539213208236863e-02
8.555875000000000341e+00,8.386932643066691284e-02
8.555999999999999162e+00,8.313849882987606188e-02
8.556124999999999758e+00,8.510655287757395993e-02
8.556250000000000355e+00,8.908884872466787952e-02
8.556374999999999176e+00,8.826930341278321768e-02
8.556499999999999773e+00,8.929218633745178435e-02
8.556625000000000369e+00,9.537604712650971095e-02
8.556749999999999190e+00,9.349312121506897499e-02
8.556874999999999787e+00,9.601594497694637687e-02
8.557000000000000384e+00,9.716061509955975506e-02
8.557124999999999204e+00,1.009646104475225292e-01
8.557249999999999801e+00,1.018364707343037967e-01
8.557375000000000398e+00,1.036848680345893725e-01
8.557499999999999218e+00,1.041631221541270969e-01
8.557624999999999815e+00,1.056080566600507975e-01
8.557750000000000412e+00,1.072483199189763203e-01
8.557874999999999233e+00,1.067680255933339262e-01
8.557999999999999829e+00,1.074922030022456565e-01
8.558125000000000426e+00,1.104665186172654190e-01
8.558249999999999247e+00,1.103437270277790594e-01
8.558374999999999844e+00,1.106325727201356024e-01
8.558500000000000441e+00,1.108474237523992545e-01
8.558624999999999261e+00,1.114598287111726038e-01
8.558749999999999858e+00,1.119231349941369746e-01
8.558875000000000455e+00,1.130142964380914106e-01
8.558999999999999275e+00,1.139764295411274664e-01
8.559124999999999872e+00,1.135789854896713247e-01
8.559250000000000469e+00,1.128456929225577499e-01
8.559374999999999289e+00,1.137559329745608250e-01
8.559499999999999886e+00,1.154591838485759525e-01
8.559625000000000483e+00,1.138582104035434361e-01
8.559749999999999304e+00,1.125502152348730189e-01
8.559874999999999901e+00,1.121825608945649644e-01
8.560000000000000497e+00,1.122886129194010096e-01
8.560124999999999318e+00,1.111345970210186884e-01
8.560249999999999915e+00,1.098848410842405143e-01
8.560375000000000512e+00,1.097452266893120254e-01
8.560499999999999332e+00,1.084523972098216382e-01
8.560624999999999929e+00,1.066392729529878070e-01
8.560750000000000526e+00,1.065943448010728822e-01
8.560874999999999346e+00,1.046241633508691038e-01
8.560999999999999943e+00,1.045296982680741782e-01
8.561125000000000540e+00,1.020539596335606758e-01
8.561249999999999361e+00,9.936236586354163514e-02
8.561374999999999957e+00,9.883998968168095089e-02
8.561500000000000554e+00,9.579217576232040843e-02
8.561624999999999375e+00,9.452952654994983828e-02
8.561749999999999972e+00,9.279087350512538190e-02
8.561875000000000568e+00,9.054974387827374738e-02
8.561999999999999389e+00,8.875941281652038883e-02
8.562124999999999986e+00,8.803700276299158967e-02
8.562250000000000583e+00,8.222262312422579100e-02
8.562374999999999403e+00,8.283432556288344850e-02
8.562500000000000000e+00,7.892476893148220318e-02
8.562625000000000597e+00,7.627094935282957566e-02
8.562749999999999417e+00,7.208955779163361832e-02
8.562875000000000014e+00,6.805669237999412147e-02
8.563000000000000611e+00,6.306936164387011434e-02
8.563124999999999432e+00,5.776826535784074235e-02
8.563250000000000028e+00,5.790058182621593552e-02
8.563375000000000625e+00,5.156573989072132935e-02
8.563499999999999446e+00,4.987761345912344879e-02
8.563625000000000043e+00,4.534764923015172089e-02
8.563750000000000639e+00,4.447694290784942606e-02
8.563874999999999460e+00,3.840611575015479007e-02
8.564000000000000057e+00,3.810306181887096466e-02
8.564125000000000654e+00,3.601652756870643568e-02
8.564249999999999474e+00,3.290417116086241656e-02
8.564375000000000071e+00,3.178072844276430553e-02
8.564500000000000668e+00,2.725068450567097456e-02
8.564624999999999488e+00,2.745684606968262775e-02
8.564750000000000085e+00,2.631612278704725805e-02
8.564875000000000682e+00,2.516264592528533184e-02
8.564999999999999503e+00,2.223052623920457327e-02
8.565125000000000099e+00,2.185958711034502455e-02
8.565250000000000696e+00,1.999678821901557102e-02
8.565374999999999517e+00,2.132702078852793948e-02
8.565500000000000114e+00,1.862265830363518671e-02
8.565625000000000711e+00,1.843372067047693852e-02
8.565749999999999531e+00,1.829291453828324476e-02
8.565875000000000128e+00,1.820348466454391190e-02
8.566000000000000725e+00,2.026670999446777977e-02
8.566124999999999545e+00,1.935311518159993360e-02
8.566250000000000142e+00,1.781888359382288733e-02
8.566375000000000739e+00,2.027674117907085627e-02
8.566499999999999559e+00,1.992021598745630229e-02
8.566625000000000156e+00,2.113778338733229845e-02
8.566750000000000753e+00,2.139191156823344597e-02
8.566874999999999574e+00,2.258185713205940193e-02
8.567000000000000171e+00,2.346438949045120959e-02
8.567125000000000767e+00,2.344004555100265286e-02
8.567249999999999588e+00,2.328141403404410115e-02
8.567375000000000185e+00,2.554172151546052483e-02
8.567500000000000782e+00,2.560246623604162108e-02
8.567624999999999602e+00,2.888740618510937663e-02
8.567750000000000199e+00,2.906163844111547823e-02
8.567875000000000796e+00,3.030879654924295563e-02
8.567999999999999616e+00,2.941007850943833102e-02
8.568125000000000213e+00,3.163533772691101698e-02
8.568250000000000810e+00,3.107007636980901877e-02
8.568374999999999631e+00,3.519461478482577288e-02
8.568500000000000227e+00,3.699909956725405680e-02
8.568625000000000824e+00,3.576935637998973627e-02
8.568749999999999645e+00,3.879292386423466299e-02
8.568875000000000242e+00,3.937295833458481775e-02
8.569000000000000838e+00,4.046405971050362482e-02
8.569124999999999659e+00,4.116473609257667587e-02
8.569250000000000256e+00,4.002661601054102736e-02
8.569375000000000853e+00,4.192379694769476917e-02
8.569499999999999673e+00,4.399262413741045208e-02
8.569625000000000270e+00,4.378866295816075116e-02
8.569750000000000867e+00,4.437691349640848770e-02
8.569874999999999687e+00,4.552775239806322594e-02
8.570000000000000284e+00,4.583341727801634735e-02
8.570125000000000881e+00,4.673661702759032699e-02
8.570249999999999702e+00,4.600671930318248060e-02
8.570375000000000298e+00,4.639822451692365846e-02
8.570499999999999119e+00,4.694506150274294076e-02
8.570624999999999716e+00,4.533228448711595915e-02
8.570750000000000313e+00,4.583419424874821124e-02
8.570874999999999133e+00,4.587235244743129159e-02
8.570999999999999730e+00,4.586487985034898296e-02
8.571125000000000327e+00,4.605289035042456347e-02
8.571249999999999147e+00,4.527735511281716363e-02
8.571374999999999744e+00,4.495559405513838147e-02
8.571500000000000341e+00,4.497191700536262715e-02
8.571624999999999162e+00,4.334101799097311858e-02
8.571749999999999758e+00,4.011460974714672889e-02
8.571875000000000355e+00,4.043671384864927498e-02
8.571999999999999176e+00,3.805494330594033636e-02
8.572124999999999773e+00,3.625680186625071522e-02
8.572250000000000369e+00,3.426841987385456645e-02
8.572374999999999190e+00,3.441536015438415030e-02
8.572499999999999787e+00,2.849685179238292676e-02
8.572625000000000384e+00,2.914160095254467175e-02
8.572749999999999204e+00,2.531878163703027429e-02
8.572874999999999801e+00,2.377606189616932042e-02
8.573000000000000398e+00,2.083664013369365686e-02
8.573124999999999218e+00,1.789795860984458309e-02
8.573249999999999815e+00,1.333183953354535878e-02
8.573375000000000412e+00,1.048804086941546032e-02
8.573499999999999233e+00,5.768068679159105150e-03
8.573624999999999829e+00,1.244677773074409632e-03
8.573750000000000426e+00,-7.338321484895438118e-04
8.573874999999999247e+00,-5.731266289509040490e-03
8.573999999999999844e+00,-9.160374383773456364e-03
8.574125000000000441e+00,-1.331524090990177100e-02
8.574249999999999261e+00,-1.786054900280725777e-02
8.574374999999999858e+00,-2.179195948197029664e-02
8.574500000000000455e+00,-2.851441411627014810e-02
8.574624999999999275e+00,-3.365640132523645134e-02
8.574749999999999872e+00,-3.851924080341417866e-02
8.574875000000000469e+00,-4.490221010571354698e-02
8.574999999999999289e+00,-4.935706515270685268e-02
8.575124999999999886e+00,-5.404733797678057394e-02
8.575250000000000483e+00,-5.956426373720524747e-02
8.575374999999999304e+00,-5.823037215617782314e-02
8.575499999999999901e+00,-6.273178265393192232e-02
8.575625000000000497e+00,-6.372867800721576659e-02
8.575749999999999318e+00,-6.312208698623367198e-02
8.575874999999999915e+00,-6.467830111137362614e-02
8.576000000000000512e+00,-6.269517151122472320e-02
8.576124999999999332e+00,-6.486935898103748932e-02
8.576249999999999929e+00,-6.388899938321443428e-02
8.576375000000000526e+00,-6.630173156240143362e-02
8.576499999999999346e+00,-6.671819363458991736e-02
8.576624999999999943e+00,-6.712200215183058982e-02
8.576750000000000540e+00,-6.586766674952329592e-02
8.576874999999999361e+00,-6.531281351956233494e-02
8.576999999999999957e+00,-6.607067378027531301e-02
8.577125000000000554e+00,-6.717729271325939555e-02
8.577249999999999375e+00,-6.386176594544779039e-02
8.577374999999999972e+00,-6.370940466063854113e-02
8.577500000000000568e+00,-6.076999682452521867e-02
8.577624999999999389e+00,-6.119678875597006629e-02
8.577749999999999986e+00,-5.891621589058698705e-02
8.577875000000000583e+00,-5.803924668720311653e-02
8.577999999999999403e+00,-5.612677254364370483e-02
8.578125000000000000e+00,-5.521871951233339737e-02
8.578250000000000597e+00,-5.278322534634888319e-02
8.578374999999999417e+00,-5.150256676141545809e-02
8.578500000000000014e+00,-4.955840612664208500e-02
8.578625000000000611e+00,-4.717723795044198587e-02
8.578749999999999432e+00,-4.401937540366021584e-02
8.578875000000000028e+00,-4.099347607437520136e-02
8.579000000000000625e+00,-4.002706839344710721e-02
8.579124999999999446e+00,-3.953393424639561893e-02
8.579250000000000043e+00,-3.748317827355929222e-02
8.579375000000000639e+00,-3.273904976560010338e-02
8.579499999999999460e+00,-3.227511868497218162e-02
8.579625000000000057e+00,-2.928403125259981810e-02
8.579750000000000654e+00,-2.796968690852674744e-02
8.579874999999999474e+00,-2.434239796277176682e-02
8.580000000000000071e+00,-2.165924115216882884e-02
8.580125000000000668e+00,-1.941544890063207074e-02
8.580249999999999488e+00,-1.695594959453183836e-02
8.580375000000000085e+00,-1.488597703746880052e-02
8.580500000000000682e+00,-1.137517329680631795e-02
8.580624999999999503e+00,-8.838117351667174049e-03
8.580750000000000099e+00,-6.902430448950114261e-03
8.580875000000000696e+00,-5.057019180325694752e-03
8.580999999999999517e+00,-5.412514665892320664e-04
8.581125000000000114e+00,7.933204236601487658e-04
8.581250000000000711e+00,2.636547510356967994e-03
8.581374999999999531e+00,5.210798365578528379e-03
8.581500000000000128e+00,7.152811363948796686e-03
8.581625000000000725e+00,9.587677914364045595e-03
8.581749999999999545e+00,1.260230207206419761e-02
8.581875000000000142e+00,1.547717380202379145e-02
8.582000000000000739e+00,1.734074792350326355e-02
8.582124999999999559e+00,2.041637276945462709e-02
8.582250000000000156e+00,1.983524224806998415e-02
8.582375000000000753e+00,2.309252654799209825e-02
8.582499999999999574e+00,2.280260123840138764e-02
8.582625000000000171e+00,2.686033161549877812e-02
8.582750000000000767e+00,2.781456326870479501e-02
8.582874999999999588e+00,2.838269896326894859e-02
8.583000000000000185e+00,2.962223734217195314e-02
8.583125000000000782e+00,3.262404900534254804e-02
8.583249999999999602e+00,3.317588395323439743e-02
8.583375000000000199e+00,3.475120143234966541e-02
8.583500000000000796e+00,3.390956946931522609e-02
8.583624999999999616e+00,3.516392940579338156e-02
8.583750000000000213e+00,3.637116471066736967e-02
8.583875000000000810e+00,3.656521317762045920e-02
8.583999999999999631e+00,3.742445803979760344e-02
8.584125000000000227e+00,3.723221164768403257e-02
8.584250000000000824e+00,3.910494773379286082e-02
8.584374999999999645e+00,3.911885517249719113e-02
8.584500000000000242e+00,3.863354705379190568e-02
8.584625000000000838e+00,3.869534247286099404e-02
8.584749999999999659e+00,3.865337469981505736e-02
8.584875000000000256e+00,3.783931294134168510e-02
8.585000000000000853e+00,3.897587216964470969e-02
8.585124999999999673e+00,3.828188324054448977e-02
8.585250000000000270e+00,3.770728611413604048e-02
8.585375000000000867e+00,3.626519287998680730e-02
8.585499999999999687e+00,3.462618880232015695e-02
8.585625000000000284e+00,3.392735872333813019e-02
8.585750000000000881e+00,3.319133094996740141e-02
8.585874999999999702e+00,2.869739027051454450e-02
8.586000000000000298e+00,2.837519727741899533e-02
8.586124999999999119e+00,2.639069709180602574e-02
8.586249999999999716e+00,2.514655248021346878e-02
8.586375000000000313e+00,2.197433277450794309e-02
8.586499999999999133e+00,2.200852218170507024e-02
8.586624999999999730e+00,1.874606979825471642e-02
8.586750000000000327e+00,1.729909233352888709e-02
8.586874999999999147e+00,1.248533612213609256e-02
8.586999999999999744e+00,1.110792583674319323e-02
8.587125000000000341e+00,6.791173043531606446e-03
8.587249999999999162e+00,5.425289135686683917e-03
8.587374999999999758e+00,3.843057091074297826e-03
8.587500000000000355e+00,-2.123825242855037487e-03
8.587624999999999176e+00,-3.804174096193158050e-03
8.587749999999999773e+00,-6.233449370582622162e-03
8.587875000000000369e+00,-1.231716860978571138e-02
8.587999999999999190e+00,-1.461921916201475158e-02
8.588124999999999787e+00,-1.684886195170720580e-02
8.588250000000000384e+00,-1.984760717813216502e-02
8.588374999999999204e+00,-2.076533094308491423e-02
8.588499999999999801e+00,-2.449912436602630361e-02
8.588625000000000398e+00,-2.593624090096136037e-02
8.588749999999999218e+00,-2.768560601313013736e-02
8.588874999999999815e+00,-3.257601214074251628e-02
8.589000000000000412e+00,-3.207531291380599781e-02
8.589124999999999233e+00,-3.461497239206057230e-02
8.589249999999999829e+00,-3.570103969102628172e-02
8.589375000000000426e+00,-3.700731308703575362e-02
8.589499999999999247e+00,-3.801171689515170371e-02
8.589624999999999844e+00,-3.738383338781103848e-02
8.589750000000000441e+00,-3.985720279980747849e-02
8.589874999999999261e+00,-4.062183291149479292e-02
8.589999999999999858e+00,-4.268163584581002867e-02
8.590125000000000455e+00,-4.066526358154087806e-02
8.590249999999999275e+00,-4.130964374359669122e-02
8.590374999999999872e+00,-4.185368218781454486e-02
8.590500000000000469e+00,-4.090482316332594293e-02
8.590624999999999289e+00,-3.992936925037388063e-02
8.590749999999999886e+00,-4.056955712771309619e-02
8.590875000000000483e+00,-3.981974666761511905e-02
8.590999999999999304e+00,-4.175391508916947991e-02
8.591124999999999901e+00,-3.937084081188407803e-02
8.591250000000000497e+00,-3.728149016031256924e-02
8.591374999999999318e+00,-3.808319337957716266e-02
8.591499999999999915e+00,-3.734332268926826570e-02
8.591625000000000512e+00,-3.454067728259591075e-02
8.591749999999999332e+00,-3.588862351327370970e-02
8.591874999999999929e+00,-3.374433569776413844e-02
8.592000000000000526e+00,-3.300948651535395850e-02
8.592124999999999346e+00,-3.172951851559857595e-02
8.592249999999999943e+00,-2.975121187544843560e-02
8.592375000000000540e+00,-2.702496304168811037e-02
8.592499999999999361e+00,-2.783337046172135176e-02
8.592624999999999957e+00,-2.561145636930944880e-02
8.592750000000000554e+00,-2.113784993728623496e-02
8.592874999999999375e+00,-2.209710928469243996e-02
8.592999999999999972e+00,-2.190632269946263255e-02
8.593125000000000568e+00,-1.729288403368128835e-02
8.593249999999999389e+00,-1.588093417481140079e-02
8.593374999999999986e+00,-1.437981545473315803e-02
8.593500000000000583e+00,-1.544497279188766781e-02
8.593624999999999403e+00,-1.127120046932966746e-02
8.593750000000000000e+00,-1.000951708796443684e-02
8.593875000000000597e+00,-8.261170764596315053e-03
8.593999999999999417e+00,-7.870288518117996013e-03
8.594125000000000014e+00,-4.766218532611832259e-03
8.594250000000000611e+00,-5.466200238054941263e-03
8.594374999999999432e+00,-1.832149378933722872e-03
8.594500000000000028e+00,1.609026409733982366e-03
8.594625000000000625e+00,3.071323086898836152e-03
8.594749999999999446e+00,3.340902072856533067e-03
8.594875000000000043e+00,4.421083120440039149e-03
8.595000000000000639e+00,7.366075731655097325e-03
8.595124999999999460e+00,8.264985639492683500e-03
8.595250000000000057e+00,7.229412393371437151e-03
8.595375000000000654e+00,1.048664000969606880e-02
8.595499999999999474e+00,1.115593620427890453e-02
8.595625000000000071e+00,1.050716145830715709e-02
8.595750000000000668e+00,1.252805470888829209e-02
8.595874999999999488e+00,1.481589556959839182e-02
8.596000000000000085e+00,1.612859285106699181e-02
8.596125000000000682e+00,1.602808251231047088e-02
8.596249999999999503e+00,1.867873143956660931e-02
8.596375000000000099e+00,1.919512012514973387e-02
8.596500000000000696e+00,2.017619160083461427e-02
8.596624999999999517e+00,2.017872120251851253e-02
8.596750000000000114e+00,2.211069751685684759e-02
8.596875000000000711e+00,2.156047040587755204e-02
8.596999999999999531e+00,2.164100389097856070e-02
8.597125000000000128e+00,2.254274662730765266e-02
8.597250000000000725e+00,2.068438202214756272e-02
8.597374999999999545e+00,2.270458528003216347e-02
8.597500000000000142e+00,2.142191456901887392e-02
8.597625000000000739e+00,2.169597667248501782e-02
8.597749999999999559e+00,2.062626810315856818e-02
8.597875000000000156e+00,2.278985812491379770e-02
8.598000000000000753e+00,2.308602988818675428e-02
8.598124999999999574e+00,2.252490905930226717e-02
8.598250000000000171e+00,1.976352284755300559e-02
8.598375000000000767e+00,2.016539620339596883e-02
8.598499999999999588e+00,1.890478427741965062e-02
8.598625000000000185e+00,1.891171352623249868e-02
8.598750000000000782e+00,1.834692794750625300e-02
8.598874999999999602e+00,1.796209644443408360e-02
8.599000000000000199e+00,1.506264217418248896e-02
8.599125000000000796e+00,1.513422960690044561e-02
8.599249999999999616e+00,1.371664902904795591e-02
8.599375000000000213e+00,9.959265555951890558e-03
8.599500000000000810e+00,1.132912353539905492e-02
8.599624999999999631e+00,8.958785866809426679e-03
8.599750000000000227e+00,7.968618723903586609e-03
8.599875000000000824e+00,4.596484444209375519e-03
8.599999999999999645e+00,4.056117631340838692e-03
