8.400000000000000355e+00,2.052095025452516097e-02
8.400124999999999176e+00,2.169605240360539256e-02
8.400249999999999773e+00,2.327437319883429723e-02
8.400375000000000369e+00,2.492961270209725910e-02
8.400499999999999190e+00,2.521387697928290095e-02
8.400624999999999787e+00,2.697049590966926758e-02
8.400750000000000384e+00,2.859135263578949093e-02
8.400874999999999204e+00,2.937596161350519708e-02
8.400999999999999801e+00,3.214518350737982644e-02
8.401125000000000398e+00,3.306282419775996573e-02
8.401249999999999218e+00,3.479972674918840880e-02
8.401374999999999815e+00,3.584556429493446217e-02
8.401500000000000412e+00,3.766464902379773605e-02
8.401624999999999233e+00,4.021657974877257402e-02
8.401749999999999829e+00,4.122352914204974184e-02
8.401875000000000426e+00,4.278771145229853801e-02
8.401999999999999247e+00,4.452245068378601900e-02
8.402124999999999844e+00,4.609998285154581765e-02
8.402250000000000441e+00,4.790482801831963400e-02
8.402374999999999261e+00,5.048181365285842048e-02
8.402499999999999858e+00,5.186557096348209939e-02
8.402625000000000455e+00,5.352279233255075042e-02
8.402749999999999275e+00,5.579166372134913843e-02
8.402874999999999872e+00,5.808988554911209690e-02
8.403000000000000469e+00,5.844600402168964592e-02
8.403124999999999289e+00,6.126406639940462640e-02
8.403249999999999886e+00,6.295832493757558268e-02
8.403375000000000483e+00,6.488402986521002447e-02
8.403499999999999304e+00,6.709935699137759002e-02
8.403624999999999901e+00,6.849071059220790403e-02
8.403750000000000497e+00,7.121473429542746203e-02
8.403874999999999318e+00,7.255843448939991447e-02
8.403999999999999915e+00,7.513428627207829891e-02
8.404125000000000512e+00,7.666025870527448660e-02
8.404249999999999332e+00,7.849164781162798477e-02
8.404374999999999929e+00,8.099140839969010131e-02
8.404500000000000526e+00,8.214571940241377490e-02
8.404624999999999346e+00,8.343649814655051955e-02
8.404749999999999943e+00,8.590914295826301839e-02
8.404875000000000540e+00,8.763773339038749555e-02
8.404999999999999361e+00,8.930703033878373276e-02
8.405124999999999957e+00,9.192517813315781439e-02
8.405250000000000554e+00,9.388200866787066445e-02
8.405374999999999375e+00,9.561241966015465721e-02
8.405499999999999972e+00,9.705738707127053999e-02
8.405625000000000568e+00,9.925191349612560998e-02
8.405749999999999389e+00,1.012854664389148951e-01
8.405874999999999986e+00,1.024500691303504851e-01
8.406000000000000583e+00,1.038834055121817812e-01
8.406124999999999403e+00,1.057718341165809761e-01
8.406250000000000000e+00,1.067792544261525478e-01
8.406375000000000597e+00,1.089635895603748850e-01
8.406499999999999417e+00,1.108779833061692699e-01
8.406625000000000014e+00,1.129114929684895685e-01
8.406750000000000611e+00,1.139925117069378047e-01
8.406874999999999432e+00,1.156809403662162339e-01
8.407000000000000028e+00,1.168331222564695793e-01
8.407125000000000625e+00,1.190433611397523350e-01
8.407249999999999446e+00,1.206409620505421998e-01
8.407375000000000043e+00,1.217073187865800321e-01
8.407500000000000639e+00,1.240915998964915445e-01
8.407624999999999460e+00,1.236686928322594525e-01
8.407750000000000057e+00,1.256784294530426394e-01
8.407875000000000654e+00,1.271816950670920932e-01
8.407999999999999474e+00,1.276381959899435259e-01
8.408125000000000071e+00,1.296552404056843244e-01
8.408250000000000668e+00,1.306776016182897848e-01
8.408374999999999488e+00,1.320334306913775180e-01
8.408500000000000085e+00,1.327632096734880918e-01
8.408625000000000682e+00,1.347950529061545666e-01
8.408749999999999503e+00,1.353114425832995238e-01
8.408875000000000099e+00,1.365101810693722939e-01
8.409000000000000696e+00,1.370835690037992549e-01
8.409124999999999517e+00,1.392612494804712497e-01
8.409250000000000114e+00,1.385584694200101552e-01
8.409375000000000711e+00,1.392287272927124064e-01
8.409499999999999531e+00,1.404892089710969572e-01
8.409625000000000128e+00,1.402921072001213076e-01
8.409750000000000725e+00,1.432389366733204383e-01
8.409874999999999545e+00,1.429783649740130613e-01
8.410000000000000142e+00,1.434841659099355127e-01
8.410125000000000739e+00,1.441577586600040206e-01
8.410249999999999559e+00,1.442203113324538322e-01
8.410375000000000156e+00,1.454184255931778580e-01
8.410500000000000753e+00,1.466601854532445515e-01
8.410624999999999574e+00,1.459919579251245381e-01
8.410750000000000171e+00,1.461217603067748172e-01
8.410875000000000767e+00,1.467004367729582981e-01
8.410999999999999588e+00,1.471929707235304363e-01
8.411125000000000185e+00,1.465506884282117284e-01
8.411250000000000782e+00,1.477743767176367129e-01
8.411374999999999602e+00,1.477036752605727088e-01
8.411500000000000199e+00,1.478965663072688841e-01
8.411625000000000796e+00,1.471966877790524819e-01
8.411749999999999616e+00,1.468721127743073396e-01
8.411875000000000213e+00,1.471288987811849580e-01
8.412000000000000810e+00,1.469808709675017866e-01
8.412124999999999631e+00,1.462965569682612710e-01
8.412250000000000227e+00,1.466091202813935013e-01
8.412375000000000824e+00,1.457416034826870543e-01
8.412499999999999645e+00,1.458303441104558118e-01
8.412625000000000242e+00,1.454388176909677810e-01
8.412750000000000838e+00,1.443060700959293285e-01
8.412874999999999659e+00,1.445674241629628654e-01
8.413000000000000256e+00,1.427737745099193489e-01
8.413125000000000853e+00,1.436414582756118108e-01
8.413249999999999673e+00,1.424133300272014679e-01
8.413375000000000270e+00,1.412614117058925700e-01
8.413500000000000867e+00,1.393708115138689863e-01
8.413624999999999687e+00,1.393319363827583146e-01
8.413750000000000284e+00,1.381046097456657407e-01
8.413875000000000881e+00,1.376571808761433147e-01
8.413999999999999702e+00,1.357975183644590800e-01
8.414125000000000298e+00,1.345644640135290615e-01
8.414249999999999119e+00,1.338329534384214980e-01
8.414374999999999716e+00,1.324032076491992171e-01
8.414500000000000313e+00,1.316745759417443651e-01
8.414624999999999133e+00,1.290552075376378838e-01
8.414749999999999730e+00,1.277687835560765706e-01
8.414875000000000327e+00,1.271696457810858050e-01
8.414999999999999147e+00,1.239142893557279024e-01
8.415124999999999744e+00,1.237518365266154774e-01
8.415250000000000341e+00,1.212764503621297507e-01
8.415374999999999162e+00,1.202027594263039845e-01
8.415499999999999758e+00,1.187983326118757788e-01
8.415625000000000355e+00,1.167763200461564566e-01
8.415749999999999176e+00,1.150871031618496687e-01
8.415874999999999773e+00,1.129473735365138509e-01
8.416000000000000369e+00,1.116653211245868249e-01
8.416124999999999190e+00,1.096452628741637625e-01
8.416249999999999787e+00,1.067547079124970821e-01
8.416375000000000384e+00,1.053232342342891315e-01
8.416499999999999204e+00,1.026782283650877758e-01
8.416624999999999801e+00,1.014542688839412676e-01
8.416750000000000398e+00,9.885077794947072505e-02
8.416874999999999218e+00,9.694528075227282216e-02
8.416999999999999815e+00,9.362075704643402219e-02
8.417125000000000412e+00,9.140620838699575756e-02
8.417249999999999233e+00,8.975782785384289753e-02
8.417374999999999829e+00,8.664493105637838255e-02
8.417500000000000426e+00,8.488967925551094140e-02
8.417624999999999247e+00,8.254355386349487844e-02
8.417749999999999844e+00,7.965479384609075453e-02
8.417875000000000441e+00,7.727792126369337211e-02
8.417999999999999261e+00,7.513718255194490325e-02
8.418124999999999858e+00,7.211981570640979555e-02
8.418250000000000455e+00,7.062888891799978808e-02
8.418374999999999275e+00,6.669394658965899225e-02
8.418499999999999872e+00,6.441617076896477556e-02
8.418625000000000469e+00,6.135474607331836694e-02
8.418749999999999289e+00,5.906010717824372591e-02
8.418874999999999886e+00,5.780253388346423549e-02
8.419000000000000483e+00,5.422117442339668969e-02
8.419124999999999304e+00,5.140501570259203845e-02
8.419249999999999901e+00,4.917431375075587141e-02
8.419375000000000497e+00,4.758147990390959592e-02
8.419499999999999318e+00,4.481108704225178485e-02
8.419624999999999915e+00,4.154982126923201236e-02
8.419750000000000512e+00,3.928674408837196097e-02
8.419874999999999332e+00,3.655232831829735574e-02
8.419999999999999929e+00,3.428455359044590978e-02
8.420125000000000526e+00,3.168032864585157427e-02
8.420249999999999346e+00,2.978873054137487486e-02
8.420374999999999943e+00,2.718630262985222146e-02
8.420500000000000540e+00,2.426247905020950668e-02
8.420624999999999361e+00,2.342491268804458571e-02
8.420749999999999957e+00,2.108998196087519261e-02
8.420875000000000554e+00,1.826444681396210967e-02
8.420999999999999375e+00,1.700980358709891505e-02
8.421124999999999972e+00,1.278693435640043674e-02
8.421250000000000568e+00,1.090615678710804559e-02
8.421374999999999389e+00,1.057259238649166377e-02
8.421499999999999986e+00,7.326243292855139089e-03
8.421625000000000583e+00,5.915975344120028012e-03
8.421749999999999403e+00,3.399340466486933110e-03
8.421875000000000000e+00,9.497103682889473930e-04
8.422000000000000597e+00,-9.660714875661113865e-04
8.422124999999999417e+00,-2.423267422189567810e-03
8.422250000000000014e+00,-3.728311375514437032e-03
8.422375000000000611e+00,-5.510839994251170992e-03
8.422499999999999432e+00,-6.881517602593589800e-03
8.422625000000000028e+00,-8.464125811286749013e-03
8.422750000000000625e+00,-9.370553782281021427e-03
8.422874999999999446e+00,-1.136466860862661576e-02
8.423000000000000043e+00,-1.263550416559056089e-02
8.423125000000000639e+00,-1.344229711060584975e-02
8.423249999999999460e+00,-1.543704488169339584e-02
8.423375000000000057e+00,-1.547887005081172163e-02
8.423500000000000654e+00,-1.691358353008531878e-02
8.423624999999999474e+00,-1.780097305057459778e-02
8.423750000000000071e+00,-1.815055442051694001e-02
8.423875000000000668e+00,-1.917969704136801568e-02
8.423999999999999488e+00,-1.927706034129528234e-02
8.424125000000000085e+00,-2.047733550362096366e-02
8.424250000000000682e+00,-2.128421705881500259e-02
8.424374999999999503e+00,-2.045883845982032767e-02
8.424500000000000099e+00,-2.080070367866504455e-02
8.424625000000000696e+00,-2.147535661335453483e-02
8.424749999999999517e+00,-2.169144452485127772e-02
8.424875000000000114e+00,-2.165092126265832917e-02
8.425000000000000711e+00,-2.208342441833721637e-02
8.425124999999999531e+00,-2.164026487685788425e-02
8.425250000000000128e+00,-2.099627941475112891e-02
8.425375000000000725e+00,-2.175335145493662026e-02
8.425499999999999545e+00,-2.051781262792928828e-02
8.425625000000000142e+00,-2.006740209923485452e-02
8.425750000000000739e+00,-1.889786646284719041e-02
8.425874999999999559e+00,-1.787578487096652680e-02
8.426000000000000156e+00,-1.794839678001025618e-02
8.426125000000000753e+00,-1.743129612328431222e-02
8.426249999999999574e+00,-1.689552018062023819e-02
8.426375000000000171e+00,-1.523087544540047134e-02
8.426500000000000767e+00,-1.476142717979733732e-02
8.426624999999999588e+00,-1.318714440864532378e-02
8.426750000000000185e+00,-1.155792555284129719e-02
8.426875000000000782e+00,-1.055924273339492458e-02
8.426999999999999602e+00,-9.624857586794988151e-03
8.427125000000000199e+00,-7.694717212958224195e-03
8.427250000000000796e+00,-6.490373987237063602e-03
8.427374999999999616e+00,-5.074853107371879446e-03
8.427500000000000213e+00,-2.984471126984189482e-03
8.427625000000000810e+00,-1.867736687486853953e-03
8.427749999999999631e+00,3.114544405349306544e-04
8.427875000000000227e+00,2.536710014508614108e-03
8.428000000000000824e+00,4.333916623426858905e-03
8.428124999999999645e+00,5.930223646489096723e-03
8.428250000000000242e+00,8.769189614566741398e-03
8.428375000000000838e+00,1.007772158192743461e-02
8.428499999999999659e+00,1.202908572680527755e-02
8.428625000000000256e+00,1.477266540817190332e-02
8.428750000000000853e+00,1.789302503587997251e-02
8.428874999999999673e+00,2.033096233257047913e-02
8.429000000000000270e+00,2.259080719440298424e-02
8.429125000000000867e+00,2.361303624747357333e-02
8.429249999999999687e+00,2.696215252816536179e-02
8.429375000000000284e+00,2.939071836420303896e-02
8.429500000000000881e+00,3.258718445300168298e-02
8.429624999999999702e+00,3.392346331540707638e-02
8.429750000000000298e+00,3.736119781133240281e-02
8.429874999999999119e+00,3.987875070356849960e-02
8.429999999999999716e+00,4.326427587819203779e-02
8.430125000000000313e+00,4.515146408647119358e-02
8.430249999999999133e+00,4.784521372657302152e-02
8.430374999999999730e+00,5.058998861115604484e-02
8.430500000000000327e+00,5.353353579679875907e-02
8.430624999999999147e+00,5.556910409305082510e-02
8.430749999999999744e+00,5.939201398704163637e-02
8.430875000000000341e+00,6.183142879941350145e-02
8.430999999999999162e+00,6.512056599930104994e-02
8.431124999999999758e+00,6.837346044405911982e-02
8.431250000000000355e+00,7.059052776943808283e-02
8.431374999999999176e+00,7.389323929776736577e-02
8.431499999999999773e+00,7.635693641977603363e-02
8.431625000000000369e+00,8.010238260557223100e-02
8.431749999999999190e+00,8.291814473233038996e-02
8.431874999999999787e+00,8.560547485414282676e-02
8.432000000000000384e+00,8.871221378954530223e-02
8.432124999999999204e+00,9.190523808413608720e-02
8.432249999999999801e+00,9.454914537372616223e-02
8.432375000000000398e+00,9.678987128342875224e-02
8.432499999999999218e+00,9.963982191011488965e-02
8.432624999999999815e+00,1.031099112735915924e-01
8.432750000000000412e+00,1.056617229719112316e-01
8.432874999999999233e+00,1.094502173281721724e-01
8.432999999999999829e+00,1.111932697242430379e-01
8.433125000000000426e+00,1.137119133666963933e-01
8.433249999999999247e+00,1.172956978124695127e-01
8.433374999999999844e+00,1.187120350895334298e-01
8.433500000000000441e+00,1.219656875880286151e-01
8.433624999999999261e+00,1.249433613793176079e-01
8.433749999999999858e+00,1.281613938183348012e-01
8.433875000000000455e+00,1.305895274347257384e-01
8.433999999999999275e+00,1.326885361302689859e-01
8.434124999999999872e+00,1.352745056180530980e-01
8.434250000000000469e+00,1.365820828590003089e-01
8.434374999999999289e+00,1.411106243632396229e-01
8.434499999999999886e+00,1.424386267819865992e-01
8.434625000000000483e+00,1.445916911155560314e-01
8.434749999999999304e+00,1.468584430551853615e-01
8.434874999999999901e+00,1.495710033443575782e-01
8.435000000000000497e+00,1.524135993355013596e-01
8.435124999999999318e+00,1.536138358997582998e-01
8.435249999999999915e+00,1.562900202257200277e-01
8.435375000000000512e+00,1.581439538931874722e-01
8.435499999999999332e+00,1.598512772897233702e-01
8.435624999999999929e+00,1.618253304961285721e-01
8.435750000000000526e+00,1.645180535670771604e-01
8.435874999999999346e+00,1.659513785648201178e-01
8.435999999999999943e+00,1.681153394422985059e-01
8.436125000000000540e+00,1.689076931821400507e-01
8.436249999999999361e+00,1.708551010995833508e-01
8.436374999999999957e+00,1.725573548359005116e-01
8.436500000000000554e+00,1.732275531890952180e-01
8.436624999999999375e+00,1.752317798600131482e-01
8.436749999999999972e+00,1.769357268607425482e-01
8.436875000000000568e+00,1.782262845923447969e-01
8.436999999999999389e+00,1.793442454802161024e-01
8.437124999999999986e+00,1.808633422742644825e-01
8.437250000000000583e+00,1.816354946712070983e-01
8.437374999999999403e+00,1.828066637674936601e-01
8.437500000000000000e+00,1.841986450003449960e-01
8.437625000000000597e+00,1.853605095944974579e-01
8.437749999999999417e+00,1.861606544434000199e-01
8.437875000000000014e+00,1.873515734526272070e-01
8.438000000000000611e+00,1.872097215534580528e-01
8.438124999999999432e+00,1.882510476755498985e-01
8.438250000000000028e+00,1.886089223668214743e-01
8.438375000000000625e+00,1.888041143288337054e-01
8.438499999999999446e+00,1.905059273268179254e-01
8.438625000000000043e+00,1.902758727727658083e-01
8.438750000000000639e+00,1.907361846703246044e-01
8.438874999999999460e+00,1.908293623206684941e-01
8.439000000000000057e+00,1.912337170985072277e-01
8.439125000000000654e+00,1.910573436267544167e-01
8.439249999999999474e+00,1.906516356698428893e-01
8.439375000000000071e+00,1.907158462747737815e-01
8.439500000000000668e+00,1.906409205690895448e-01
8.439624999999999488e+00,1.902986276458076276e-01
8.439750000000000085e+00,1.905855099147579779e-01
8.439875000000000682e+00,1.896514348600764066e-01
8.439999999999999503e+00,1.902058686539458421e-01
8.440125000000000099e+00,1.886551772163649332e-01
8.440250000000000696e+00,1.891149798113254121e-01
8.440374999999999517e+00,1.880096113994298435e-01
8.440500000000000114e+00,1.869848102172291249e-01
8.440625000000000711e+00,1.862875707340911902e-01
8.440749999999999531e+00,1.852848662267927438e-01
8.440875000000000128e+00,1.847143089723690679e-01
8.441000000000000725e+00,1.831342499107151411e-01
8.441124999999999545e+00,1.824825502170419611e-01
8.441250000000000142e+00,1.815541427452007639e-01
8.441375000000000739e+00,1.807292227838157572e-01
8.441499999999999559e+00,1.793390570854587196e-01
8.441625000000000156e+00,1.774269244501667231e-01
8.441750000000000753e+00,1.765444163958314050e-01
8.441874999999999574e+00,1.749103315256679281e-01
8.442000000000000171e+00,1.734146835645002938e-01
8.442125000000000767e+00,1.715297800168098519e-01
8.442249999999999588e+00,1.694428686068771839e-01
8.442375000000000185e+00,1.673417570430384416e-01
8.442500000000000782e+00,1.664525782995145420e-01
8.442624999999999602e+00,1.651797074461995862e-01
8.442750000000000199e+00,1.609994437186479388e-01
8.442875000000000796e+00,1.607838909626231327e-01
8.442999999999999616e+00,1.588873591224864157e-01
8.443125000000000213e+00,1.565064018177899641e-01
8.443250000000000810e+00,1.540589275711301553e-01
8.443374999999999631e+00,1.506378943375175083e-01
8.443500000000000227e+00,1.487547592797717755e-01
8.443625000000000824e+00,1.460158930732458060e-01
8.443749999999999645e+00,1.442371615702757737e-01
8.443875000000000242e+00,1.412054824891519900e-01
8.444000000000000838e+00,1.383179751212502140e-01
8.444124999999999659e+00,1.359899871366962998e-01
8.444250000000000256e+00,1.335275403137696770e-01
8.444375000000000853e+00,1.304572694858787685e-01
8.444499999999999673e+00,1.281708159065146901e-01
8.444625000000000270e+00,1.243509650877374639e-01
8.444750000000000867e+00,1.203868767062061806e-01
8.444874999999999687e+00,1.183123656772089305e-01
8.445000000000000284e+00,1.155394459125158590e-01
8.445125000000000881e+00,1.125192361462392654e-01
8.445249999999999702e+00,1.091594793692252097e-01
8.445375000000000298e+00,1.061323259579758371e-01
8.445499999999999119e+00,1.023214514626573646e-01
8.445624999999999716e+00,9.946124329364813832e-02
8.445750000000000313e+00,9.649068464594989791e-02
8.445874999999999133e+00,9.279665796101710384e-02
8.445999999999999730e+00,9.003845603053051150e-02
8.446125000000000327e+00,8.615109803865728111e-02
8.446249999999999147e+00,8.294630803331060065e-02
8.446374999999999744e+00,7.905541434091922781e-02
8.446500000000000341e+00,7.601886048134787188e-02
8.446624999999999162e+00,7.310986127348151342e-02
8.446749999999999758e+00,6.936432935606262618e-02
8.446875000000000355e+00,6.556790273046786410e-02
8.446999999999999176e+00,6.176192217596110368e-02
8.447124999999999773e+00,5.930295424193943177e-02
8.447250000000000369e+00,5.462944256446533586e-02
8.447374999999999190e+00,5.172043008593085744e-02
8.447499999999999787e+00,4.836420987516021341e-02
8.447625000000000384e+00,4.532913691241446941e-02
8.447749999999999204e+00,4.122952825986381242e-02
8.447874999999999801e+00,3.790338412418492453e-02
8.448000000000000398e+00,3.419134559578296262e-02
8.448124999999999218e+00,3.029172201522989383e-02
8.448249999999999815e+00,2.741454558341871461e-02
8.448375000000000412e+00,2.349257525994197238e-02
8.448499999999999233e+00,2.049241983016614199e-02
8.448624999999999829e+00,1.639849722748643046e-02
8.448750000000000426e+00,1.330233522503654342e-02
8.448874999999999247e+00,9.724196837417764527e-03
8.448999999999999844e+00,7.152441848672808078e-03
8.449125000000000441e+00,2.852921680684517014e-03
8.449249999999999261e+00,-3.003360974833668706e-04
8.449374999999999858e+00,-4.124452063276606850e-03
8.449500000000000455e+00,-6.055747963367608122e-03
8.449624999999999275e+00,-8.130894004926503271e-03
8.449749999999999872e+00,-1.228950074965062811e-02
8.449875000000000469e+00,-1.619290820676866360e-02
8.449999999999999289e+00,-1.941460004454498289e-02
8.450124999999999886e+00,-2.282709358482648554e-02
8.450250000000000483e+00,-2.475389746704159677e-02
8.450374999999999304e+00,-2.809873162123111001e-02
8.450499999999999901e+00,-3.024470466494477705e-02
8.450625000000000497e+00,-3.389730972073401460e-02
8.450749999999999318e+00,-3.689255836377824949e-02
8.450874999999999915e+00,-3.895116265491083141e-02
8.451000000000000512e+00,-4.182400855598977785e-02
8.451124999999999332e+00,-4.461268880729463149e-02
8.451249999999999929e+00,-4.675043949223578466e-02
8.451375000000000526e+00,-4.952335340762203941e-02
8.451499999999999346e+00,-5.194379446757935170e-02
8.451624999999999943e+00,-5.406350799847814415e-02
8.451750000000000540e+00,-5.650021751234035605e-02
8.451874999999999361e+00,-5.838711917741257196e-02
8.451999999999999957e+00,-6.130324752344584738e-02
8.452125000000000554e+00,-6.312290531956499251e-02
8.452249999999999375e+00,-6.481502918353498899e-02
8.452374999999999972e+00,-6.623855395033828586e-02
8.452500000000000568e+00,-6.894827942828385403e-02
8.452624999999999389e+00,-7.085281248162544898e-02
8.452749999999999986e+00,-7.226361473799869373e-02
8.452875000000000583e+00,-7.429099831919572239e-02
8.452999999999999403e+00,-7.610984411451227061e-02
8.453125000000000000e+00,-7.695236343529465728e-02
8.453250000000000597e+00,-7.929343627959895002e-02
8.453374999999999417e+00,-8.010786485638199395e-02
8.453500000000000014e+00,-8.150699332825261934e-02
8.453625000000000611e+00,-8.217689057201482683e-02
8.453749999999999432e+00,-8.346164971671754529e-02
8.453875000000000028e+00,-8.420382354849742512e-02
8.454000000000000625e+00,-8.572286752197122439e-02
8.454124999999999446e+00,-8.637037584795237422e-02
8.454250000000000043e+00,-8.785740480729309354e-02
8.454375000000000639e+00,-8.822105249088174617e-02
8.454499999999999460e+00,-8.884811005587245347e-02
8.454625000000000057e+00,-8.941077562826293956e-02
8.454750000000000654e+00,-8.975989531226780116e-02
8.454874999999999474e+00,-9.140859234675779987e-02
8.455000000000000071e+00,-9.142401177928860534e-02
8.455125000000000668e+00,-9.184653229851491574e-02
8.455249999999999488e+00,-9.174131838549470785e-02
8.455375000000000085e+00,-9.166529458475380920e-02
8.455500000000000682e+00,-9.169123722632654960e-02
8.455624999999999503e+00,-9.226086222944118731e-02
8.455750000000000099e+00,-9.211536936910924567e-02
8.455875000000000696e+00,-9.152488957721871543e-02
8.455999999999999517e+00,-9.247360274894056431e-02
8.456125000000000114e+00,-9.060378228617871343e-02
8.456250000000000711e+00,-9.104939413987978014e-02
8.456374999999999531e+00,-9.065304395233297896e-02
8.456500000000000128e+00,-9.088926432147026446e-02
8.456625000000000725e+00,-8.981098235934759089e-02
8.456749999999999545e+00,-8.903644361613416436e-02
8.456875000000000142e+00,-8.891301134191920141e-02
8.457000000000000739e+00,-8.720591174891367814e-02
8.457124999999999559e+00,-8.664482625547265116e-02
8.457250000000000156e+00,-8.663015759465508836e-02
8.457375000000000753e+00,-8.451963910010817926e-02
8.457499999999999574e+00,-8.458899331098912455e-02
8.457625000000000171e+00,-8.260917482882312868e-02
8.457750000000000767e+00,-8.302272548949396480e-02
8.457874999999999588e+00,-8.142544282213393103e-02
8.458000000000000185e+00,-8.079054243817296310e-02
8.458125000000000782e+00,-7.979462189396713256e-02
8.458249999999999602e+00,-7.892176912893944518e-02
8.458375000000000199e+00,-7.691306288275612246e-02
8.458500000000000796e+00,-7.594174562518674065e-02
8.458624999999999616e+00,-7.405853857074795599e-02
8.458750000000000213e+00,-7.292591364184275449e-02
8.458875000000000810e+00,-7.162239715432683340e-02
8.458999999999999631e+00,-6.960386553764585926e-02
8.459125000000000227e+00,-6.827532538355640668e-02
8.459250000000000824e+00,-6.735833658747303332e-02
8.459374999999999645e+00,-6.495664078475194003e-02
8.459500000000000242e+00,-6.359697283607168572e-02
8.459625000000000838e+00,-6.151052483612673427e-02
8.459749999999999659e+00,-6.026529247807843603e-02
8.459875000000000256e+00,-5.838675644798030362e-02
8.460000000000000853e+00,-5.619715015366466559e-02
8.460124999999999673e+00,-5.515911582047827721e-02
8.460250000000000270e+00,-5.339101499831500064e-02
8.460375000000000867e+00,-5.124381450439763341e-02
8.460499999999999687e+00,-4.917930559480154784e-02
8.460625000000000284e+00,-4.786287929772647942e-02
8.460750000000000881e+00,-4.592027296558853777e-02
8.460874999999999702e+00,-4.379689419643106874e-02
8.461000000000000298e+00,-4.115215393922611042e-02
8.461124999999999119e+00,-4.063882848987354635e-02
8.461249999999999716e+00,-3.812403752740145535e-02
8.461375000000000313e+00,-3.633180272812985834e-02
8.461499999999999133e+00,-3.450166195939807778e-02
8.461624999999999730e+00,-3.253650721756784492e-02
8.461750000000000327e+00,-2.985998738498807370e-02
8.461874999999999147e+00,-2.816881741846266607e-02
8.461999999999999744e+00,-2.583922599386134777e-02
8.462125000000000341e+00,-2.462665617146519992e-02
8.462249999999999162e+00,-2.084982904457888253e-02
8.462374999999999758e+00,-1.942698622602279102e-02
8.462500000000000355e+00,-1.804005233698013910e-02
8.462624999999999176e+00,-1.490161432074543768e-02
8.462749999999999773e+00,-1.310702748586578537e-02
8.462875000000000369e+00,-1.110837029306388501e-02
8.462999999999999190e+00,-8.888132158462624943e-03
8.463124999999999787e+00,-6.743927687409723148e-03
8.463250000000000384e+00,-5.077179753280702812e-03
8.463374999999999204e+00,-2.721921993575904253e-03
8.463499999999999801e+00,-1.556785875980182254e-04
8.463625000000000398e+00,2.407348170191170311e-03
8.463749999999999218e+00,4.285918308804426147e-03
8.463874999999999815e+00,6.702472737318387885e-03
8.464000000000000412e+00,8.667858495448044209e-03
8.464124999999999233e+00,1.106064992592159513e-02
8.464249999999999829e+00,1.364252770478557863e-02
8.464375000000000426e+00,1.591572538595897868e-02
8.464499999999999247e+00,1.897445436757827508e-02
8.464624999999999844e+00,2.025268333768082130e-02
8.464750000000000441e+00,2.295060157375417020e-02
8.464874999999999261e+00,2.401535066589666201e-02
8.464999999999999858e+00,2.642128539007160271e-02
8.465125000000000455e+00,2.956368511680551592e-02
8.465249999999999275e+00,3.065092711503325518e-02
8.465374999999999872e+00,3.414530538783466795e-02
8.465500000000000469e+00,3.587065879585438211e-02
8.465624999999999289e+00,3.926486699810283199e-02
8.465749999999999886e+00,4.135364897720528177e-02
8.465875000000000483e+00,4.199153769529040403e-02
8.465999999999999304e+00,4.534392480031534944e-02
8.466124999999999901e+00,4.774750580012998569e-02
8.466250000000000497e+00,4.978104395098803536e-02
8.466374999999999318e+00,5.267405195032814902e-02
8.466499999999999915e+00,5.438383857143058719e-02
8.466625000000000512e+00,5.686037902720286752e-02
8.466749999999999332e+00,5.927627255285905505e-02
8.466874999999999929e+00,6.133394522556478989e-02
8.467000000000000526e+00,6.267775222869076401e-02
8.467124999999999346e+00,6.600572728057763072e-02
8.467249999999999943e+00,6.765513854615790024e-02
8.467375000000000540e+00,7.035249054965753146e-02
8.467499999999999361e+00,7.133252932830203008e-02
8.467624999999999957e+00,7.405961884573741827e-02
8.467750000000000554e+00,7.521958178391585648e-02
8.467874999999999375e+00,7.899455179343739530e-02
8.467999999999999972e+00,8.098556175140814162e-02
8.468125000000000568e+00,8.151119254613625742e-02
8.468249999999999389e+00,8.416439381865359337e-02
8.468374999999999986e+00,8.640493249055758440e-02
8.468500000000000583e+00,8.838714300800631918e-02
8.468624999999999403e+00,9.109777801191754065e-02
8.468750000000000000e+00,9.239577528422948660e-02
8.468875000000000597e+00,9.448011177066817368e-02
8.468999999999999417e+00,9.618716202994370690e-02
8.469125000000000014e+00,9.761383573989768081e-02
8.469250000000000611e+00,1.000144399913587279e-01
8.469374999999999432e+00,1.015889665396834118e-01
8.469500000000000028e+00,1.026876294050893534e-01
8.469625000000000625e+00,1.044721657328526732e-01
8.469749999999999446e+00,1.058016968234642974e-01
8.469875000000000043e+00,1.080229912243009238e-01
8.470000000000000639e+00,1.096522892943490035e-01
8.470124999999999460e+00,1.106851789420435495e-01
8.470250000000000057e+00,1.128566654783416112e-01
8.470375000000000654e+00,1.135966281269169542e-01
8.470499999999999474e+00,1.148739036415822312e-01
8.470625000000000071e+00,1.171574077935844116e-01
8.470750000000000668e+00,1.182868817109703485e-01
8.470874999999999488e+00,1.190749554202277238e-01
8.471000000000000085e+00,1.194580967832781226e-01
8.471125000000000682e+00,1.213938612724057009e-01
8.471249999999999503e+00,1.222271814133097934e-01
8.471375000000000099e+00,1.232010115299235764e-01
8.471500000000000696e+00,1.242841072937768132e-01
8.471624999999999517e+00,1.246015005182368185e-01
8.471750000000000114e+00,1.250419471316384090e-01
8.471875000000000711e+00,1.261443652724594244e-01
8.471999999999999531e+00,1.271514757168095144e-01
8.472125000000000128e+00,1.274192890227698882e-01
8.472250000000000725e+00,1.288299774349290772e-01
8.472374999999999545e+00,1.291652456294887230e-01
8.472500000000000142e+00,1.297459384748016475e-01
8.472625000000000739e+00,1.301685215709973420e-01
8.472749999999999559e+00,1.304724255589881921e-01
8.472875000000000156e+00,1.303747545045652600e-01
8.473000000000000753e+00,1.313308517500999528e-01
8.473124999999999574e+00,1.307152714664088222e-01
8.473250000000000171e+00,1.317052354386074597e-01
8.473375000000000767e+00,1.306874858599353928e-01
8.473499999999999588e+00,1.307192892858175526e-01
8.473625000000000185e+00,1.310914915922190005e-01
8.473750000000000782e+00,1.310051869824651050e-01
8.473874999999999602e+00,1.302687010449083971e-01
8.474000000000000199e+00,1.301783703556260718e-01
8.474125000000000796e+00,1.302859055805338784e-01
8.474249999999999616e+00,1.299485859593012549e-01
8.474375000000000213e+00,1.294530441654657693e-01
8.474500000000000810e+00,1.294679510971992187e-01
8.474624999999999631e+00,1.285725060612215032e-01
8.474750000000000227e+00,1.280052359443146770e-01
8.474875000000000824e+00,1.272720473670521102e-01
8.474999999999999645e+00,1.262135723822144229e-01
8.475125000000000242e+00,1.257314820324815230e-01
8.475250000000000838e+00,1.251495786220484518e-01
8.475374999999999659e+00,1.240012263546503846e-01
8.475500000000000256e+00,1.227218272127110765e-01
8.475625000000000853e+00,1.219619391921735740e-01
8.475749999999999673e+00,1.211745301756259607e-01
8.475875000000000270e+00,1.203649726583790880e-01
8.476000000000000867e+00,1.198695896320884913e-01
8.476124999999999687e+00,1.192970175385266174e-01
8.476250000000000284e+00,1.180265916881229060e-01
8.476375000000000881e+00,1.162066181878653737e-01
8.476499999999999702e+00,1.154265590111229756e-01
8.476625000000000298e+00,1.137751450939763487e-01
8.476749999999999119e+00,1.125507614327183603e-01
8.476874999999999716e+00,1.114545586340511818e-01
8.477000000000000313e+00,1.096324380154900524e-01
8.477124999999999133e+00,1.095774050954645418e-01
8.477249999999999730e+00,1.078997317500913766e-01
8.477375000000000327e+00,1.063994056195127769e-01
8.477499999999999147e+00,1.047982373366966868e-01
8.477624999999999744e+00,1.035830955929206709e-01
8.477750000000000341e+00,1.024858822142000747e-01
8.477874999999999162e+00,1.013452568709229951e-01
8.477999999999999758e+00,9.975862955491798800e-02
8.478125000000000355e+00,9.868233777793378181e-02
8.478249999999999176e+00,9.642293465379303541e-02
8.478374999999999773e+00,9.544759860818174957e-02
8.478500000000000369e+00,9.336177837991854744e-02
8.478624999999999190e+00,9.330262519579513025e-02
8.478749999999999787e+00,9.184418613278921839e-02
8.478875000000000384e+00,8.984126545120574292e-02
8.478999999999999204e+00,8.842999328079415022e-02
8.479124999999999801e+00,8.636320227329541410e-02
8.479250000000000398e+00,8.632616300485018712e-02
8.479374999999999218e+00,8.482845932004501321e-02
8.479499999999999815e+00,8.268870666090499810e-02
8.479625000000000412e+00,8.184291078388916674e-02
8.479749999999999233e+00,8.047639666659378577e-02
8.479874999999999829e+00,7.918744582714154490e-02
8.480000000000000426e+00,7.782097169901724953e-02
8.480124999999999247e+00,7.655100035291617644e-02
8.480249999999999844e+00,7.557552155825675300e-02
8.480375000000000441e+00,7.366346030681469870e-02
8.480499999999999261e+00,7.320648562985887509e-02
8.480624999999999858e+00,7.243112410112750865e-02
8.480750000000000455e+00,7.157678304777981282e-02
8.480874999999999275e+00,6.985071847048551774e-02
8.480999999999999872e+00,6.837319466468017026e-02
8.481125000000000469e+00,6.760105813478034520e-02
8.481249999999999289e+00,6.668530318230736498e-02
8.481374999999999886e+00,6.542711423960057004e-02
8.481500000000000483e+00,6.486826307057746988e-02
8.481624999999999304e+00,6.395785372924045475e-02
8.481749999999999901e+00,6.210267366733646099e-02
8.481875000000000497e+00,6.217875117213189640e-02
8.481999999999999318e+00,6.031889813494473174e-02
8.482124999999999915e+00,5.913409357132159982e-02
8.482250000000000512e+00,5.861829081357328164e-02
8.482374999999999332e+00,5.879644118602023184e-02
8.482499999999999929e+00,5.691435739348982281e-02
8.482625000000000526e+00,5.691026007339949899e-02
8.482749999999999346e+00,5.679163250154317666e-02
8.482874999999999943e+00,5.446488849179154101e-02
8.483000000000000540e+00,5.494544814958679524e-02
8.483124999999999361e+00,5.324751994920795539e-02
8.483249999999999957e+00,5.332506398457148578e-02
8.483375000000000554e+00,5.268612252313076283e-02
8.483499999999999375e+00,5.179246439258378132e-02
8.483624999999999972e+00,5.220866374978783142e-02
8.483750000000000568e+00,5.116831576109603930e-02
8.483874999999999389e+00,5.070221843356215174e-02
8.483999999999999986e+00,5.031925952610372121e-02
8.484125000000000583e+00,4.894833057937653109e-02
8.484249999999999403e+00,4.892001757369790482e-02
8.484375000000000000e+00,4.808002406364408898e-02
8.484500000000000597e+00,4.918949659781013395e-02
8.484624999999999417e+00,4.869158288275166058e-02
8.484750000000000014e+00,4.773079678950331584e-02
8.484875000000000611e+00,4.700030264067045493e-02
8.484999999999999432e+00,4.664193163704766221e-02
8.485125000000000028e+00,4.689892576169540916e-02
8.485250000000000625e+00,4.634090247922628691e-02
8.485374999999999446e+00,4.563447375899620795e-02
8.485500000000000043e+00,4.509189969983751212e-02
8.485625000000000639e+00,4.509332053373249494e-02
8.485749999999999460e+00,4.461854372696016924e-02
8.485875000000000057e+00,4.430816735603215761e-02
8.486000000000000654e+00,4.350819275550144027e-02
8.486124999999999474e+00,4.430041663601258506e-02
8.486250000000000071e+00,4.345623957960320638e-02
8.486375000000000668e+00,4.187548456909873096e-02
8.486499999999999488e+00,4.208588856945993939e-02
8.486625000000000085e+00,4.204001919891986461e-02
8.486750000000000682e+00,4.160377711461649142e-02
8.486874999999999503e+00,4.110608169224860831e-02
8.487000000000000099e+00,4.004032825638148552e-02
8.487125000000000696e+00,3.974514912599147465e-02
8.487249999999999517e+00,3.951170985480700892e-02
8.487375000000000114e+00,3.946776737274504399e-02
8.487500000000000711e+00,3.811096961277193884e-02
8.487624999999999531e+00,3.764236342270699254e-02
8.487750000000000128e+00,3.724405287806931142e-02
8.487875000000000725e+00,3.655584687997937010e-02
8.487999999999999545e+00,3.611163555767404887e-02
8.488125000000000142e+00,3.623656300147892750e-02
8.488250000000000739e+00,3.548959502009552125e-02
8.488374999999999559e+00,3.451138586167168398e-02
8.488500000000000156e+00,3.434979998437803772e-02
8.488625000000000753e+00,3.354861255015251231e-02
8.488749999999999574e+00,3.366712941105198809e-02
8.488875000000000171e+00,3.145803273383940279e-02
8.489000000000000767e+00,3.080943890625320591e-02
8.489124999999999588e+00,3.019528286448291965e-02
8.489250000000000185e+00,2.844682692726330231e-02
8.489375000000000782e+00,2.832240804006147528e-02
8.489499999999999602e+00,2.675326504872366229e-02
8.489625000000000199e+00,2.699586186809277422e-02
8.489750000000000796e+00,2.519616482884323716e-02
8.489874999999999616e+00,2.453104560203733797e-02
8.490000000000000213e+00,2.380001802677433886e-02
8.490125000000000810e+00,2.276646556421901835e-02
8.490249999999999631e+00,2.026320049751895169e-02
8.490375000000000227e+00,2.023033282300445990e-02
8.490500000000000824e+00,1.886556520549831362e-02
8.490624999999999645e+00,1.830261421882894979e-02
8.490750000000000242e+00,1.663945513430853396e-02
8.490875000000000838e+00,1.683284334274937066e-02
8.490999999999999659e+00,1.435081204948218669e-02
8.491125000000000256e+00,1.410313757578940397e-02
8.491250000000000853e+00,1.189481845232975843e-02
8.491374999999999673e+00,1.109091788402061241e-02
8.491500000000000270e+00,9.589491939919980723e-03
8.491625000000000867e+00,9.396268613819813709e-03
8.491749999999999687e+00,7.583422894999358732e-03
8.491875000000000284e+00,6.332926422903284447e-03
8.492000000000000881e+00,4.052745601542895315e-03
8.492124999999999702e+00,2.909175483139847529e-03
8.492250000000000298e+00,1.999583274949756628e-03
8.492374999999999119e+00,-1.043733648344868925e-04
8.492499999999999716e+00,-1.633251591735884745e-03
8.492625000000000313e+00,-2.258541308622241672e-03
8.492749999999999133e+00,-3.656211067792014546e-03
8.492874999999999730e+00,-5.331464445575306854e-03
8.493000000000000327e+00,-6.530225374827836049e-03
8.493124999999999147e+00,-7.153823835629680161e-03
8.493249999999999744e+00,-9.569093287964847150e-03
8.493375000000000341e+00,-9.659608921332107911e-03
8.493499999999999162e+00,-1.124267659164246425e-02
8.493624999999999758e+00,-1.333675168889669749e-02
8.493750000000000355e+00,-1.473829367020584868e-02
8.493874999999999176e+00,-1.648137830849805141e-02
8.493999999999999773e+00,-1.685603938011759340e-02
8.494125000000000369e+00,-1.807337163548616843e-02
8.494249999999999190e+00,-1.979282932311576815e-02
8.494374999999999787e+00,-2.008187959988916305e-02
8.494500000000000384e+00,-2.196171113135392261e-02
8.494624999999999204e+00,-2.233329419226848245e-02
8.494749999999999801e+00,-2.367189549995885045e-02
8.494875000000000398e+00,-2.533959978404354274e-02
8.494999999999999218e+00,-2.584985930195848880e-02
8.495124999999999815e+00,-2.606705136376774590e-02
8.495250000000000412e+00,-2.769562942803105443e-02
8.495374999999999233e+00,-2.849825058902233366e-02
8.495499999999999829e+00,-2.919324601795025842e-02
8.495625000000000426e+00,-3.064407405968339049e-02
8.495749999999999247e+00,-3.032790869519530474e-02
8.495874999999999844e+00,-3.311474033190719979e-02
8.496000000000000441e+00,-3.392666791302012541e-02
8.496124999999999261e+00,-3.363730523604324674e-02
8.496249999999999858e+00,-3.525879546215904270e-02
8.496375000000000455e+00,-3.544889359713998545e-02
8.496499999999999275e+00,-3.603312618397502831e-02
8.496624999999999872e+00,-3.843330655832666309e-02
8.496750000000000469e+00,-3.749501367712859690e-02
8.496874999999999289e+00,-3.775454982047143915e-02
8.496999999999999886e+00,-3.836998365729371585e-02
8.497125000000000483e+00,-3.901368569489349625e-02
8.497249999999999304e+00,-3.995594613226671754e-02
8.497374999999999901e+00,-4.081161377732556161e-02
8.497500000000000497e+00,-4.101622908755508945e-02
8.497624999999999318e+00,-4.159325747414222008e-02
8.497749999999999915e+00,-4.140662636900493965e-02
8.497875000000000512e+00,-4.175379635397646894e-02
8.497999999999999332e+00,-4.193796612206845964e-02
8.498124999999999929e+00,-4.280771445974629330e-02
8.498250000000000526e+00,-4.386052099904702573e-02
8.498374999999999346e+00,-4.265790466946839388e-02
8.498499999999999943e+00,-4.382762779800408737e-02
8.498625000000000540e+00,-4.353092506575606535e-02
8.498749999999999361e+00,-4.409919504111847743e-02
8.498874999999999957e+00,-4.426885877705721839e-02
8.499000000000000554e+00,-4.423600909133007519e-02
8.499124999999999375e+00,-4.407869768840200209e-02
8.499249999999999972e+00,-4.469929008122086600e-02
8.499375000000000568e+00,-4.430868370072182927e-02
8.499499999999999389e+00,-4.411778076189065700e-02
8.499624999999999986e+00,-4.435191329410059780e-02
8.499750000000000583e+00,-4.444456870334079213e-02
8.499874999999999403e+00,-4.506451617489481976e-02
8.500000000000000000e+00,-4.491388554394859511e-02
8.500125000000000597e+00,-2.984268973133907821e-02
8.500249999999999417e+00,-3.050891611289863192e-02
8.500375000000000014e+00,-3.061545228953654885e-02
8.500500000000000611e+00,-3.002316800496096505e-02
8.500624999999999432e+00,-3.193256338935235306e-02
8.500750000000000028e+00,-3.064525188581868065e-02
8.500875000000000625e+00,-3.027987212629312808e-02
8.500999999999999446e+00,-3.291098867499719915e-02
8.501125000000000043e+00,-3.058250677604057444e-02
8.501250000000000639e+00,-3.220024396157405988e-02
8.501374999999999460e+00,-3.186201061848237259e-02
8.501500000000000057e+00,-3.300745801990956352e-02
8.501625000000000654e+00,-3.250222497787191855e-02
8.501749999999999474e+00,-3.591286666470594469e-02
8.501875000000000071e+00,-3.447468674957576695e-02
8.502000000000000668e+00,-3.727541828592961792e-02
8.502124999999999488e+00,-3.713865503768332132e-02
8.502250000000000085e+00,-3.903908366005914843e-02
8.502375000000000682e+00,-4.233311505084103032e-02
8.502499999999999503e+00,-4.476230120973312410e-02
8.502625000000000099e+00,-4.677071993153703033e-02
8.502750000000000696e+00,-5.062217241884070518e-02
8.502874999999999517e+00,-5.440481017173404155e-02
8.503000000000000114e+00,-5.737207667020172153e-02
8.503125000000000711e+00,-6.066232057471765415e-02
8.503249999999999531e+00,-6.677613615253363832e-02
8.503375000000000128e+00,-7.261248446518031585e-02
8.503500000000000725e+00,-7.688672405261520737e-02
8.503624999999999545e+00,-8.397929579148133428e-02
8.503750000000000142e+00,-9.068580679289262036e-02
8.503875000000000739e+00,-9.605969737515707152e-02
8.503999999999999559e+00,-1.035387199988342388e-01
8.504125000000000156e+00,-1.118170700895291247e-01
8.504250000000000753e+00,-1.212969929237903699e-01
8.504374999999999574e+00,-1.321484892454893867e-01
8.504500000000000171e+00,-1.404218389281002288e-01
8.504625000000000767e+00,-1.506459214082180864e-01
8.504749999999999588e+00,-1.601791925177202813e-01
8.504875000000000185e+00,-1.664948676499982128e-01
8.505000000000000782e+00,-1.744223391156243252e-01
8.505124999999999602e+00,-1.799992573249244998e-01
8.505250000000000199e+00,-1.845838360628668795e-01
8.505375000000000796e+00,-1.875254919417574939e-01
8.505499999999999616e+00,-1.874075482692134642e-01
8.505625000000000213e+00,-1.851184666269354295e-01
8.505750000000000810e+00,-1.801818303858446768e-01
8.505874999999999631e+00,-1.754415932751243190e-01
8.506000000000000227e+00,-1.675164711907921600e-01
8.506125000000000824e+00,-1.560953503695063915e-01
8.506249999999999645e+00,-1.496402676052053238e-01
8.506375000000000242e+00,-1.415079574743689506e-01
8.506500000000000838e+00,-1.300980048957232071e-01
8.506624999999999659e+00,-1.208249356621333703e-01
8.506750000000000256e+00,-1.103110301705925167e-01
8.506875000000000853e+00,-1.031843022063370086e-01
8.506999999999999673e+00,-9.545706387895336320e-02
8.507125000000000270e+00,-8.676503275652436287e-02
8.507250000000000867e+00,-7.854909713414492956e-02
8.507374999999999687e+00,-7.314283958469935953e-02
8.507500000000000284e+00,-6.670076470824959358e-02
8.507625000000000881e+00,-6.176445651655804170e-02
8.507749999999999702e+00,-5.602094716077310466e-02
8.507875000000000298e+00,-5.075893841890888325e-02
8.507999999999999119e+00,-4.685539789979564773e-02
8.508124999999999716e+00,-4.306503134209371808e-02
8.508250000000000313e+00,-4.042237249417723888e-02
8.508374999999999133e+00,-3.825837589361391622e-02
8.508499999999999730e+00,-3.294735779321200653e-02
8.508625000000000327e+00,-3.041186307089915886e-02
8.508749999999999147e+00,-2.788202171191223044e-02
8.508874999999999744e+00,-2.580356818066142921e-02
8.509000000000000341e+00,-2.438705753983860802e-02
8.509124999999999162e+00,-2.124940003541198053e-02
8.509249999999999758e+00,-1.993810479521762602e-02
8.509375000000000355e+00,-1.897105248902342112e-02
8.509499999999999176e+00,-1.756028651894503412e-02
8.509624999999999773e+00,-1.594839563817451733e-02
8.509750000000000369e+00,-1.412781311635313841e-02
8.509874999999999190e+00,-1.137184530055357357e-02
8.509999999999999787e+00,-1.032215277029635558e-02
8.510125000000000384e+00,-1.010867863517006526e-02
8.510249999999999204e+00,-9.254669344336718950e-03
8.510374999999999801e+00,-9.695475466626746197e-03
8.510500000000000398e+00,-8.351566380206065787e-03
8.510624999999999218e+00,-7.129524201273440553e-03
8.510749999999999815e+00,-6.426875710909385475e-03
8.510875000000000412e+00,-4.355483079368838162e-03
8.510999999999999233e+00,-3.534763807564900162e-03
8.511124999999999829e+00,-4.370135825142895669e-03
8.511250000000000426e+00,-3.112696604938847145e-03
8.511374999999999247e+00,-3.275546443658683415e-03
8.511499999999999844e+00,-3.048386178667428226e-03
8.511625000000000441e+00,-5.635930909644315534e-04
8.511749999999999261e+00,-2.423810984495844423e-03
8.511874999999999858e+00,-2.476640161971133125e-03
8.512000000000000455e+00,9.191139225883659947e-05
8.512124999999999275e+00,9.882527819939923575e-04
8.512249999999999872e+00,7.407741210112561703e-04
8.512375000000000469e+00,2.231847486077853659e-03
8.512499999999999289e+00,-4.171091895077694289e-04
8.512624999999999886e+00,-6.122526924166038498e-04
8.512750000000000483e+00,8.649813022376662275e-04
8.512874999999999304e+00,6.080511402739574578e-04
8.512999999999999901e+00,1.242952874381586525e-03
8.513125000000000497e+00,1.879808554331674486e-03
8.513249999999999318e+00,8.593661311628864041e-04
8.513374999999999915e+00,7.324889237434462075e-04
8.513500000000000512e+00,1.671384534882136563e-03
8.513624999999999332e+00,1.841428686663704184e-03
8.513749999999999929e+00,1.400939823055225020e-03
8.513875000000000526e+00,5.941713264601133915e-04
8.513999999999999346e+00,-2.594569921239298083e-04
8.514124999999999943e+00,5.983431683507234311e-04
8.514250000000000540e+00,-2.483485220547976269e-04
8.514374999999999361e+00,6.616875618323803110e-04
8.514499999999999957e+00,4.044613109019934427e-04
8.514625000000000554e+00,-8.241012973559946886e-04
8.514749999999999375e+00,-3.870566981145628915e-04
8.514874999999999972e+00,-2.687171171503521805e-03
8.515000000000000568e+00,-2.631414262662445935e-03
8.515124999999999389e+00,-3.892215669884180329e-03
8.515249999999999986e+00,-2.668316434149886618e-03
8.515375000000000583e+00,-2.907512275042378747e-03
8.515499999999999403e+00,-3.870656553512930032e-03
8.515625000000000000e+00,-6.659807854941135474e-03
8.515750000000000597e+00,-6.131204707944704069e-03
8.515874999999999417e+00,-5.439047339331537501e-03
8.516000000000000014e+00,-8.069280638959952512e-03
8.516125000000000611e+00,-9.981989680197145276e-03
8.516249999999999432e+00,-8.099425126449233403e-03
8.516375000000000028e+00,-1.019055471764396259e-02
8.516500000000000625e+00,-1.182493445310761615e-02
8.516624999999999446e+00,-1.084191467989725766e-02
8.516750000000000043e+00,-1.586734557304225746e-02
8.516875000000000639e+00,-1.557814602200124909e-02
8.516999999999999460e+00,-1.486515023377243949e-02
8.517125000000000057e+00,-1.677185462891372936e-02
8.517250000000000654e+00,-2.045784055489718867e-02
8.517374999999999474e+00,-1.977140377735331356e-02
8.517500000000000071e+00,-2.213680045551669195e-02
8.517625000000000668e+00,-2.225104158654467312e-02
8.517749999999999488e+00,-2.517997239909064433e-02
8.517875000000000085e+00,-2.596859666278916734e-02
8.518000000000000682e+00,-2.671600539817298170e-02
8.518124999999999503e+00,-3.051881483760610081e-02
8.518250000000000099e+00,-3.248143763383737337e-02
8.518375000000000696e+00,-3.258742069081677073e-02
8.518499999999999517e+00,-3.504078322730919126e-02
8.518625000000000114e+00,-3.835821724999100013e-02
8.518750000000000711e+00,-3.866420648066259957e-02
8.518874999999999531e+00,-4.132938609809500008e-02
8.519000000000000128e+00,-4.506751445122780808e-02
8.519125000000000725e+00,-4.517928454829878149e-02
8.519249999999999545e+00,-4.817450105242393477e-02
8.519375000000000142e+00,-5.105614205032082964e-02
8.519500000000000739e+00,-4.989620979864817230e-02
8.519624999999999559e+00,-5.362560572855024077e-02
8.519750000000000156e+00,-5.501002346490757589e-02
8.519875000000000753e+00,-5.843962269478808480e-02
8.519999999999999574e+00,-6.010358413556815549e-02
8.520125000000000171e+00,-6.210222513918850495e-02
8.520250000000000767e+00,-6.387774105682808568e-02
8.520374999999999588e+00,-6.622055821453720625e-02
8.520500000000000185e+00,-6.929658385605108606e-02
8.520625000000000782e+00,-7.030344294693691154e-02
8.520749999999999602e+00,-7.374703315055874953e-02
8.520875000000000199e+00,-7.690726647226320267e-02
8.521000000000000796e+00,-7.718149963447018536e-02
8.521124999999999616e+00,-8.039979319531198598e-02
8.521250000000000213e+00,-8.206566950476990030e-02
8.521375000000000810e+00,-8.367406018213330299e-02
8.521499999999999631e+00,-8.803743459688995188e-02
8.521625000000000227e+00,-8.777835446682935583e-02
8.521750000000000824e+00,-9.120454623696083729e-02
8.521874999999999645e+00,-9.216411826121628792e-02
8.522000000000000242e+00,-9.486870393052093675e-02
8.522125000000000838e+00,-9.517916252052316395e-02
8.522249999999999659e+00,-9.742734641087125169e-02
8.522375000000000256e+00,-9.740491502930836987e-02
8.522500000000000853e+00,-1.035424428036435529e-01
8.522624999999999673e+00,-1.040758221133124550e-01
8.522750000000000270e+00,-1.056710693635025677e-01
8.522875000000000867e+00,-1.101218889146426960e-01
8.522999999999999687e+00,-1.108802472087777602e-01
8.523125000000000284e+00,-1.122417090354890234e-01
8.523250000000000881e+00,-1.111492253298873578e-01
8.523374999999999702e+00,-1.125991854839778483e-01
8.523500000000000298e+00,-1.160735864037842902e-01
8.523624999999999119e+00,-1.158325793244170399e-01
8.523749999999999716e+00,-1.189989991138720171e-01
8.523875000000000313e+00,-1.191137397787738195e-01
8.523999999999999133e+00,-1.235017321818965286e-01
8.524124999999999730e+00,-1.206843244441113683e-01
8.524250000000000327e+00,-1.239061082422363569e-01
8.524374999999999147e+00,-1.246722463930041158e-01
8.524499999999999744e+00,-1.254617261352546365e-01
8.524625000000000341e+00,-1.264852606714299554e-01
8.524749999999999162e+00,-1.264175947385481891e-01
8.524874999999999758e+00,-1.258708824303198526e-01
8.525000000000000355e+00,-1.265951911708587119e-01
8.525124999999999176e+00,-1.295176947805209977e-01
8.525249999999999773e+00,-1.284576753945891880e-01
8.525375000000000369e+00,-1.298935503351739129e-01
8.525499999999999190e+00,-1.288462858766283858e-01
8.525624999999999787e+00,-1.305905427547227049e-01
8.525750000000000384e+00,-1.296990898996721597e-01
8.525874999999999204e+00,-1.298310102130173505e-01
8.525999999999999801e+00,-1.310054607882733535e-01
8.526125000000000398e+00,-1.304213059850471979e-01
8.526249999999999218e+00,-1.319001482263981728e-01
8.526374999999999815e+00,-1.311575624789860228e-01
8.526500000000000412e+00,-1.296580367153232771e-01
8.526624999999999233e+00,-1.294700590676995944e-01
8.526749999999999829e+00,-1.298744130729385660e-01
8.526875000000000426e+00,-1.298460500569404985e-01
8.526999999999999247e+00,-1.294085370983388827e-01
8.527124999999999844e+00,-1.265808153101062317e-01
8.527250000000000441e+00,-1.261946769076534025e-01
8.527374999999999261e+00,-1.249132802325689795e-01
8.527499999999999858e+00,-1.259090832804581339e-01
8.527625000000000455e+00,-1.258384541910739784e-01
8.527749999999999275e+00,-1.233377240896924576e-01
8.527874999999999872e+00,-1.245403958478163986e-01
8.528000000000000469e+00,-1.216635592410906241e-01
8.528124999999999289e+00,-1.213620247331483881e-01
8.528249999999999886e+00,-1.175644515531715228e-01
8.528375000000000483e+00,-1.170786960246772423e-01
8.528499999999999304e+00,-1.165621524241053919e-01
8.528624999999999901e+00,-1.166485511766417460e-01
8.528750000000000497e+00,-1.136750558164685287e-01
8.528874999999999318e+00,-1.136962506598706568e-01
8.528999999999999915e+00,-1.109489924582902631e-01
8.529125000000000512e+00,-1.087170184082726365e-01
8.529249999999999332e+00,-1.077363920364948768e-01
8.529374999999999929e+00,-1.085741809567846161e-01
8.529500000000000526e+00,-1.060261078556763437e-01
8.529624999999999346e+00,-1.034814968146662295e-01
8.529749999999999943e+00,-1.012324598057148251e-01
8.529875000000000540e+00,-9.980036897632871273e-02
8.529999999999999361e+00,-9.967233695226873635e-02
8.530124999999999957e+00,-9.782402942412637969e-02
8.530250000000000554e+00,-9.559236324395037343e-02
8.530374999999999375e+00,-9.603823589977622532e-02
8.530499999999999972e+00,-9.258763469413011649e-02
8.530625000000000568e+00,-9.110613021246471988e-02
8.530749999999999389e+00,-8.882474874928369957e-02
8.530874999999999986e+00,-8.651200729781294285e-02
8.531000000000000583e+00,-8.422581128903949832e-02
8.531124999999999403e+00,-8.337320756773358710e-02
8.531250000000000000e+00,-8.104995906119505378e-02
8.531375000000000597e+00,-7.987541272636100587e-02
8.531499999999999417e+00,-7.723569591283485636e-02
8.531625000000000014e+00,-7.759834050744629508e-02
8.531750000000000611e+00,-7.341339536584001735e-02
8.531874999999999432e+00,-7.325536760861162122e-02
8.532000000000000028e+00,-7.127788041749738568e-02
8.532125000000000625e+00,-6.796084522701129060e-02
8.532249999999999446e+00,-6.777573948902571033e-02
8.532375000000000043e+00,-6.365316843570667515e-02
8.532500000000000639e+00,-6.304562585616579895e-02
8.532624999999999460e+00,-6.087897557428334494e-02
8.532750000000000057e+00,-5.954981956306326651e-02
8.532875000000000654e+00,-5.941538965088000168e-02
8.532999999999999474e+00,-5.672151868704666811e-02
8.533125000000000071e+00,-5.471571276206077528e-02
8.533250000000000668e+00,-5.252378822788905666e-02
8.533374999999999488e+00,-5.235268947573601395e-02
8.533500000000000085e+00,-4.946013346666333632e-02
8.533625000000000682e+00,-4.708424739048311380e-02
8.533749999999999503e+00,-4.687668844035819404e-02
8.533875000000000099e+00,-4.684536516856141475e-02
8.534000000000000696e+00,-4.255536120893665952e-02
8.534124999999999517e+00,-3.970548638307036526e-02
8.534250000000000114e+00,-3.992307778715620259e-02
8.534375000000000711e+00,-3.948576421274729853e-02
8.534499999999999531e+00,-3.430594073092230190e-02
8.534625000000000128e+00,-3.343233062549977319e-02
8.534750000000000725e+00,-3.364841052910527708e-02
8.534874999999999545e+00,-3.262950552163168538e-02
8.535000000000000142e+00,-3.041429136682616274e-02
8.535125000000000739e+00,-2.983582257104977487e-02
8.535249999999999559e+00,-2.771583855381010153e-02
8.535375000000000156e+00,-2.474920899587118583e-02
8.535500000000000753e+00,-2.665890172939100466e-02
8.535624999999999574e+00,-2.250843504957167340e-02
8.535750000000000171e+00,-2.239838892395695780e-02
8.535875000000000767e+00,-1.927902225400579539e-02
8.535999999999999588e+00,-1.637072525857341532e-02
8.536125000000000185e+00,-1.588412957557139293e-02
8.536250000000000782e+00,-1.602783833682508430e-02
8.536374999999999602e+00,-1.437007912577215052e-02
8.536500000000000199e+00,-1.287083146453760207e-02
8.536625000000000796e+00,-1.263198772574547490e-02
8.536749999999999616e+00,-8.723321658816729496e-03
8.536875000000000213e+00,-7.766895707455034881e-03
8.537000000000000810e+00,-6.680722304210462426e-03
8.537124999999999631e+00,-5.060524811792532773e-03
8.537250000000000227e+00,-5.392074558214332569e-03
8.537375000000000824e+00,-3.737739212040125381e-03
8.537499999999999645e+00,-8.904372674827243372e-04
8.537625000000000242e+00,3.020806327214131670e-05
8.537750000000000838e+00,7.678383837994573469e-04
8.537874999999999659e+00,1.718499403377649060e-03
8.538000000000000256e+00,4.788516955523292040e-03
8.538125000000000853e+00,7.219186357808382581e-03
8.538249999999999673e+00,5.670829543200639478e-03
8.538375000000000270e+00,8.534512024795049001e-03
8.538500000000000867e+00,9.373879526414441443e-03
8.538624999999999687e+00,9.405810828701177684e-03
8.538750000000000284e+00,1.007821477308468161e-02
8.538875000000000881e+00,1.194074835468228457e-02
8.538999999999999702e+00,1.195529141437212672e-02
8.539125000000000298e+00,1.533904073162695170e-02
8.539249999999999119e+00,1.642647457892287832e-02
8.539374999999999716e+00,1.746745254771475686e-02
8.539500000000000313e+00,1.778732214743783402e-02
8.539624999999999133e+00,1.840156388735891824e-02
8.539749999999999730e+00,2.005243853187899106e-02
8.539875000000000327e+00,2.046203384961486904e-02
8.539999999999999147e+00,2.209529366622042801e-02
8.540124999999999744e+00,2.394976405114768170e-02
8.540250000000000341e+00,2.477984119813925190e-02
8.540374999999999162e+00,2.472673184932716595e-02
8.540499999999999758e+00,2.601328634281507846e-02
8.540625000000000355e+00,2.834403694292575437e-02
8.540749999999999176e+00,2.866674475298758296e-02
8.540874999999999773e+00,2.996800413014355513e-02
8.541000000000000369e+00,2.965176590080886854e-02
8.541124999999999190e+00,3.139546826663774937e-02
8.541249999999999787e+00,3.346747806005012649e-02
8.541375000000000384e+00,3.405854603749070009e-02
8.541499999999999204e+00,3.368836679015707603e-02
8.541624999999999801e+00,3.523708929093771758e-02
8.541750000000000398e+00,3.452668680516346456e-02
8.541874999999999218e+00,3.497940737491234131e-02
8.541999999999999815e+00,3.564095706521186457e-02
8.542125000000000412e+00,3.701884852926440317e-02
8.542249999999999233e+00,3.679278407235209158e-02
8.542374999999999829e+00,3.585951917253638044e-02
8.542500000000000426e+00,3.918658941438479815e-02
8.542624999999999247e+00,3.924088053635266249e-02
8.542749999999999844e+00,3.875934490801924426e-02
8.542875000000000441e+00,3.984575835446158010e-02
8.542999999999999261e+00,4.145183090755644173e-02
8.543124999999999858e+00,4.086262025017362021e-02
8.543250000000000455e+00,4.101271872030132215e-02
8.543374999999999275e+00,4.206041306473196073e-02
8.543499999999999872e+00,3.938928122796347964e-02
8.543625000000000469e+00,3.975101451298357347e-02
8.543749999999999289e+00,3.893255146358676200e-02
8.543874999999999886e+00,4.016517862346979939e-02
8.544000000000000483e+00,4.086013680847599971e-02
8.544124999999999304e+00,4.000558985167224080e-02
8.544249999999999901e+00,4.004906764607341074e-02
8.544375000000000497e+00,3.952984394121017431e-02
8.544499999999999318e+00,3.842127918312954193e-02
8.544624999999999915e+00,3.920582143237005823e-02
8.544750000000000512e+00,3.839649591586891120e-02
8.544874999999999332e+00,3.807056892237525858e-02
8.544999999999999929e+00,3.723301774559040211e-02
8.545125000000000526e+00,3.739226247086158139e-02
8.545249999999999346e+00,3.495067621492964349e-02
8.545374999999999943e+00,3.472524986273839431e-02
8.545500000000000540e+00,3.448610037692390051e-02
8.545624999999999361e+00,3.164826587953761816e-02
8.545749999999999957e+00,3.240900839973903658e-02
8.545875000000000554e+00,3.248908278296802621e-02
8.545999999999999375e+00,3.084930652114437066e-02
8.546124999999999972e+00,2.876866880745154731e-02
8.546250000000000568e+00,2.640075661111218608e-02
8.546374999999999389e+00,2.666382871172423563e-02
8.546499999999999986e+00,2.419514947651890679e-02
8.546625000000000583e+00,2.211045465597827331e-02
8.546749999999999403e+00,2.277560033735070988e-02
8.546875000000000000e+00,2.115820605888885098e-02
8.547000000000000597e+00,1.855797131176117887e-02
8.547124999999999417e+00,1.855432448653537847e-02
8.547250000000000014e+00,1.566715592968392912e-02
8.547375000000000611e+00,1.488729188542592397e-02
8.547499999999999432e+00,1.299289471039521970e-02
8.547625000000000028e+00,1.105117206646077932e-02
8.547750000000000625e+00,6.689796847080486941e-03
8.547874999999999446e+00,5.760378164659130107e-03
8.548000000000000043e+00,5.177934064301226158e-03
8.548125000000000639e+00,3.052863379394921139e-03
8.548249999999999460e+00,1.972932856514120203e-03
8.548375000000000057e+00,-7.635034894093450930e-06
8.548500000000000654e+00,-5.089710332496721890e-03
8.548624999999999474e+00,-6.054872393221444327e-03
8.548750000000000071e+00,-7.006170391971267009e-03
8.548875000000000668e+00,-8.625579161289920194e-03
8.548999999999999488e+00,-1.197711457432859561e-02
8.549125000000000085e+00,-1.482282280546876052e-02
8.549250000000000682e+00,-1.730987632277347643e-02
8.549374999999999503e+00,-1.852230371457785907e-02
8.549500000000000099e+00,-2.078511553437500936e-02
8.549625000000000696e+00,-2.423414549803126761e-02
8.549749999999999517e+00,-2.570030809550694073e-02
8.549875000000000114e+00,-2.889098380109800246e-02
8.550000000000000711e+00,-2.912039773595509473e-02
8.550124999999999531e+00,-3.473315417503108904e-02
8.550250000000000128e+00,-3.519466181217723033e-02
8.550375000000000725e+00,-3.787822861697165422e-02
8.550499999999999545e+00,-3.978192417526926761e-02
8.550625000000000142e+00,-4.081743899696732569e-02
8.550750000000000739e+00,-4.332539286432357528e-02
8.550874999999999559e+00,-4.402616858264352118e-02
8.551000000000000156e+00,-4.945600369661384832e-02
8.551125000000000753e+00,-4.994732410528079924e-02
8.551249999999999574e+00,-5.116981371742035378e-02
8.551375000000000171e+00,-5.469767475017839331e-02
8.551500000000000767e+00,-5.594603723382540750e-02
8.551624999999999588e+00,-5.744638857402861731e-02
8.551750000000000185e+00,-6.092332327441773998e-02
8.551875000000000782e+00,-6.100811031176789356e-02
8.551999999999999602e+00,-6.356578581521787896e-02
8.552125000000000199e+00,-6.515222302179424219e-02
8.552250000000000796e+00,-6.548401295039951719e-02
8.552374999999999616e+00,-6.682958118536674874e-02
8.552500000000000213e+00,-6.882496571159002485e-02
8.552625000000000810e+00,-7.079157260300306120e-02
8.552749999999999631e+00,-7.288913208533642774e-02
8.552875000000000227e+00,-7.456416235480034516e-02
8.553000000000000824e+00,-7.563696658410989926e-02
8.553124999999999645e+00,-7.439695032655180285e-02
8.553250000000000242e+00,-7.764734753946100909e-02
8.553375000000000838e+00,-7.846150259804396399e-02
8.553499999999999659e+00,-8.049670339013736964e-02
8.553625000000000256e+00,-7.945904787282564996e-02
8.553750000000000853e+00,-8.133101339153370191e-02
8.553874999999999673e+00,-8.233449081196120289e-02
8.554000000000000270e+00,-8.277474016535535384e-02
8.554125000000000867e+00,-8.252444392743818469e-02
8.554249999999999687e+00,-8.276622355107932094e-02
8.554375000000000284e+00,-8.427913920287011251e-02
8.554500000000000881e+00,-8.460989557349485324e-02
8.554624999999999702e+00,-8.440303465181386855e-02
8.554750000000000298e+00,-8.651897637241923178e-02
8.554874999999999119e+00,-8.544861354614496918e-02
8.554999999999999716e+00,-8.381809806337336965e-02
8.555125000000000313e+00,-8.377123742916481319e-02
8.555249999999999133e+00,-8.606963887987006956e-02
8.555374999999999730e+00,-8.390795822033325635e-02
8.555500000000000327e+00,-8.535491490058610964e-02
8.555624999999999147e+00,-8.554336613133983747e-02
8.555749999999999744e+00,-8.463750170709616327e-02
8.555875000000000341e+00,-8.423774118535476418e-02
8.555999999999999162e+00,-8.546829254106924623e-02
8.556124999999999758e+00,-8.419012758475830083e-02
8.556250000000000355e+00,-8.265218827243714372e-02
8.556374999999999176e+00,-7.988863409628876866e-02
8.556499999999999773e+00,-8.254769638415737631e-02
8.556625000000000369e+00,-7.998491257566620050e-02
8.556749999999999190e+00,-8.117354358370221235e-02
8.556874999999999787e+00,-7.756320139898775778e-02
8.557000000000000384e+00,-7.746888410523133928e-02
8.557124999999999204e+00,-7.685876663343194082e-02
8.557249999999999801e+00,-7.667543582268088187e-02
8.557375000000000398e+00,-7.628751965471280982e-02
8.557499999999999218e+00,-7.342026549052604878e-02
8.557624999999999815e+00,-7.450433178620485819e-02
8.557750000000000412e+00,-7.277628741478814334e-02
8.557874999999999233e+00,-7.102729654247497137e-02
8.557999999999999829e+00,-7.033244356587253776e-02
8.558125000000000426e+00,-6.922637391700803278e-02
8.558249999999999247e+00,-6.868953351406936747e-02
8.558374999999999844e+00,-6.769966645452996090e-02
8.558500000000000441e+00,-6.572389163689429381e-02
8.558624999999999261e+00,-6.505584759911897663e-02
8.558749999999999858e+00,-6.263990593993362666e-02
8.558875000000000455e+00,-6.199495731920379171e-02
8.558999999999999275e+00,-6.243914478520551370e-02
8.559124999999999872e+00,-6.023277745482857881e-02
8.559250000000000469e+00,-5.760244844268491704e-02
8.559374999999999289e+00,-5.750444446682045907e-02
8.559499999999999886e+00,-5.581237645692205263e-02
8.559625000000000483e+00,-5.520312291080031741e-02
8.559749999999999304e+00,-5.276058326672661281e-02
8.559874999999999901e+00,-5.042279431742180407e-02
8.560000000000000497e+00,-5.035764760132011020e-02
8.560124999999999318e+00,-5.115030621819549594e-02
8.560249999999999915e+00,-4.921818879626371768e-02
8.560375000000000512e+00,-4.754228525376191783e-02
8.560499999999999332e+00,-4.654007640459134620e-02
8.560624999999999929e+00,-4.443471238347918018e-02
8.560750000000000526e+00,-4.237221562410198317e-02
8.560874999999999346e+00,-4.337068095962592906e-02
8.560999999999999943e+00,-4.211787177109549418e-02
8.561125000000000540e+00,-4.094059480699385745e-02
8.561249999999999361e+00,-3.673615010345976373e-02
8.561374999999999957e+00,-3.921111083051442847e-02
8.561500000000000554e+00,-3.604016547764032907e-02
8.561624999999999375e+00,-3.716757875814735712e-02
8.561749999999999972e+00,-3.493861344771609367e-02
8.561875000000000568e+00,-3.466206775042124377e-02
8.561999999999999389e+00,-3.545582290172433204e-02
8.562124999999999986e+00,-3.171836057381938190e-02
8.562250000000000583e+00,-3.300106882669773256e-02
8.562374999999999403e+00,-3.171184985444241988e-02
8.562500000000000000e+00,-3.102073232216717713e-02
8.562625000000000597e+00,-2.903502241708366682e-02
8.562749999999999417e+00,-2.941558252322629130e-02
8.562875000000000014e+00,-2.714360577530428031e-02
8.563000000000000611e+00,-2.725495061535276875e-02
8.563124999999999432e+00,-2.533054328169193070e-02
8.563250000000000028e+00,-2.517706896580307330e-02
8.563375000000000625e+00,-2.341035880095709842e-02
8.563499999999999446e+00,-2.322056055217203152e-02
8.563625000000000043e+00,-2.329392419317777296e-02
8.563750000000000639e+00,-2.302513163454378287e-02
8.563874999999999460e+00,-2.306972231248138883e-02
8.564000000000000057e+00,-2.027750481425094620e-02
8.564125000000000654e+00,-2.062260060453446897e-02
8.564249999999999474e+00,-2.107728071236181222e-02
8.564375000000000071e+00,-2.004894090475417556e-02
8.564500000000000668e+00,-1.982723887133985841e-02
8.564624999999999488e+00,-1.899486688082063779e-02
8.564750000000000085e+00,-1.885138334358416046e-02
8.564875000000000682e+00,-1.818872126717607784e-02
8.564999999999999503e+00,-1.861778743421105276e-02
8.565125000000000099e+00,-1.640781565781423978e-02
8.565250000000000696e+00,-1.643964606152614749e-02
8.565374999999999517e+00,-1.712180071327296105e-02
8.565500000000000114e+00,-1.661675874889034787e-02
8.565625000000000711e+00,-1.690211694243082263e-02
8.565749999999999531e+00,-1.621782718286723934e-02
8.565875000000000128e+00,-1.734075652314714944e-02
8.566000000000000725e+00,-1.740579527909069668e-02
8.566124999999999545e+00,-1.632163581782464234e-02
8.566250000000000142e+00,-1.557245523211214788e-02
8.566375000000000739e+00,-1.662105337846142561e-02
8.566499999999999559e+00,-1.530461878867228620e-02
8.566625000000000156e+00,-1.664336964171475586e-02
8.566750000000000753e+00,-1.552028933412685774e-02
8.566874999999999574e+00,-1.481785609867536380e-02
8.567000000000000171e+00,-1.488350100859570091e-02
8.567125000000000767e+00,-1.538414646605090752e-02
8.567249999999999588e+00,-1.750713174449813891e-02
8.567375000000000185e+00,-1.343579747288892179e-02
8.567500000000000782e+00,-1.765968765061209922e-02
8.567624999999999602e+00,-1.629674600298969267e-02
8.567750000000000199e+00,-1.718016252574727787e-02
8.567875000000000796e+00,-1.695052928772255996e-02
8.567999999999999616e+00,-1.807978352173122971e-02
8.568125000000000213e+00,-1.821299362244843678e-02
8.568250000000000810e+00,-1.951950910107491666e-02
8.568374999999999631e+00,-1.962357804663028560e-02
8.568500000000000227e+00,-1.812892012336320136e-02
8.568625000000000824e+00,-1.951381127439333341e-02
8.568749999999999645e+00,-2.010641955146219573e-02
8.568875000000000242e+00,-2.032639775091027445e-02
8.569000000000000838e+00,-2.083756939618908177e-02
8.569124999999999659e+00,-2.138284291709524609e-02
8.569250000000000256e+00,-2.239749213620179091e-02
8.569375000000000853e+00,-2.216939086316926932e-02
8.569499999999999673e+00,-2.395084743732311949e-02
8.569625000000000270e+00,-2.255865411938806631e-02
8.569750000000000867e+00,-2.400271798339126406e-02
8.569874999999999687e+00,-2.481372652938951262e-02
8.570000000000000284e+00,-2.762160890820553050e-02
8.570125000000000881e+00,-2.769959731961435523e-02
8.570249999999999702e+00,-2.761873182483043365e-02
8.570375000000000298e+00,-3.026559680482243664e-02
8.570499999999999119e+00,-3.040293890633094520e-02
8.570624999999999716e+00,-3.278180752617210203e-02
8.570750000000000313e+00,-3.306794666714196751e-02
8.570874999999999133e+00,-3.380586261535079018e-02
8.570999999999999730e+00,-3.547044906205876202e-02
8.571125000000000327e+00,-3.747472791253159130e-02
8.571249999999999147e+00,-3.748524073210646179e-02
8.571374999999999744e+00,-3.919113682300334744e-02
8.571500000000000341e+00,-3.895360734470898478e-02
8.571624999999999162e+00,-4.115848578815395342e-02
8.571749999999999758e+00,-4.239805088769799113e-02
8.571875000000000355e+00,-4.491924434401006749e-02
8.571999999999999176e+00,-4.575720452812959138e-02
8.572124999999999773e+00,-4.830836303114338648e-02
8.572250000000000369e+00,-4.903982110283777729e-02
8.572374999999999190e+00,-5.149764113964216961e-02
8.572499999999999787e+00,-5.302877708672504298e-02
8.572625000000000384e+00,-5.618245118781040048e-02
8.572749999999999204e+00,-5.683660223303910186e-02
8.572874999999999801e+00,-5.901707719051607626e-02
8.573000000000000398e+00,-6.078014087403715848e-02
8.573124999999999218e+00,-6.269474530953900171e-02
8.573249999999999815e+00,-6.540333009406218423e-02
8.573375000000000412e+00,-6.874312113118286049e-02
8.573499999999999233e+00,-7.106930843515790741e-02
8.573624999999999829e+00,-7.059492940781453285e-02
8.573750000000000426e+00,-7.557876220235471010e-02
8.573874999999999247e+00,-7.756351728638399834e-02
8.573999999999999844e+00,-8.094755236840711632e-02
8.574125000000000441e+00,-8.253585360207438271e-02
8.574249999999999261e+00,-8.653803199061016471e-02
8.574374999999999858e+00,-8.575056246578505181e-02
8.574500000000000455e+00,-9.087762199585824874e-02
8.574624999999999275e+00,-9.463793925498187320e-02
8.574749999999999872e+00,-9.409010704851716866e-02
8.574875000000000469e+00,-9.963667621886074244e-02
8.574999999999999289e+00,-1.005166490042288530e-01
8.575124999999999886e+00,-1.040778241550111005e-01
8.575250000000000483e+00,-1.090643422722958888e-01
8.575374999999999304e+00,-1.103616786611016920e-01
8.575499999999999901e+00,-1.131250526829585823e-01
8.575625000000000497e+00,-1.164021295224468844e-01
8.575749999999999318e+00,-1.198551210702962777e-01
8.575874999999999915e+00,-1.219132976476799968e-01
8.576000000000000512e+00,-1.243449073663018822e-01
8.576124999999999332e+00,-1.282542782369269219e-01
8.576249999999999929e+00,-1.314812375609104578e-01
8.576375000000000526e+00,-1.337218862793871921e-01
8.576499999999999346e+00,-1.359826908126340328e-01
8.576624999999999943e+00,-1.402769289442407086e-01
8.576750000000000540e+00,-1.431077588645948140e-01
8.576874999999999361e+00,-1.442405434662337171e-01
8.576999999999999957e+00,-1.478644560055606405e-01
8.577125000000000554e+00,-1.521055730853770882e-01
8.577249999999999375e+00,-1.545098275307417168e-01
8.577374999999999972e+00,-1.584934232025005940e-01
8.577500000000000568e+00,-1.625272793128864635e-01
8.577624999999999389e+00,-1.633584965555545665e-01
8.577749999999999986e+00,-1.666444874443442359e-01
8.577875000000000583e+00,-1.699906493349452319e-01
8.577999999999999403e+00,-1.714660798717755341e-01
8.578125000000000000e+00,-1.740583939742350594e-01
8.578250000000000597e+00,-1.776304439262599288e-01
8.578374999999999417e+00,-1.806580532914541237e-01
8.578500000000000014e+00,-1.820547548077264821e-01
8.578625000000000611e+00,-1.847355435051625250e-01
8.578749999999999432e+00,-1.881361333493263288e-01
8.578875000000000028e+00,-1.905967567036199739e-01
8.579000000000000625e+00,-1.929236322143204063e-01
8.579124999999999446e+00,-1.945595024802173612e-01
8.579250000000000043e+00,-1.967820579803678527e-01
8.579375000000000639e+00,-1.975567770632338238e-01
8.579499999999999460e+00,-2.019567661890473431e-01
8.579625000000000057e+00,-2.035607804486048167e-01
8.579750000000000654e+00,-2.063647006915179105e-01
8.579874999999999474e+00,-2.071845842055832776e-01
8.580000000000000071e+00,-2.074199299601957591e-01
8.580125000000000668e+00,-2.109920581365241077e-01
8.580249999999999488e+00,-2.112219657959641950e-01
8.580375000000000085e+00,-2.133694921994617744e-01
8.580500000000000682e+00,-2.158830741201285264e-01
8.580624999999999503e+00,-2.153821891904534880e-01
8.580750000000000099e+00,-2.140111220364424582e-01
8.580875000000000696e+00,-2.149286323506895968e-01
8.580999999999999517e+00,-2.164194297755770435e-01
8.581125000000000114e+00,-2.181018902585272201e-01
8.581250000000000711e+00,-2.163685351010169455e-01
8.581374999999999531e+00,-2.180463769423290898e-01
8.581500000000000128e+00,-2.170607234595962609e-01
8.581625000000000725e+00,-2.186207407355222898e-01
8.581749999999999545e+00,-2.172732176346077182e-01
8.581875000000000142e+00,-2.181720013287709037e-01
8.582000000000000739e+00,-2.176894841439356298e-01
8.582124999999999559e+00,-2.161845471876127078e-01
8.582250000000000156e+00,-2.165649637084356982e-01
8.582375000000000753e+00,-2.162877765285564635e-01
8.582499999999999574e+00,-2.152282201288695518e-01
8.582625000000000171e+00,-2.132966078376892227e-01
8.582750000000000767e+00,-2.147968990832005431e-01
8.582874999999999588e+00,-2.104450601796301612e-01
8.583000000000000185e+00,-2.109498859173761787e-01
8.583125000000000782e+00,-2.097131034068553390e-01
8.583249999999999602e+00,-2.071942726059834428e-01
8.583375000000000199e+00,-2.060918155311437516e-01
8.583500000000000796e+00,-2.048107670908603239e-01
8.583624999999999616e+00,-2.017127906220057554e-01
8.583750000000000213e+00,-1.994955928580832705e-01
8.583875000000000810e+00,-1.976562402382047168e-01
8.583999999999999631e+00,-1.958864414165706336e-01
8.584125000000000227e+00,-1.903153720616206357e-01
8.584250000000000824e+00,-1.910447144229081573e-01
8.584374999999999645e+00,-1.865662151555369519e-01
8.584500000000000242e+00,-1.849344075308465563e-01
8.584625000000000838e+00,-1.811150739709930235e-01
8.584749999999999659e+00,-1.799150488271337167e-01
8.584875000000000256e+00,-1.776000031195970053e-01
8.585000000000000853e+00,-1.725263055871426587e-01
8.585124999999999673e+00,-1.709003906450039523e-01
8.585250000000000270e+00,-1.686092564097343427e-01
8.585375000000000867e+00,-1.658225466774698731e-01
8.585499999999999687e+00,-1.617584320752758487e-01
8.585625000000000284e+00,-1.580796709932545951e-01
8.585750000000000881e+00,-1.542909039435631513e-01
8.585874999999999702e+00,-1.493810261059671518e-01
8.586000000000000298e+00,-1.475633444573638542e-01
8.586124999999999119e+00,-1.424502878104831893e-01
8.586249999999999716e+00,-1.392346950532168393e-01
8.586375000000000313e+00,-1.365607724816459978e-01
8.586499999999999133e+00,-1.343492833970767464e-01
8.586624999999999730e+00,-1.282237460138588858e-01
8.586750000000000327e+00,-1.245675521029880883e-01
8.586874999999999147e+00,-1.206002629911200330e-01
8.586999999999999744e+00,-1.168146191715226934e-01
8.587125000000000341e+00,-1.155396948617024577e-01
8.587249999999999162e+00,-1.100906483671977298e-01
8.587374999999999758e+00,-1.055864800679326976e-01
8.587500000000000355e+00,-1.023060116814615839e-01
8.587624999999999176e+00,-9.879707262262726886e-02
8.587749999999999773e+00,-9.402367382578624699e-02
8.587875000000000369e+00,-8.948847408364457579e-02
8.587999999999999190e+00,-8.818620265224552668e-02
8.588124999999999787e+00,-8.344412260800027070e-02
8.588250000000000384e+00,-8.086064255064329132e-02
8.588374999999999204e+00,-7.706864455157713678e-02
8.588499999999999801e+00,-7.533762666337295855e-02
8.588625000000000398e+00,-6.999593788407487693e-02
8.588749999999999218e+00,-6.574674326579632577e-02
8.588874999999999815e+00,-6.172249660322037812e-02
8.589000000000000412e+00,-5.847949651547956762e-02
8.589124999999999233e+00,-5.529452637092902023e-02
8.589249999999999829e+00,-5.288107203029035475e-02
8.589375000000000426e+00,-4.884028486155500559e-02
8.589499999999999247e+00,-4.526736823613397576e-02
8.589624999999999844e+00,-4.192199244165450978e-02
8.589750000000000441e+00,-3.920216646475793709e-02
8.589874999999999261e+00,-3.541344131333268308e-02
8.589999999999999858e+00,-3.243541345367439988e-02
8.590125000000000455e+00,-2.876278188530356772e-02
8.590249999999999275e+00,-2.486668460455554452e-02
8.590374999999999872e+00,-2.227842611967290054e-02
8.590500000000000469e+00,-1.949522469290521087e-02
8.590624999999999289e+00,-1.741574217903441024e-02
8.590749999999999886e+00,-1.425313827373919651e-02
8.590875000000000483e+00,-1.182067654715268645e-02
8.590999999999999304e+00,-8.629370262164925975e-03
8.591124999999999901e+00,-5.812793550839856493e-03
8.591250000000000497e+00,-2.078638184499936870e-03
8.591374999999999318e+00,-6.253113769361107188e-04
8.591499999999999915e+00,1.784403805684675604e-03
8.591625000000000512e+00,5.959897122600921193e-03
8.591749999999999332e+00,5.403657314401399958e-03
8.591874999999999929e+00,7.960290603476138926e-03
8.592000000000000526e+00,1.071285355311424325e-02
8.592124999999999346e+00,1.425129033581207239e-02
8.592249999999999943e+00,1.462163553681605777e-02
8.592375000000000540e+00,1.718172869698264549e-02
8.592499999999999361e+00,2.019529679538578648e-02
8.592624999999999957e+00,2.180595454755440699e-02
8.592750000000000554e+00,2.419425845311451440e-02
8.592874999999999375e+00,2.498434580335739952e-02
8.592999999999999972e+00,2.641691066420293055e-02
8.593125000000000568e+00,2.881290634822342156e-02
8.593249999999999389e+00,3.023522920613430642e-02
8.593374999999999986e+00,3.223429595295534966e-02
8.593500000000000583e+00,3.275728126220478487e-02
8.593624999999999403e+00,3.412517001855164267e-02
8.593750000000000000e+00,3.626094913372490680e-02
8.593875000000000597e+00,3.730896342881706573e-02
8.593999999999999417e+00,3.757984980329176494e-02
8.594125000000000014e+00,3.876713523522923310e-02
8.594250000000000611e+00,4.055865363550559266e-02
8.594374999999999432e+00,4.076481164625356257e-02
8.594500000000000028e+00,4.056839074794105215e-02
8.594625000000000625e+00,4.277601855660506658e-02
8.594749999999999446e+00,4.580302948300385424e-02
8.594875000000000043e+00,4.460020183606339117e-02
8.595000000000000639e+00,4.632017402285271146e-02
8.595124999999999460e+00,4.515806306627645483e-02
8.595250000000000057e+00,4.507740235263746342e-02
8.595375000000000654e+00,4.409958750092179969e-02
8.595499999999999474e+00,4.776724477481764097e-02
8.595625000000000071e+00,4.611685240927165808e-02
8.595750000000000668e+00,4.767462249306753108e-02
8.595874999999999488e+00,4.755487798827395807e-02
8.596000000000000085e+00,4.807275668795973900e-02
8.596125000000000682e+00,4.655852931332837841e-02
8.596249999999999503e+00,4.756457909091160730e-02
8.596375000000000099e+00,4.816993634082855635e-02
8.596500000000000696e+00,4.502180690692014764e-02
8.596624999999999517e+00,4.672725336917338268e-02
8.596750000000000114e+00,4.528005543904889407e-02
8.596875000000000711e+00,4.510800641819479040e-02
8.596999999999999531e+00,4.397475127068339873e-02
8.597125000000000128e+00,4.592631034905458876e-02
8.597250000000000725e+00,4.403185474425619361e-02
8.597374999999999545e+00,4.451864862937249256e-02
8.597500000000000142e+00,4.180866273710570624e-02
8.597625000000000739e+00,4.190701103064320421e-02
8.597749999999999559e+00,4.198274626766718143e-02
8.597875000000000156e+00,3.988811608701503530e-02
8.598000000000000753e+00,3.904315110730394167e-02
8.598124999999999574e+00,3.671813150703151507e-02
8.598250000000000171e+00,3.656275409529818887e-02
8.598375000000000767e+00,3.411420250206909088e-02
8.598499999999999588e+00,3.464879866731607194e-02
8.598625000000000185e+00,3.192768223777875392e-02
8.598750000000000782e+00,3.030006383991157293e-02
8.598874999999999602e+00,3.052724599814382600e-02
8.599000000000000199e+00,2.748450448684991443e-02
8.599125000000000796e+00,2.706882437421143095e-02
8.599249999999999616e+00,2.536838083691783652e-02
8.599375000000000213e+00,2.168808251373377516e-02
8.599500000000000810e+00,1.827546921581202355e-02
8.599624999999999631e+00,1.841558463244297172e-02
8.599750000000000227e+00,1.633204102999208374e-02
8.599875000000000824e+00,1.492431066151489460e-02
8.599999999999999645e+00,1.125502067561967579e-02
