9.250000000000000000e+00,-3.389524556640000075e+00,-5.951803823139999849e+01
9.256249999999999645e+00,-3.370555811060000018e+00,-6.197028880479999913e+01
9.262499999999999289e+00,-3.391111715980000163e+00,-6.438446403170000565e+01
9.268750000000000711e+00,-3.400920417940000107e+00,-6.681901444029999482e+01
9.275000000000000355e+00,-3.438978563440000080e+00,-6.953348364750000599e+01
9.281250000000000000e+00,-3.527573004889999808e+00,-7.213388114859999689e+01
9.287499999999999645e+00,-3.606215501659999934e+00,-7.444855156440000599e+01
9.293749999999999289e+00,-3.619298121869999996e+00,-7.672525341860000481e+01
9.300000000000000711e+00,-3.616967367009999990e+00,-7.919999887539999861e+01
9.306250000000000355e+00,-3.646699042009999836e+00,-8.165453195450000123e+01
9.312500000000000000e+00,-3.692025662379999851e+00,-8.405057386000000008e+01
9.318749999999999645e+00,-3.747529355679999785e+00,-8.655416183449999323e+01
9.324999999999999289e+00,-3.835572171499999961e+00,-8.913902939230000300e+01
9.331250000000000711e+00,-3.948113368110000021e+00,-9.168500530289999517e+01
9.337500000000000355e+00,-4.035304383419999752e+00,-9.415480775289999826e+01
9.343750000000000000e+00,-4.079519958879999741e+00,-9.661176327469999592e+01
9.349999999999999645e+00,-4.115822091910000147e+00,-9.902224622459999637e+01
9.356249999999999289e+00,-4.174131431440000206e+00,-1.013359548859999961e+02
9.362500000000000711e+00,-4.246668903869999845e+00,-1.035729363559999996e+02
9.368750000000000355e+00,-4.338200137700000347e+00,-1.059031187939999938e+02
9.375000000000000000e+00,-4.463034495619999653e+00,-1.084271478510000009e+02
9.381249999999999645e+00,-4.625725607139999696e+00,-1.109188917989999936e+02
9.387499999999999289e+00,-4.751246251270000442e+00,-1.132117317849999978e+02
9.393750000000000711e+00,-4.794334876759999808e+00,-1.153712357999999938e+02
9.400000000000000355e+00,-4.823437707560000121e+00,-1.176433601579999930e+02
9.406250000000000000e+00,-4.893792713349999879e+00,-1.197783718740000012e+02
9.412499999999999645e+00,-4.983361513110000196e+00,-1.216523483349999992e+02
9.418749999999999289e+00,-5.094475279560000125e+00,-1.236630635140000010e+02
9.425000000000000711e+00,-5.271605237970000246e+00,-1.258557739670000046e+02
9.431250000000000355e+00,-5.478639302650000431e+00,-1.277667878559999934e+02
9.437500000000000000e+00,-5.570301104310000362e+00,-1.294668912790000093e+02
9.443749999999999645e+00,-5.565265065660000232e+00,-1.316744791579999969e+02
9.449999999999999289e+00,-5.639609430910000221e+00,-1.340845008990000053e+02
9.456250000000000711e+00,-5.759990171100000111e+00,-1.357349110989999872e+02
9.462500000000000355e+00,-5.840143031780000271e+00,-1.372618144230000041e+02
9.468750000000000000e+00,-5.983700005310000236e+00,-1.391883584169999892e+02
9.474999999999999645e+00,-6.198832360049999934e+00,-1.408466940559999898e+02
9.481249999999999289e+00,-6.322658580799999761e+00,-1.422123123460000045e+02
9.487500000000000711e+00,-6.292732406879999907e+00,-1.442453722710000079e+02
9.493750000000000355e+00,-6.332197195500000042e+00,-1.468985755610000012e+02
9.500000000000000000e+00,-6.453976281320000119e+00,-1.486409183300000052e+02
9.506249999999999645e+00,-6.505019319429999669e+00,-1.497475297309999860e+02
9.512499999999999289e+00,-6.579690173590000413e+00,-1.510962890250000044e+02
9.518750000000000711e+00,-6.765649822070000319e+00,-1.523288273469999865e+02
9.525000000000000355e+00,-6.926521621840000087e+00,-1.533356888209999909e+02
9.531250000000000000e+00,-6.966955669979999932e+00,-1.550445339649999994e+02
9.537499999999999645e+00,-7.021245253100000028e+00,-1.577070147560000066e+02
9.543749999999999289e+00,-7.145560004120000031e+00,-1.598591770840000095e+02
9.550000000000000711e+00,-7.199696564919999986e+00,-1.611516296460000035e+02
9.556250000000000355e+00,-7.205409427870000272e+00,-1.623649136219999889e+02
9.562500000000000000e+00,-7.276915306730000310e+00,-1.634411026839999863e+02
9.568749999999999645e+00,-7.389421351070000199e+00,-1.643314086860000032e+02
9.574999999999999289e+00,-7.467846813559999575e+00,-1.655806168629999888e+02
9.581250000000000711e+00,-7.552625368960000252e+00,-1.676360468700000013e+02
9.587500000000000355e+00,-7.676159291310000299e+00,-1.697639170980000074e+02
9.593750000000000000e+00,-7.761441675070000379e+00,-1.712665156779999904e+02
9.599999999999999645e+00,-7.776637746889999647e+00,-1.724627088789999902e+02
9.606249999999999289e+00,-7.794110144000000240e+00,-1.734850454870000078e+02
9.612500000000000711e+00,-7.854550729389999653e+00,-1.743451983429999927e+02
9.618750000000000355e+00,-7.963440223540000140e+00,-1.752629901230000087e+02
9.625000000000000000e+00,-8.094859198749999152e+00,-1.766378449519999947e+02
9.631249999999999645e+00,-8.224339094959999485e+00,-1.784365168280000091e+02
9.637499999999999289e+00,-8.336289373630000554e+00,1.796858421309999869e+02
9.643750000000000711e+00,-8.404318294970000380e+00,1.781227339819999997e+02
9.650000000000000355e+00,-8.425750021229999831e+00,1.768581629859999964e+02
9.656250000000000000e+00,-8.447487681420000172e+00,1.758625491589999967e+02
9.662499999999999645e+00,-8.515034227439999270e+00,1.749862989400000117e+02
9.668749999999999289e+00,-8.642975815110000681e+00,1.740755717989999880e+02
9.675000000000000711e+00,-8.764219237429999865e+00,1.727982691709999870e+02
9.681250000000000355e+00,-8.868275743090000773e+00,1.709672361259999889e+02
9.687500000000000000e+00,-8.967207444919999659e+00,1.690162931389999983e+02
9.693749999999999645e+00,-9.044904867079999633e+00,1.675362659710000059e+02
9.699999999999999289e+00,-9.056985309659999928e+00,1.665120775299999991e+02
9.706250000000000711e+00,-9.068881703189999754e+00,1.656612646719999873e+02
9.712500000000000355e+00,-9.140545139460000357e+00,1.649119688090000011e+02
9.718750000000000000e+00,-9.251188842530000400e+00,1.642035411360000126e+02
9.724999999999999645e+00,-9.349292345740000343e+00,1.628820543450000002e+02
9.731249999999999289e+00,-9.474620260949999206e+00,1.609237779780000039e+02
9.737500000000000711e+00,-9.619368341899999564e+00,1.592480884969999977e+02
9.743750000000000355e+00,-9.673350970150000450e+00,1.581795950549999930e+02
9.750000000000000000e+00,-9.658479229490000151e+00,1.573122138530000029e+02
9.756249999999999645e+00,-9.676901153310000225e+00,1.565622000390000039e+02
9.762499999999999289e+00,-9.760708263759999781e+00,1.560531790569999941e+02
9.768750000000000711e+00,-9.860059934869999765e+00,1.553249705270000049e+02
9.775000000000000355e+00,-1.001145139830000019e+01,1.537963344030000030e+02
9.781250000000000000e+00,-1.022585681880000053e+01,1.521239484680000089e+02
9.787499999999999645e+00,-1.036412355819999931e+01,1.509002028600000074e+02
9.793749999999999289e+00,-1.037774318289999975e+01,1.498512259899999890e+02
9.800000000000000711e+00,-1.037542884710000024e+01,1.487825022460000071e+02
9.806250000000000355e+00,-1.040754507719999999e+01,1.481349302069999965e+02
9.812500000000000000e+00,-1.047187601799999968e+01,1.475750485350000076e+02
9.818749999999999645e+00,-1.059391830650000088e+01,1.465760845739999922e+02
9.824999999999999289e+00,-1.079781513190000020e+01,1.453053277969999897e+02
9.831250000000000711e+00,-1.098455501529999978e+01,1.441214308049999886e+02
9.837500000000000355e+00,-1.106131801829999972e+01,1.429177502379999964e+02
9.843750000000000000e+00,-1.108175968789999999e+01,1.416423690819999877e+02
9.849999999999999645e+00,-1.110139065639999956e+01,1.407168235750000065e+02
9.856249999999999289e+00,-1.113953968200000055e+01,1.401532109039999909e+02
9.862500000000000711e+00,-1.122527310629999953e+01,1.395876266909999970e+02
9.868750000000000355e+00,-1.139565408290000015e+01,1.389094822289999911e+02
9.875000000000000000e+00,-1.158257910770000088e+01,1.381197885910000025e+02
9.881249999999999645e+00,-1.171988229379999957e+01,1.370772446219999949e+02
9.887499999999999289e+00,-1.178222448970000080e+01,1.357571083830000020e+02
9.893750000000000711e+00,-1.182029017159999995e+01,1.346374344440000073e+02
9.900000000000000355e+00,-1.184507564970000004e+01,1.338931264690000091e+02
9.906250000000000000e+00,-1.189902986529999929e+01,1.334604442920000054e+02
9.912499999999999645e+00,-1.200660479209999920e+01,1.331391341880000141e+02
9.918749999999999289e+00,-1.217575518129999956e+01,1.327530680840000059e+02
9.925000000000000711e+00,-1.234906312130000039e+01,1.320575512560000107e+02
9.931250000000000355e+00,-1.251342074649999958e+01,1.310515443810000136e+02
9.937500000000000000e+00,-1.263470606949999997e+01,1.298972688899999923e+02
9.943749999999999645e+00,-1.271189661060000020e+01,1.289562381419999895e+02
9.949999999999999289e+00,-1.275900844060000061e+01,1.283139460429999872e+02
9.956250000000000711e+00,-1.283074710270000018e+01,1.279168762639999954e+02
9.962500000000000355e+00,-1.293456512929999924e+01,1.276233078869999957e+02
9.968750000000000000e+00,-1.308823455539999969e+01,1.271567000550000017e+02
9.974999999999999645e+00,-1.326778380250000033e+01,1.264288820999999956e+02
9.981249999999999289e+00,-1.343261206090000037e+01,1.255369307529999929e+02
9.987500000000000711e+00,-1.354559127239999938e+01,1.245877087679999988e+02
9.993750000000000355e+00,-1.362485665640000043e+01,1.237420815100000056e+02
1.000000000000000000e+01,-1.369205177449999944e+01,1.230735242779999936e+02
1.000624999999999964e+01,-1.376790025789999916e+01,1.225830293449999999e+02
1.001249999999999929e+01,-1.388393864550000067e+01,1.221448842540000044e+02
1.001875000000000071e+01,-1.404033329910000027e+01,1.215381382230000042e+02
1.002500000000000036e+01,-1.419804710130000025e+01,1.208508728580000025e+02
1.003125000000000000e+01,-1.430805042379999925e+01,1.200011362730000002e+02
1.003749999999999964e+01,-1.436370208369999979e+01,1.191044955750000014e+02
1.004374999999999929e+01,-1.439762068049999932e+01,1.184760264189999930e+02
1.005000000000000071e+01,-1.443872855510000086e+01,1.182135687910000001e+02
1.005625000000000036e+01,-1.451027492240000072e+01,1.182535661590000018e+02
1.006250000000000000e+01,-1.463601222980000038e+01,1.183476540030000024e+02
1.006874999999999964e+01,-1.480091112230000050e+01,1.182741295320000035e+02
1.007499999999999929e+01,-1.497724514099999915e+01,1.178427741090000040e+02
1.008125000000000071e+01,-1.514428753219999990e+01,1.169611099210000020e+02
1.008750000000000036e+01,-1.526740585950000018e+01,1.159684482239999994e+02
1.009375000000000000e+01,-1.534870142489999978e+01,1.151106763580000063e+02
1.009999999999999964e+01,-1.540200079030000069e+01,1.146089807280000059e+02
1.010624999999999929e+01,-1.546507809809999934e+01,1.142914145470000022e+02
1.011250000000000071e+01,-1.555928754490000010e+01,1.141951306179999932e+02
1.011875000000000036e+01,-1.568508045749999980e+01,1.139997027330000066e+02
1.012500000000000000e+01,-1.585076346059999963e+01,1.135212066990000039e+02
1.013124999999999964e+01,-1.601352313980000019e+01,1.128367516800000061e+02
1.013749999999999929e+01,-1.614270567439999837e+01,1.121715589540000053e+02
1.014375000000000071e+01,-1.622941789349999908e+01,1.115985599870000016e+02
1.015000000000000036e+01,-1.629326392939999835e+01,1.113145348420000005e+02
1.015625000000000000e+01,-1.635543175649999981e+01,1.111529265319999951e+02
1.016249999999999964e+01,-1.647190067829999904e+01,1.110950493189999975e+02
1.016874999999999929e+01,-1.662821333020000125e+01,1.108329886340000030e+02
1.017500000000000071e+01,-1.684190119129999985e+01,1.103492539599999986e+02
1.018125000000000036e+01,-1.705380697209999852e+01,1.095398944410000013e+02
1.018750000000000000e+01,-1.722626860880000166e+01,1.084780552000000000e+02
1.019374999999999964e+01,-1.734006767079999989e+01,1.072653747079999960e+02
1.019999999999999929e+01,-1.739656061239999829e+01,1.061260569300000043e+02
1.020625000000000071e+01,-1.742256872309999949e+01,1.052762086070000009e+02
1.021250000000000036e+01,-1.745534563689999885e+01,1.047900169690000070e+02
1.021875000000000000e+01,-1.754649662319999948e+01,1.046057686580000023e+02
1.022499999999999964e+01,-1.768777660659999995e+01,1.045245923880000021e+02
1.023124999999999929e+01,-1.787564292320000092e+01,1.043171069400000022e+02
1.023750000000000071e+01,-1.808748646520000136e+01,1.037468270950000004e+02
1.024375000000000036e+01,-1.828744695039999968e+01,1.027765764619999942e+02
1.025000000000000000e+01,-1.842662610429999859e+01,1.014110688420000059e+02
1.025624999999999964e+01,-1.850836016919999949e+01,1.000351820610000004e+02
1.026249999999999929e+01,-1.849938943780000145e+01,9.904395436689999599e+01
1.026875000000000071e+01,-1.848374665580000098e+01,9.847564991139999790e+01
1.027500000000000036e+01,-1.849239020119999921e+01,9.849444075750000138e+01
1.028125000000000000e+01,-1.859050759360000171e+01,9.880942075469999963e+01
1.028749999999999964e+01,-1.877765530590000154e+01,9.929529570260000071e+01
1.029374999999999929e+01,-1.905040900419999872e+01,9.948839765179999972e+01
1.030000000000000071e+01,-1.937195330850000019e+01,9.916437664160000054e+01
1.030625000000000036e+01,-1.969864780130000170e+01,9.826429790000000253e+01
1.031250000000000000e+01,-1.996702346940000083e+01,9.680337568400000237e+01
1.031874999999999964e+01,-2.019636891129999867e+01,9.525914451820000295e+01
1.032499999999999929e+01,-2.036837370590000162e+01,9.402919129660000408e+01
1.033125000000000071e+01,-2.051340321720000048e+01,9.330949543379999511e+01
1.033750000000000036e+01,-2.070977969389999984e+01,9.296322228389999509e+01
1.034375000000000000e+01,-2.093798847929999951e+01,9.279927756419999696e+01
1.034999999999999964e+01,-2.122696296140000172e+01,9.238732348979999642e+01
1.035624999999999929e+01,-2.153631222090000108e+01,9.170306718999999873e+01
1.036250000000000071e+01,-2.182749522929999841e+01,9.088478018540000392e+01
1.036875000000000036e+01,-2.215733857529999895e+01,9.005088024340000175e+01
1.037500000000000000e+01,-2.250666393659999898e+01,8.960178943440000410e+01
1.038124999999999964e+01,-2.287353001609999836e+01,8.917081993899999759e+01
1.038749999999999929e+01,-2.333324636060000046e+01,8.853878267630000209e+01
1.039375000000000071e+01,-2.388585387739999888e+01,8.746516479310000136e+01
1.040000000000000036e+01,-2.444493309139999937e+01,8.555933616100000449e+01
1.040625000000000000e+01,-2.495775360860000092e+01,8.276879710800000112e+01
1.041249999999999964e+01,-2.536598170590000123e+01,7.994333314419999681e+01
1.041874999999999929e+01,-2.564915812770000159e+01,7.796506045399999607e+01
1.042500000000000071e+01,-2.591398991979999877e+01,7.707186697260000585e+01
1.043125000000000036e+01,-2.628096182790000057e+01,7.710497634819999746e+01
1.043750000000000000e+01,-2.680145759610000056e+01,7.778358453319999910e+01
1.044374999999999964e+01,-2.759524148699999913e+01,7.891317219120000459e+01
1.044999999999999929e+01,-2.853385106709999874e+01,7.923714369249999834e+01
1.045625000000000071e+01,-2.968636385639999986e+01,7.887976659810000513e+01
1.046250000000000036e+01,-3.101476292279999925e+01,7.811562074740000128e+01
1.046875000000000000e+01,-3.244161302949999737e+01,7.697487367380000478e+01
1.047499999999999964e+01,-3.399775886789999646e+01,7.643945562189999521e+01
1.048124999999999929e+01,-3.614439749670000168e+01,7.534097502349999331e+01
1.048750000000000071e+01,-3.904599152800000184e+01,7.396018611140000587e+01
1.049375000000000036e+01,-4.357259361239999862e+01,6.975788191789999360e+01
1.050000000000000000e+01,-5.136321110139999746e+01,4.249755435609999665e+01
1.050624999999999964e+01,-5.127033190400000251e+01,-5.454242106459999917e+01
1.051249999999999929e+01,-4.451989993379999788e+01,-8.239574229340000500e+01
1.051875000000000071e+01,-4.066213012850000297e+01,-9.670276544440000066e+01
1.052500000000000036e+01,-3.753794944789999732e+01,-1.060157959590000019e+02
1.053125000000000000e+01,-3.474208036920000353e+01,-1.118219015979999966e+02
1.053749999999999964e+01,-3.243386433109999700e+01,-1.142690002930000048e+02
1.054374999999999929e+01,-3.066352329600000104e+01,-1.144467147790000041e+02
1.055000000000000071e+01,-2.938274105460000030e+01,-1.138185049089999978e+02
1.055625000000000036e+01,-2.845361619199999836e+01,-1.134740746500000057e+02
1.056250000000000000e+01,-2.771571715989999873e+01,-1.145172069789999938e+02
1.056874999999999964e+01,-2.707701201889999965e+01,-1.173004596020000037e+02
1.057499999999999929e+01,-2.624480996730000015e+01,-1.208913402400000052e+02
1.058125000000000071e+01,-2.522219938920000004e+01,-1.238719417789999966e+02
1.058750000000000036e+01,-2.416319119939999993e+01,-1.254938617650000054e+02
1.059375000000000000e+01,-2.321682227049999980e+01,-1.256664574210000040e+02
1.059999999999999964e+01,-2.251424374340000156e+01,-1.249511072680000012e+02
1.060624999999999929e+01,-2.202007907380000162e+01,-1.246289617449999980e+02
1.061250000000000071e+01,-2.168545609699999943e+01,-1.252608952399999964e+02
1.061875000000000036e+01,-2.139391594010000119e+01,-1.272943059039999980e+02
1.062500000000000000e+01,-2.094699706089999935e+01,-1.301836163680000027e+02
1.063124999999999964e+01,-2.028809113790000040e+01,-1.331764001340000050e+02
1.063749999999999929e+01,-1.953518308410000159e+01,-1.352872750289999999e+02
1.064375000000000071e+01,-1.885703979000000174e+01,-1.360993203680000079e+02
1.065000000000000036e+01,-1.829249490020000124e+01,-1.358599819499999910e+02
1.065625000000000000e+01,-1.790752963370000117e+01,-1.354028707059999874e+02
1.066249999999999964e+01,-1.769141433440000100e+01,-1.355541237969999884e+02
1.066874999999999929e+01,-1.752235612200000148e+01,-1.365886608920000072e+02
1.067500000000000071e+01,-1.726204827839999822e+01,-1.386642178810000132e+02
1.068125000000000036e+01,-1.687826044679999882e+01,-1.412708477079999909e+02
1.068750000000000000e+01,-1.642225034009999973e+01,-1.433726470210000059e+02
1.069374999999999964e+01,-1.593806775760000072e+01,-1.443568227320000119e+02
1.069999999999999929e+01,-1.549942276310000011e+01,-1.445207192409999948e+02
1.070625000000000071e+01,-1.520361201569999920e+01,-1.444985819290000109e+02
1.071250000000000036e+01,-1.502183363550000017e+01,-1.446025482139999951e+02
1.071875000000000000e+01,-1.488600076029999997e+01,-1.455932360749999930e+02
1.072499999999999964e+01,-1.472376122770000073e+01,-1.475945635120000077e+02
1.073124999999999929e+01,-1.448180847429999929e+01,-1.500861330449999969e+02
1.073750000000000071e+01,-1.414600670719999975e+01,-1.522207169110000109e+02
1.074375000000000036e+01,-1.374746078709999964e+01,-1.536456751169999961e+02
1.075000000000000000e+01,-1.336815837390000006e+01,-1.543872866989999864e+02
1.075624999999999964e+01,-1.307914937099999975e+01,-1.546518991430000085e+02
1.076249999999999929e+01,-1.286826049929999982e+01,-1.549564797849999991e+02
1.076875000000000071e+01,-1.272667163520000067e+01,-1.558426758399999983e+02
1.077500000000000036e+01,-1.260631336209999986e+01,-1.574544950590000099e+02
1.078125000000000000e+01,-1.244642630979999964e+01,-1.593254555480000079e+02
1.078749999999999964e+01,-1.222039946149999956e+01,-1.611198599200000103e+02
1.079374999999999929e+01,-1.194212660490000033e+01,-1.625791781599999979e+02
1.080000000000000071e+01,-1.166143546740000048e+01,-1.635573403260000021e+02
1.080625000000000036e+01,-1.142320297730000078e+01,-1.642275347620000048e+02
1.081250000000000000e+01,-1.123896504240000027e+01,-1.649306298770000012e+02
1.081874999999999964e+01,-1.109833611150000010e+01,-1.660153528570000105e+02
1.082499999999999929e+01,-1.096924361099999956e+01,-1.674698890550000101e+02
1.083125000000000071e+01,-1.080784020679999990e+01,-1.691666159339999922e+02
1.083750000000000036e+01,-1.062002655969999942e+01,-1.707514133489999892e+02
1.084375000000000000e+01,-1.039885064209999932e+01,-1.719865130889999989e+02
1.084999999999999964e+01,-1.018425041569999934e+01,-1.729203051030000040e+02
1.085624999999999929e+01,-1.000385410570000033e+01,-1.736900398139999879e+02
1.086250000000000071e+01,-9.865212078780000837e+00,-1.744905359930000088e+02
1.086875000000000036e+01,-9.745773084470000569e+00,-1.756873946409999974e+02
1.087500000000000000e+01,-9.633120547409999901e+00,-1.772309563450000098e+02
1.088124999999999964e+01,-9.501925267500000771e+00,-1.789195354009999903e+02
1.088749999999999929e+01,-9.339721895769999449e+00,1.796281446609999932e+02
1.089375000000000071e+01,-9.149747356100000673e+00,1.785081263019999938e+02
1.090000000000000036e+01,-8.961009771329999651e+00,1.776415212029999964e+02
1.090625000000000000e+01,-8.810175671470000580e+00,1.769454128749999882e+02
1.091249999999999964e+01,-8.694066332929999419e+00,1.761273932759999923e+02
1.091874999999999929e+01,-8.604112088779999112e+00,1.748974315279999985e+02
1.092500000000000071e+01,-8.538734823509999572e+00,1.732797263980000082e+02
1.093125000000000036e+01,-8.450348571619999305e+00,1.716741128539999863e+02
1.093750000000000000e+01,-8.312481363799999912e+00,1.702257011499999919e+02
1.094374999999999964e+01,-8.134142277220000494e+00,1.689788884689999975e+02
1.094999999999999929e+01,-7.957134182779999954e+00,1.680613062339999999e+02
1.095625000000000071e+01,-7.809791437290000360e+00,1.673329607940000017e+02
1.096250000000000036e+01,-7.705669901000000266e+00,1.664417962850000094e+02
1.096875000000000000e+01,-7.659581063660000133e+00,1.652811244080000108e+02
1.097499999999999964e+01,-7.633934434630000432e+00,1.639913743500000010e+02
1.098124999999999929e+01,-7.570773442030000133e+00,1.625671437590000039e+02
1.098750000000000071e+01,-7.452251371440000050e+00,1.610535288339999909e+02
1.099375000000000036e+01,-7.300000048110000250e+00,1.596595816479999996e+02
1.100000000000000000e+01,-7.137073395059999825e+00,1.585097173650000002e+02
1.100624999999999964e+01,-6.995554356589999578e+00,1.575553015959999925e+02
1.101249999999999929e+01,-6.904022424169999894e+00,1.566473449720000133e+02
1.101875000000000071e+01,-6.851064463270000182e+00,1.558162130540000021e+02
1.102500000000000036e+01,-6.803514255269999644e+00,1.548361268959999961e+02
1.103125000000000000e+01,-6.749215139970000443e+00,1.536393710229999954e+02
1.103749999999999964e+01,-6.674084851749999991e+00,1.522766013300000054e+02
1.104374999999999929e+01,-6.585433943740000018e+00,1.509009853370000087e+02
1.105000000000000071e+01,-6.494012342309999575e+00,1.496366708600000095e+02
1.105625000000000036e+01,-6.411762516159999592e+00,1.485083946290000085e+02
1.106250000000000000e+01,-6.347818847990000179e+00,1.475078487909999865e+02
1.106874999999999964e+01,-6.292291949550000041e+00,1.464888906170000098e+02
1.107499999999999929e+01,-6.237711976449999973e+00,1.453060794950000059e+02
1.108125000000000071e+01,-6.180241660670000137e+00,1.439878337799999883e+02
1.108750000000000036e+01,-6.113094765429999633e+00,1.425703714169999898e+02
1.109375000000000000e+01,-6.036781052610000309e+00,1.412488705060000029e+02
1.109999999999999964e+01,-5.949808746649999591e+00,1.400807171900000014e+02
1.110624999999999929e+01,-5.859300509869999729e+00,1.390686029350000013e+02
1.111250000000000071e+01,-5.775377421690000013e+00,1.381160826139999926e+02
1.111875000000000036e+01,-5.707035412379999784e+00,1.371349664980000114e+02
1.112500000000000000e+01,-5.653587445140000334e+00,1.361224123650000024e+02
1.113124999999999964e+01,-5.611034630729999861e+00,1.350649402120000104e+02
1.113749999999999929e+01,-5.571703989979999605e+00,1.340136347229999956e+02
1.114375000000000071e+01,-5.517120844119999923e+00,1.329405273959999931e+02
1.115000000000000036e+01,-5.462766632450000159e+00,1.318573503400000106e+02
1.115625000000000000e+01,-5.413863851230000357e+00,1.307260014679999927e+02
1.116249999999999964e+01,-5.370061015000000104e+00,1.295848181000000068e+02
1.116874999999999929e+01,-5.327493985120000275e+00,1.284038843099999951e+02
1.117500000000000071e+01,-5.285850846369999800e+00,1.272639647820000022e+02
1.118125000000000036e+01,-5.233217908330000334e+00,1.261109047140000001e+02
1.118750000000000000e+01,-5.166708057470000170e+00,1.249885975260000066e+02
1.119374999999999964e+01,-5.106696506309999606e+00,1.239133597889999976e+02
1.119999999999999929e+01,-5.055034581450000175e+00,1.228976558880000027e+02
1.120625000000000071e+01,-5.026685204069999635e+00,1.219103935309999969e+02
1.121250000000000036e+01,-5.002884418049999837e+00,1.209385818399999977e+02
1.121875000000000000e+01,-4.969053740909999739e+00,1.198879027589999993e+02
1.122499999999999964e+01,-4.926913800760000406e+00,1.187251371539999951e+02
1.123124999999999929e+01,-4.871218209180000258e+00,1.174953126519999955e+02
1.123750000000000071e+01,-4.809311071189999787e+00,1.163050235559999948e+02
1.124375000000000036e+01,-4.757236241030000201e+00,1.151977967830000011e+02
1.125000000000000000e+01,-4.731476153640000071e+00,1.142901447809999951e+02
1.125624999999999964e+01,-4.709954648480000117e+00,1.135529755910000063e+02
1.126249999999999929e+01,-4.683841743730000395e+00,1.127517322820000061e+02
1.126875000000000071e+01,-4.660183376129999999e+00,1.116554915290000025e+02
1.127500000000000036e+01,-4.642015596200000260e+00,1.103440007659999935e+02
1.128125000000000000e+01,-4.614123624330000339e+00,1.090036647750000043e+02
1.128749999999999964e+01,-4.569700830070000386e+00,1.077304400910000055e+02
1.129374999999999929e+01,-4.528474104429999869e+00,1.066284096239999997e+02
1.130000000000000071e+01,-4.486634046119999830e+00,1.058958014290000023e+02
1.130625000000000036e+01,-4.433355253860000289e+00,1.052670619969999990e+02
1.131250000000000000e+01,-4.390043284739999940e+00,1.044403797840000010e+02
1.131874999999999964e+01,-4.381544181929999837e+00,1.033600574000000023e+02
1.132499999999999929e+01,-4.391416410329999742e+00,1.021986149760000018e+02
1.133125000000000071e+01,-4.390051951470000269e+00,1.009399233099999975e+02
1.133750000000000036e+01,-4.381035362989999626e+00,9.971160962650000670e+01
1.134375000000000000e+01,-4.354164232369999610e+00,9.873677927740000371e+01
1.134999999999999964e+01,-4.311111148710000229e+00,9.792833985980000477e+01
1.135624999999999929e+01,-4.258698693939999558e+00,9.706415377870000327e+01
1.136250000000000071e+01,-4.240227821999999591e+00,9.602512857249999456e+01
1.136875000000000036e+01,-4.247928378910000191e+00,9.486704473359999668e+01
1.137500000000000000e+01,-4.260873273549999674e+00,9.359990076389999558e+01
1.138124999999999964e+01,-4.256463310860000071e+00,9.230609564309999371e+01
1.138749999999999929e+01,-4.225085291820000144e+00,9.112008468739999500e+01
1.139375000000000071e+01,-4.174216664680000299e+00,9.012117472289999398e+01
1.140000000000000036e+01,-4.117313572279999612e+00,8.928229828640000676e+01
1.140625000000000000e+01,-4.077903238390000240e+00,8.853645470399999340e+01
1.141249999999999964e+01,-4.075866578150000308e+00,8.776113927160000117e+01
1.141874999999999929e+01,-4.094355583659999631e+00,8.677366398840000272e+01
1.142500000000000071e+01,-4.124619982309999600e+00,8.560053205740000237e+01
1.143125000000000036e+01,-4.134197028780000061e+00,8.426663728789999652e+01
1.143750000000000000e+01,-4.112196575269999599e+00,8.291686368700000287e+01
1.144374999999999964e+01,-4.068438093450000181e+00,8.172419311100000527e+01
1.144999999999999929e+01,-4.024500138599999666e+00,8.082167427219999922e+01
1.145625000000000071e+01,-3.977557759719999808e+00,8.015848995230000185e+01
1.146250000000000036e+01,-3.948070735980000023e+00,7.945684705630000622e+01
1.146875000000000000e+01,-3.959223073370000012e+00,7.857992864460000249e+01
1.147499999999999964e+01,-3.989562597469999972e+00,7.750338256720000629e+01
1.148124999999999929e+01,-4.021858372399999659e+00,7.628554554779999819e+01
1.148750000000000071e+01,-4.034593120720000314e+00,7.495771731920000036e+01
1.149375000000000036e+01,-4.031594793000000010e+00,7.375985670810000272e+01
1.150000000000000000e+01,-4.000982927309999937e+00,7.286648867739999957e+01
1.150624999999999964e+01,-3.941796922470000020e+00,7.200223754210000493e+01
1.151249999999999929e+01,-3.907830096050000090e+00,7.097917840229999342e+01
1.151875000000000071e+01,-3.925855933509999840e+00,6.986155147319999514e+01
1.152500000000000036e+01,-3.963219844929999791e+00,6.878673487230000205e+01
1.153125000000000000e+01,-3.977365305829999809e+00,6.764670660720000228e+01
1.153749999999999964e+01,-3.989398098360000144e+00,6.644208596650000231e+01
1.154374999999999929e+01,-3.979256311489999920e+00,6.554552391320000027e+01
1.155000000000000071e+01,-3.926058836849999789e+00,6.478926008130000014e+01
1.155625000000000036e+01,-3.881216535990000160e+00,6.378313715040000176e+01
1.156250000000000000e+01,-3.895740885039999934e+00,6.260414253289999920e+01
1.156874999999999964e+01,-3.964949172329999882e+00,6.141549642710000256e+01
1.157499999999999929e+01,-4.016815442589999563e+00,6.024047946419999988e+01
1.158125000000000071e+01,-4.031243641749999718e+00,5.883280291829999697e+01
1.158750000000000036e+01,-4.031553083360000400e+00,5.749749128919999919e+01
1.159375000000000000e+01,-3.974396211240000198e+00,5.643989829819999926e+01
1.159999999999999964e+01,-3.898489434350000060e+00,5.540900647979999860e+01
1.160624999999999929e+01,-3.864763760839999840e+00,5.436898639860000060e+01
1.161250000000000071e+01,-3.906260861719999866e+00,5.348893554629999869e+01
1.161875000000000036e+01,-3.977055043600000062e+00,5.264556284329999869e+01
1.162500000000000000e+01,-4.034744880199999884e+00,5.158524423880000143e+01
1.163124999999999964e+01,-4.083293948609999724e+00,5.021963339349999700e+01
1.163749999999999929e+01,-4.097185692510000088e+00,4.881458067190000349e+01
1.164375000000000071e+01,-4.067727098419999798e+00,4.747771219660000241e+01
1.165000000000000036e+01,-4.033320542360000260e+00,4.619593389490000135e+01
1.165625000000000000e+01,-4.038104164689999998e+00,4.508688945040000107e+01
1.166249999999999964e+01,-4.086627101260000394e+00,4.411377553930000062e+01
1.166874999999999929e+01,-4.157244725129999985e+00,4.308385639200000128e+01
1.167500000000000071e+01,-4.227196515890000228e+00,4.179856623229999713e+01
1.168125000000000036e+01,-4.285315137239999572e+00,4.019259647230000354e+01
1.168750000000000000e+01,-4.319305783639999952e+00,3.847350114219999995e+01
1.169374999999999964e+01,-4.320003402670000270e+00,3.679692446340000345e+01
1.169999999999999929e+01,-4.335471330189999861e+00,3.525412918100000326e+01
1.170625000000000071e+01,-4.389179722459999766e+00,3.382323728720000133e+01
1.171250000000000036e+01,-4.504668173409999810e+00,3.245647925019999747e+01
1.171875000000000000e+01,-4.656796386799999965e+00,3.108010024040000019e+01
1.172499999999999964e+01,-4.808991231190000271e+00,2.933558467769999822e+01
1.173124999999999929e+01,-4.967946130979999708e+00,2.708472206389999926e+01
1.173750000000000071e+01,-5.138975423139999776e+00,2.467751518520000076e+01
1.174375000000000036e+01,-5.312755006279999748e+00,2.228744816540000073e+01
1.175000000000000000e+01,-5.564474274020000166e+00,1.989792975929999841e+01
