9.250000000000000000e+00,-4.262819835410000202e+00,-7.639251427840000019e+01
9.256249999999999645e+00,-4.665934039779999765e+00,-8.002394158990000506e+01
9.262499999999999289e+00,-5.028523375299999820e+00,-8.067365991730000019e+01
9.268750000000000711e+00,-5.027668053960000272e+00,-8.001848026940000125e+01
9.275000000000000355e+00,-4.697345277740000213e+00,-8.042182530380000571e+01
9.281250000000000000e+00,-4.272442789070000302e+00,-8.301827229789999762e+01
9.287499999999999645e+00,-3.997731728189999778e+00,-8.753103899650000130e+01
9.293749999999999289e+00,-4.053142957480000419e+00,-9.265340265039999679e+01
9.300000000000000711e+00,-4.384596957700000353e+00,-9.638545845110000698e+01
9.306250000000000355e+00,-4.711081921609999945e+00,-9.784099598289999733e+01
9.312500000000000000e+00,-4.789564174489999715e+00,-9.813662544349999450e+01
9.318749999999999645e+00,-4.618601127769999870e+00,-9.891094503249999548e+01
9.324999999999999289e+00,-4.360618840819999953e+00,-1.010829561479999938e+02
9.331250000000000711e+00,-4.167973117429999874e+00,-1.046141531610000044e+02
9.337500000000000355e+00,-4.176514003790000373e+00,-1.088206570130000017e+02
9.343750000000000000e+00,-4.380498633520000240e+00,-1.126644873500000017e+02
9.349999999999999645e+00,-4.670821914540000286e+00,-1.153287251840000067e+02
9.356249999999999289e+00,-4.901910144090000365e+00,-1.167922580630000056e+02
9.362500000000000711e+00,-4.981252628190000031e+00,-1.177165642359999964e+02
9.368750000000000355e+00,-4.908914304819999685e+00,-1.189039236960000068e+02
9.375000000000000000e+00,-4.761852185509999558e+00,-1.209481347939999978e+02
9.381249999999999645e+00,-4.650065980519999975e+00,-1.240441257890000060e+02
9.387499999999999289e+00,-4.672932039270000004e+00,-1.278989025059999989e+02
9.393750000000000711e+00,-4.902080333769999854e+00,-1.317628376049999872e+02
9.400000000000000355e+00,-5.285528055600000386e+00,-1.344533270670000036e+02
9.406250000000000000e+00,-5.621651413899999561e+00,-1.354494432950000089e+02
9.412499999999999645e+00,-5.733202187209999856e+00,-1.355206723679999925e+02
9.418749999999999289e+00,-5.603369153160000060e+00,-1.361003293089999886e+02
9.425000000000000711e+00,-5.379283911969999998e+00,-1.381072111340000106e+02
9.431250000000000355e+00,-5.240435965789999706e+00,-1.416740612600000020e+02
9.437500000000000000e+00,-5.366909659880000127e+00,-1.461404200359999948e+02
9.443749999999999645e+00,-5.822440004649999779e+00,-1.498164774580000085e+02
9.449999999999999289e+00,-6.368489781890000145e+00,-1.509738927930000045e+02
9.456250000000000711e+00,-6.646617947520000236e+00,-1.502453087410000023e+02
9.462500000000000355e+00,-6.558779828979999671e+00,-1.496997812380000141e+02
9.468750000000000000e+00,-6.275416186230000193e+00,-1.508208575380000127e+02
9.474999999999999645e+00,-6.020819575330000006e+00,-1.538889918579999971e+02
9.481249999999999289e+00,-6.005093191780000339e+00,-1.583853413289999992e+02
9.487500000000000711e+00,-6.380327324189999594e+00,-1.627365009380000060e+02
9.493750000000000355e+00,-6.994661223539999639e+00,-1.645671625010000128e+02
9.500000000000000000e+00,-7.399130567680000325e+00,-1.637714248810000015e+02
9.506249999999999645e+00,-7.404635088190000047e+00,-1.626326080579999882e+02
9.512499999999999289e+00,-7.136103599110000140e+00,-1.630115576940000039e+02
9.518750000000000711e+00,-6.851810966839999573e+00,-1.654157952669999929e+02
9.525000000000000355e+00,-6.741468900590000146e+00,-1.694177348100000131e+02
9.531250000000000000e+00,-6.976750428749999955e+00,-1.738241357679999908e+02
9.537499999999999645e+00,-7.523845974970000405e+00,-1.763642265240000029e+02
9.543749999999999289e+00,-7.990540130700000354e+00,-1.761774947080000118e+02
9.550000000000000711e+00,-8.117822606169999844e+00,-1.750528497349999952e+02
9.556250000000000355e+00,-7.949978799890000225e+00,-1.749021833070000014e+02
9.562500000000000000e+00,-7.699480410609999659e+00,-1.765460714909999922e+02
9.568749999999999645e+00,-7.553314373120000091e+00,-1.797063587149999933e+02
9.574999999999999289e+00,-7.652104229719999928e+00,1.764733733820000054e+02
9.581250000000000711e+00,-8.013776729259999954e+00,1.735103661109999962e+02
9.587500000000000355e+00,-8.437032655410000359e+00,1.725722146029999919e+02
9.593750000000000000e+00,-8.661150962420000710e+00,1.729695522000000096e+02
9.599999999999999645e+00,-8.638910396500000033e+00,1.731952850229999967e+02
9.606249999999999289e+00,-8.484691323630000781e+00,1.722904071190000082e+02
9.612500000000000711e+00,-8.347925346169999372e+00,1.701687069349999888e+02
9.618750000000000355e+00,-8.333046816290000436e+00,1.672707538349999936e+02
9.625000000000000000e+00,-8.487009488709999161e+00,1.643445068540000022e+02
9.631249999999999645e+00,-8.765960657830000002e+00,1.622483153819999870e+02
9.637499999999999289e+00,-9.038127964830000138e+00,1.612851210530000117e+02
9.643750000000000711e+00,-9.200377914229999732e+00,1.610346582290000015e+02
9.650000000000000355e+00,-9.213648274220000545e+00,1.606890141650000032e+02
9.656250000000000000e+00,-9.141515466530000467e+00,1.597061917000000051e+02
9.662499999999999645e+00,-9.059066682339999232e+00,1.579347131369999886e+02
9.668749999999999289e+00,-9.044171580660000487e+00,1.554847163320000050e+02
9.675000000000000711e+00,-9.149451654989999128e+00,1.527930796390000125e+02
9.681250000000000355e+00,-9.384176038879999737e+00,1.505179784590000054e+02
9.687500000000000000e+00,-9.664906971909999811e+00,1.493218659249999973e+02
9.693749999999999645e+00,-9.853980902709999157e+00,1.490345272870000031e+02
9.699999999999999289e+00,-9.884194874820000365e+00,1.489013177310000060e+02
9.706250000000000711e+00,-9.785166651790000003e+00,1.481065281390000052e+02
9.712500000000000355e+00,-9.660722347009999211e+00,1.463012717150000128e+02
9.718750000000000000e+00,-9.624902601680000558e+00,1.435935177869999961e+02
9.724999999999999645e+00,-9.754921201060000158e+00,1.406173392439999930e+02
9.731249999999999289e+00,-1.004971789000000015e+01,1.384246508070000061e+02
9.737500000000000711e+00,-1.034646488029999922e+01,1.376300490190000119e+02
9.743750000000000355e+00,-1.048976875540000009e+01,1.377076344669999912e+02
9.750000000000000000e+00,-1.044246421889999965e+01,1.375604616120000117e+02
9.756249999999999645e+00,-1.029692656019999930e+01,1.363819402299999979e+02
9.762499999999999289e+00,-1.018747935300000051e+01,1.340601204779999875e+02
9.768750000000000711e+00,-1.022719013040000036e+01,1.310109182680000117e+02
9.775000000000000355e+00,-1.046215616809999993e+01,1.282447930069999984e+02
9.781250000000000000e+00,-1.079031115049999912e+01,1.267981109069999945e+02
9.787499999999999645e+00,-1.101172268470000049e+01,1.265625883619999996e+02
9.793749999999999289e+00,-1.104907575080000015e+01,1.265834481530000062e+02
9.800000000000000711e+00,-1.094255269199999958e+01,1.258422780300000028e+02
9.806250000000000355e+00,-1.082538528459999938e+01,1.240195968200000038e+02
9.812500000000000000e+00,-1.080600163139999914e+01,1.213328357209999950e+02
9.818749999999999645e+00,-1.095671306919999921e+01,1.185654737280000006e+02
9.824999999999999289e+00,-1.122133585479999951e+01,1.165964780049999945e+02
9.831250000000000711e+00,-1.145407158699999961e+01,1.157116965489999956e+02
9.837500000000000355e+00,-1.156241820149999988e+01,1.153520295779999998e+02
9.843750000000000000e+00,-1.153455963729999922e+01,1.146790637409999931e+02
9.849999999999999645e+00,-1.146613750160000045e+01,1.132329975880000035e+02
9.856249999999999289e+00,-1.144948975580000017e+01,1.111034237370000000e+02
9.862500000000000711e+00,-1.154076332860000065e+01,1.087445983340000026e+02
9.868750000000000355e+00,-1.172369613729999926e+01,1.067286647420000065e+02
9.875000000000000000e+00,-1.192210093519999958e+01,1.053137154249999980e+02
9.881249999999999645e+00,-1.205918170079999996e+01,1.043386562830000059e+02
9.887499999999999289e+00,-1.212075085550000075e+01,1.033495029620000025e+02
9.893750000000000711e+00,-1.213723663719999912e+01,1.020567819649999990e+02
9.900000000000000355e+00,-1.215701888100000083e+01,1.003984535539999996e+02
9.906250000000000000e+00,-1.221619802050000025e+01,9.856356924749999848e+01
9.912499999999999645e+00,-1.231571455479999955e+01,9.675009785829999487e+01
9.918749999999999289e+00,-1.243045861849999945e+01,9.505733053260000531e+01
9.925000000000000711e+00,-1.255095852110000010e+01,9.353997722069999554e+01
9.931250000000000355e+00,-1.265816582359999920e+01,9.206921826459999636e+01
9.937500000000000000e+00,-1.275384203279999973e+01,9.065549064740000063e+01
9.943749999999999645e+00,-1.283343144080000009e+01,8.924357062129999463e+01
9.949999999999999289e+00,-1.289441227620000063e+01,8.784017224900000542e+01
9.956250000000000711e+00,-1.294793875240000069e+01,8.629013219770000376e+01
9.962500000000000355e+00,-1.301214537909999969e+01,8.457280446279999353e+01
9.968750000000000000e+00,-1.310397498759999912e+01,8.273745889170000112e+01
9.974999999999999645e+00,-1.323437633200000008e+01,8.095982235709999486e+01
9.981249999999999289e+00,-1.337964808809999973e+01,7.934917964449999772e+01
9.987500000000000711e+00,-1.351307748650000029e+01,7.797715652860000546e+01
9.993750000000000355e+00,-1.360698680419999995e+01,7.669871940960000245e+01
1.000000000000000000e+01,-1.365954028139999998e+01,7.526713299390000600e+01
1.000624999999999964e+01,-1.370551593829999959e+01,7.357716027550000604e+01
1.001249999999999929e+01,-1.378493202129999951e+01,7.166515738850000616e+01
1.001875000000000071e+01,-1.390347166269999946e+01,6.972150194809999846e+01
1.002500000000000036e+01,-1.405826327459999980e+01,6.797464192089999813e+01
1.003125000000000000e+01,-1.420181412300000012e+01,6.654547134589999757e+01
1.003749999999999964e+01,-1.430920197150000028e+01,6.524625734539999655e+01
1.004374999999999929e+01,-1.437304338799999925e+01,6.380701691760000216e+01
1.005000000000000071e+01,-1.442047109039999953e+01,6.210817622630000301e+01
1.005625000000000036e+01,-1.450035991520000067e+01,6.016320266099999969e+01
1.006250000000000000e+01,-1.462003038549999978e+01,5.824264438899999874e+01
1.006874999999999964e+01,-1.476656654900000021e+01,5.650939975589999875e+01
1.007499999999999929e+01,-1.491224380759999946e+01,5.496917141490000347e+01
1.008125000000000071e+01,-1.502662108520000039e+01,5.351114208679999962e+01
1.008750000000000036e+01,-1.511316730739999947e+01,5.190366754179999731e+01
1.009375000000000000e+01,-1.519419587149999984e+01,5.005898954730000128e+01
1.009999999999999964e+01,-1.530348905540000004e+01,4.807187914579999699e+01
1.010624999999999929e+01,-1.544395826789999937e+01,4.614764806379999840e+01
1.011250000000000071e+01,-1.559558654739999994e+01,4.445280209140000238e+01
1.011875000000000036e+01,-1.573078672659999988e+01,4.291904830840000074e+01
1.012500000000000000e+01,-1.582083161889999978e+01,4.135599711039999704e+01
1.013124999999999964e+01,-1.590336765970000066e+01,3.958154296499999703e+01
1.013749999999999929e+01,-1.598621374220000035e+01,3.755248922149999657e+01
1.014375000000000071e+01,-1.611548128469999952e+01,3.546813691300000215e+01
1.015000000000000036e+01,-1.627193101030000122e+01,3.351866093030000116e+01
1.015625000000000000e+01,-1.642652713980000101e+01,3.182246988389999842e+01
1.016249999999999964e+01,-1.655402852969999827e+01,3.029407525750000119e+01
1.016874999999999929e+01,-1.663802304640000074e+01,2.863395547069999836e+01
1.017500000000000071e+01,-1.672593465390000134e+01,2.672888215809999934e+01
1.018125000000000036e+01,-1.682862334609999877e+01,2.455162485580000009e+01
1.018750000000000000e+01,-1.697299651390000008e+01,2.231116950950000088e+01
1.019374999999999964e+01,-1.715111473789999863e+01,2.020722298729999977e+01
1.019999999999999929e+01,-1.732708630340000155e+01,1.837771608599999951e+01
1.020625000000000071e+01,-1.746618927020000100e+01,1.665090378240000035e+01
1.021250000000000036e+01,-1.757036725840000102e+01,1.481253466319999923e+01
1.021875000000000000e+01,-1.765774665089999829e+01,1.277673156030000001e+01
1.022499999999999964e+01,-1.776597180259999931e+01,1.052443794340000061e+01
1.023124999999999929e+01,-1.789554272939999890e+01,8.205240723019999294e+00
1.023750000000000071e+01,-1.804681429560000083e+01,6.008477760299999915e+00
1.024375000000000036e+01,-1.820695301139999955e+01,3.909459953389999853e+00
1.025000000000000000e+01,-1.834343446789999987e+01,1.938418611119999913e+00
1.025624999999999964e+01,-1.846254126019999831e+01,-8.305556151760000450e-02
1.026249999999999929e+01,-1.855674711090000173e+01,-2.232275094929999870e+00
1.026875000000000071e+01,-1.866427700939999923e+01,-4.464678868510000065e+00
1.027500000000000036e+01,-1.879112492160000158e+01,-6.801914585089999576e+00
1.028125000000000000e+01,-1.892098450510000163e+01,-9.168771894540000744e+00
1.028749999999999964e+01,-1.906394823340000144e+01,-1.153657399669999961e+01
1.029374999999999929e+01,-1.920398497729999931e+01,-1.395553087499999911e+01
1.030000000000000071e+01,-1.934222039819999850e+01,-1.643341696879999958e+01
1.030625000000000036e+01,-1.947034013720000090e+01,-1.891828343150000080e+01
1.031250000000000000e+01,-1.960209035460000138e+01,-2.136561212719999858e+01
1.031874999999999964e+01,-1.972413051790000083e+01,-2.380887991110000002e+01
1.032499999999999929e+01,-1.982416440249999923e+01,-2.625486802209999837e+01
1.033125000000000071e+01,-1.991280536689999892e+01,-2.881836628800000000e+01
1.033750000000000036e+01,-1.998907932470000048e+01,-3.152504614380000092e+01
1.034375000000000000e+01,-2.010314675049999877e+01,-3.437683280030000077e+01
1.034999999999999964e+01,-2.023249059759999824e+01,-3.707606975950000106e+01
1.035624999999999929e+01,-2.035554873699999945e+01,-3.966277414529999845e+01
1.036250000000000071e+01,-2.046138692330000097e+01,-4.210273487580000307e+01
1.036875000000000036e+01,-2.051858353989999983e+01,-4.455452328310000354e+01
1.037500000000000000e+01,-2.055349986979999954e+01,-4.720694422889999942e+01
1.038124999999999964e+01,-2.059169096660000164e+01,-5.016297946280000275e+01
1.038749999999999929e+01,-2.064526253529999877e+01,-5.337584846160000041e+01
1.039375000000000071e+01,-2.074393979890000139e+01,-5.662333715249999955e+01
1.040000000000000036e+01,-2.086526677890000059e+01,-5.960597394780000258e+01
1.040625000000000000e+01,-2.096058947650000093e+01,-6.241002675010000189e+01
1.041249999999999964e+01,-2.099949662359999891e+01,-6.506807341459999350e+01
1.041874999999999929e+01,-2.098710353679999940e+01,-6.776730042169999990e+01
1.042500000000000071e+01,-2.096583064069999836e+01,-7.076773258720000115e+01
1.043125000000000036e+01,-2.094822615880000072e+01,-7.406538009809999323e+01
1.043750000000000000e+01,-2.096492106379999854e+01,-7.735976787859999604e+01
1.044374999999999964e+01,-2.101700135829999994e+01,-8.052842040599999507e+01
1.044999999999999929e+01,-2.104994146219999962e+01,-8.334235773330000541e+01
1.045625000000000071e+01,-2.106929412879999930e+01,-8.588697029450000286e+01
1.046250000000000036e+01,-2.102521035459999865e+01,-8.852950557350000338e+01
1.046875000000000000e+01,-2.095760664029999987e+01,-9.132996786719999704e+01
1.047499999999999964e+01,-2.086690570489999885e+01,-9.428235648890000675e+01
1.048124999999999929e+01,-2.080795013299999852e+01,-9.745629822729999603e+01
1.048750000000000071e+01,-2.076650454230000165e+01,-1.005984403169999979e+02
1.049375000000000036e+01,-2.074733661519999828e+01,-1.037188254059999934e+02
1.050000000000000000e+01,-2.072518189970000080e+01,-1.065796398690000046e+02
1.050624999999999964e+01,-2.067280911359999962e+01,-1.093430484929999977e+02
1.051249999999999929e+01,-2.058616489610000144e+01,-1.119784065260000006e+02
1.051875000000000071e+01,-2.046224533570000048e+01,-1.147111145880000009e+02
1.052500000000000036e+01,-2.034335756669999995e+01,-1.175142436440000040e+02
1.053125000000000000e+01,-2.021950528769999877e+01,-1.204783310899999975e+02
1.053749999999999964e+01,-2.012665055920000157e+01,-1.233995747879999954e+02
1.054374999999999929e+01,-2.005910912470000085e+01,-1.261919116090000017e+02
1.055000000000000071e+01,-1.997902078259999925e+01,-1.287942670889999874e+02
1.055625000000000036e+01,-1.990382824759999991e+01,-1.311345380539999894e+02
1.056250000000000000e+01,-1.979997342780000125e+01,-1.333709645959999932e+02
1.056874999999999964e+01,-1.966277666219999887e+01,-1.355704296780000107e+02
1.057499999999999929e+01,-1.950432898680000093e+01,-1.379331566870000074e+02
1.058125000000000071e+01,-1.934484126479999944e+01,-1.405305091079999897e+02
1.058750000000000036e+01,-1.921302865050000008e+01,-1.432245344099999897e+02
1.059375000000000000e+01,-1.911923875200000111e+01,-1.459631980929999884e+02
1.059999999999999964e+01,-1.904405244630000027e+01,-1.484898688259999915e+02
1.060624999999999929e+01,-1.896458123349999880e+01,-1.506626770309999870e+02
1.061250000000000071e+01,-1.883999943270000088e+01,-1.526488336969999864e+02
1.061875000000000036e+01,-1.867639204940000042e+01,-1.545618265640000004e+02
1.062500000000000000e+01,-1.847703726399999979e+01,-1.567779720679999969e+02
1.063124999999999964e+01,-1.829208612029999870e+01,-1.592590642970000090e+02
1.063749999999999929e+01,-1.815765343769999873e+01,-1.618653102359999991e+02
1.064375000000000071e+01,-1.808180314009999989e+01,-1.644179451089999873e+02
1.065000000000000036e+01,-1.804347504349999909e+01,-1.665120891900000117e+02
1.065625000000000000e+01,-1.797914896389999839e+01,-1.682000627209999948e+02
1.066249999999999964e+01,-1.784879381280000032e+01,-1.696172992639999961e+02
1.066874999999999929e+01,-1.764904015320000141e+01,-1.712157623800000010e+02
1.067500000000000071e+01,-1.743645521990000091e+01,-1.732604298640000025e+02
1.068125000000000036e+01,-1.726449904360000076e+01,-1.757140952659999869e+02
1.068750000000000000e+01,-1.716199687019999942e+01,-1.782357372890000136e+02
1.069374999999999964e+01,-1.712117665090000074e+01,1.794548499919999927e+02
1.069999999999999929e+01,-1.709799408299999968e+01,1.777153408929999898e+02
1.070625000000000071e+01,-1.701969122050000038e+01,1.763605566539999927e+02
1.071250000000000036e+01,-1.684809863150000098e+01,1.750669628269999976e+02
1.071875000000000000e+01,-1.662574427190000037e+01,1.733810298219999879e+02
1.072499999999999964e+01,-1.640833521349999913e+01,1.712396170709999978e+02
1.073124999999999929e+01,-1.625497965139999934e+01,1.687812337569999954e+02
1.073750000000000071e+01,-1.619452584200000089e+01,1.664020915979999984e+02
1.074375000000000036e+01,-1.618233696740000127e+01,1.644997408060000055e+02
1.075000000000000000e+01,-1.615374080599999829e+01,1.631239374010000063e+02
1.075624999999999964e+01,-1.605912932060000031e+01,1.620183112210000047e+02
1.076249999999999929e+01,-1.588814737170000058e+01,1.607874339790000136e+02
1.076875000000000071e+01,-1.568751364230000078e+01,1.590782596329999876e+02
1.077500000000000036e+01,-1.551740840799999965e+01,1.569206234220000056e+02
1.078125000000000000e+01,-1.541369644070000078e+01,1.546913039309999931e+02
1.078749999999999964e+01,-1.537000294539999956e+01,1.527303045950000069e+02
1.079374999999999929e+01,-1.534260228950000027e+01,1.511578937890000134e+02
1.080000000000000071e+01,-1.529594312979999948e+01,1.499270897559999867e+02
1.080625000000000036e+01,-1.519544911390000053e+01,1.487638936870000066e+02
1.081250000000000000e+01,-1.505090677899999996e+01,1.474157008050000002e+02
1.081874999999999964e+01,-1.487688547800000016e+01,1.457167076130000112e+02
1.082499999999999929e+01,-1.472395867190000018e+01,1.437315933339999958e+02
1.083125000000000071e+01,-1.462146913119999958e+01,1.416670275980000042e+02
1.083750000000000036e+01,-1.456202711479999934e+01,1.397404987849999998e+02
1.084375000000000000e+01,-1.452616653810000003e+01,1.381199687609999955e+02
1.084999999999999964e+01,-1.449657712419999989e+01,1.368419300170000099e+02
1.085624999999999929e+01,-1.441917388599999938e+01,1.358068665540000097e+02
1.086250000000000071e+01,-1.428662766699999942e+01,1.347074902230000077e+02
1.086875000000000036e+01,-1.411569479549999961e+01,1.332729757900000038e+02
1.087500000000000000e+01,-1.396664440750000047e+01,1.313854532199999881e+02
1.088124999999999964e+01,-1.386927157739999927e+01,1.292919753200000059e+02
1.088749999999999929e+01,-1.384718153370000060e+01,1.273142641160000039e+02
1.089375000000000071e+01,-1.386404331570000004e+01,1.258095113730000065e+02
1.090000000000000036e+01,-1.385644564909999943e+01,1.248477897730000024e+02
1.090625000000000000e+01,-1.377777461760000044e+01,1.241427474319999931e+02
1.091249999999999964e+01,-1.359834874659999926e+01,1.231650321580000025e+02
1.091874999999999929e+01,-1.339891945890000002e+01,1.214714410520000030e+02
1.092500000000000071e+01,-1.326092210170000030e+01,1.192044581499999936e+02
1.093125000000000036e+01,-1.322245181539999948e+01,1.169314315019999952e+02
1.093750000000000000e+01,-1.325600018769999977e+01,1.151424968630000052e+02
1.094374999999999964e+01,-1.328808822260000078e+01,1.140510225160000033e+02
1.094999999999999929e+01,-1.324345054580000003e+01,1.134333490810000029e+02
1.095625000000000071e+01,-1.309455972289999970e+01,1.127244013619999947e+02
1.096250000000000036e+01,-1.289779473239999952e+01,1.113340789559999990e+02
1.096875000000000000e+01,-1.275960993960000067e+01,1.092691600880000067e+02
1.097499999999999964e+01,-1.271898063050000083e+01,1.070947338630000019e+02
1.098124999999999929e+01,-1.275251971319999988e+01,1.052967457259999975e+02
1.098750000000000071e+01,-1.278203109730000087e+01,1.041111423180000060e+02
1.099375000000000036e+01,-1.275351026160000067e+01,1.033238024319999937e+02
1.100000000000000000e+01,-1.263620868689999988e+01,1.025308045099999958e+02
1.100624999999999964e+01,-1.248009159639999943e+01,1.012243392200000045e+02
1.101249999999999929e+01,-1.236699269660000056e+01,9.943919124040000668e+01
1.101875000000000071e+01,-1.232779156660000019e+01,9.757227267640000434e+01
1.102500000000000036e+01,-1.233060002410000067e+01,9.598293264999999508e+01
1.103125000000000000e+01,-1.232408689050000028e+01,9.476868607069999939e+01
1.103749999999999964e+01,-1.225953981630000023e+01,9.368485629609999421e+01
1.104374999999999929e+01,-1.215420100869999942e+01,9.243248679750000463e+01
1.105000000000000071e+01,-1.204735132160000077e+01,9.087656247840000390e+01
1.105625000000000036e+01,-1.199364406109999948e+01,8.922491950319999887e+01
1.106250000000000000e+01,-1.198643478139999985e+01,8.778267513100000485e+01
1.106874999999999964e+01,-1.198831705449999951e+01,8.671282644640000115e+01
1.107499999999999929e+01,-1.194323547089999948e+01,8.577916170059999956e+01
1.108125000000000071e+01,-1.185142883750000031e+01,8.465923704860000498e+01
1.108750000000000036e+01,-1.175540751670000006e+01,8.310325009439999633e+01
1.109375000000000000e+01,-1.170722490039999997e+01,8.130765695990000097e+01
1.109999999999999964e+01,-1.170540783570000087e+01,7.965094092389999503e+01
1.110624999999999929e+01,-1.172464659179999913e+01,7.843363669689999540e+01
1.111250000000000071e+01,-1.171146100360000020e+01,7.758645862560000239e+01
1.111875000000000036e+01,-1.162777467209999926e+01,7.675667748249999534e+01
1.112500000000000000e+01,-1.150692984490000015e+01,7.555652664510000704e+01
1.113124999999999964e+01,-1.140991986809999936e+01,7.383865187119999973e+01
1.113749999999999929e+01,-1.138350724909999911e+01,7.197811197080000056e+01
1.114375000000000071e+01,-1.140420768199999912e+01,7.032399712779999845e+01
1.115000000000000036e+01,-1.143808784520000010e+01,6.912115902050000216e+01
1.115625000000000000e+01,-1.142133865399999948e+01,6.820643693719999590e+01
1.116249999999999964e+01,-1.134796923669999913e+01,6.732775988740000628e+01
1.116874999999999929e+01,-1.124701429259999941e+01,6.613465230879999979e+01
1.117500000000000071e+01,-1.117223069779999989e+01,6.466051582309999901e+01
1.118125000000000036e+01,-1.115283517359999976e+01,6.311124092370000227e+01
1.118750000000000000e+01,-1.115566363179999954e+01,6.168890251719999895e+01
1.119374999999999964e+01,-1.115763234229999945e+01,6.041995317250000141e+01
1.119999999999999929e+01,-1.113450729949999918e+01,5.916806072319999998e+01
1.120625000000000071e+01,-1.110738917830000005e+01,5.784290992639999729e+01
1.121250000000000036e+01,-1.109549445090000042e+01,5.651188353149999699e+01
1.121875000000000000e+01,-1.109525163170000006e+01,5.533982763110000036e+01
1.122499999999999964e+01,-1.108755418500000012e+01,5.440867582490000132e+01
1.123124999999999929e+01,-1.102407019520000020e+01,5.352154542350000099e+01
1.123750000000000071e+01,-1.092096438269999936e+01,5.228745782770000261e+01
1.124375000000000036e+01,-1.083367550240000021e+01,5.053139932810000090e+01
1.125000000000000000e+01,-1.082771043229999997e+01,4.852237729950000045e+01
1.125624999999999964e+01,-1.089769159489999950e+01,4.680200192080000221e+01
1.126249999999999929e+01,-1.101595611960000021e+01,4.578712797149999858e+01
1.126875000000000071e+01,-1.106742577380000014e+01,4.553257943250000039e+01
1.127500000000000036e+01,-1.099006850099999966e+01,4.549811196379999956e+01
1.128125000000000000e+01,-1.077094324870000008e+01,4.475391139429999754e+01
1.128749999999999964e+01,-1.057488470979999917e+01,4.269649420129999839e+01
1.129374999999999929e+01,-1.055100539640000079e+01,3.995864023360000061e+01
1.130000000000000071e+01,-1.069422882339999958e+01,3.765151454189999924e+01
1.130625000000000036e+01,-1.090909400900000037e+01,3.639956072550000243e+01
1.131250000000000000e+01,-1.106564345119999970e+01,3.634038494760000049e+01
1.131874999999999964e+01,-1.103888170779999989e+01,3.703796389819999746e+01
1.132499999999999929e+01,-1.077066114700000021e+01,3.710867184730000190e+01
1.133125000000000071e+01,-1.044710544760000026e+01,3.529183482140000194e+01
1.133750000000000036e+01,-1.032893320049999986e+01,3.215122967989999836e+01
1.134375000000000000e+01,-1.045545390200000035e+01,2.920634895819999954e+01
1.134999999999999964e+01,-1.070661244489999930e+01,2.739209642369999997e+01
1.135624999999999929e+01,-1.094227445479999972e+01,2.688659515410000012e+01
1.136250000000000071e+01,-1.102287891729999991e+01,2.747591859690000149e+01
1.136875000000000036e+01,-1.084041323089999942e+01,2.806654318820000071e+01
1.137500000000000000e+01,-1.050399418920000016e+01,2.711517292670000145e+01
1.138124999999999964e+01,-1.027904885899999954e+01,2.445759334050000078e+01
1.138749999999999929e+01,-1.031033113920000055e+01,2.142123195570000149e+01
1.139375000000000071e+01,-1.051560050179999983e+01,1.920800268269999833e+01
1.140000000000000036e+01,-1.075726456179999957e+01,1.811573893730000151e+01
1.140625000000000000e+01,-1.090991761899999979e+01,1.802599322260000037e+01
1.141249999999999964e+01,-1.088742862810000034e+01,1.832207970720000034e+01
1.141874999999999929e+01,-1.069527974100000023e+01,1.805569113560000005e+01
1.142500000000000071e+01,-1.045783481520000002e+01,1.663988053980000004e+01
1.143125000000000036e+01,-1.033236080470000040e+01,1.434250809809999971e+01
1.143750000000000000e+01,-1.034998822530000062e+01,1.191544510730000006e+01
1.144374999999999964e+01,-1.047406169259999942e+01,9.931641796359999219e+00
1.144999999999999929e+01,-1.063399553200000014e+01,8.545693032959999158e+00
1.145625000000000071e+01,-1.077206926690000088e+01,7.732686088530000390e+00
1.146250000000000036e+01,-1.084256762280000075e+01,7.402330569250000103e+00
1.146875000000000000e+01,-1.079554232799999980e+01,7.264671928510000321e+00
1.147499999999999964e+01,-1.062125250829999956e+01,6.737079882009999743e+00
1.148124999999999929e+01,-1.039742461109999994e+01,5.208314650100000165e+00
1.148750000000000071e+01,-1.027213827379999955e+01,2.631980108550000086e+00
1.149375000000000036e+01,-1.034450200739999914e+01,-2.224909815099999910e-01
1.150000000000000000e+01,-1.057862611070000014e+01,-2.495323339500000071e+00
1.150624999999999964e+01,-1.086834945550000064e+01,-3.636417895350000151e+00
1.151249999999999929e+01,-1.108004020079999918e+01,-3.499995147489999958e+00
1.151875000000000071e+01,-1.105351570300000041e+01,-2.563281062460000204e+00
1.152500000000000036e+01,-1.071284720989999961e+01,-2.452714513960000176e+00
1.153125000000000000e+01,-1.028418148489999950e+01,-4.756338692519999967e+00
1.153749999999999964e+01,-1.013367843950000058e+01,-8.862665292530000016e+00
1.154374999999999929e+01,-1.033733944309999941e+01,-1.267368712949999932e+01
1.155000000000000071e+01,-1.073416105189999925e+01,-1.493484693719999967e+01
1.155625000000000036e+01,-1.114522319439999976e+01,-1.534354370820000035e+01
1.156250000000000000e+01,-1.135997947020000076e+01,-1.404437085750000058e+01
1.156874999999999964e+01,-1.116329177749999957e+01,-1.236716105060000004e+01
1.157499999999999929e+01,-1.061044640229999914e+01,-1.299632548259999965e+01
1.158125000000000071e+01,-1.016051503669999967e+01,-1.707650983979999992e+01
1.158750000000000036e+01,-1.017180275189999961e+01,-2.228746536619999929e+01
1.159375000000000000e+01,-1.054016032470000042e+01,-2.615024776219999936e+01
1.159999999999999964e+01,-1.102919932430000038e+01,-2.795560433030000169e+01
1.160624999999999929e+01,-1.142130310489999978e+01,-2.773498885020000060e+01
1.161250000000000071e+01,-1.150111661410000075e+01,-2.629625598659999852e+01
1.161875000000000036e+01,-1.114466226120000059e+01,-2.574126727670000037e+01
1.162500000000000000e+01,-1.061979201910000015e+01,-2.827739202020000064e+01
1.163124999999999964e+01,-1.035968617380000012e+01,-3.345348325039999793e+01
1.163749999999999929e+01,-1.050916222889999929e+01,-3.871915406640000157e+01
1.164375000000000071e+01,-1.089479808209999945e+01,-4.244503090490000119e+01
1.165000000000000036e+01,-1.130897463530000024e+01,-4.429725278179999748e+01
1.165625000000000000e+01,-1.156963811910000040e+01,-4.466532346870000225e+01
1.166249999999999964e+01,-1.154321788120000036e+01,-4.460357665619999779e+01
1.166874999999999929e+01,-1.121042718260000015e+01,-4.581175362839999821e+01
1.167500000000000071e+01,-1.079167007160000047e+01,-4.957031086300000311e+01
1.168125000000000036e+01,-1.057642327850000008e+01,-5.544632997160000087e+01
1.168750000000000000e+01,-1.066734076400000042e+01,-6.176785292609999800e+01
1.169374999999999964e+01,-1.096594777690000022e+01,-6.718308738839999705e+01
1.169999999999999929e+01,-1.131302505720000084e+01,-7.131902911939999967e+01
1.170625000000000071e+01,-1.155480159270000051e+01,-7.425079147430000148e+01
1.171250000000000036e+01,-1.151012535009999915e+01,-7.677277730909999320e+01
1.171875000000000000e+01,-1.109066164609999916e+01,-8.049174690210000449e+01
1.172499999999999964e+01,-1.043917702040000073e+01,-8.733753833330000305e+01
1.173124999999999929e+01,-9.912894664059999528e+00,-9.753748339749999730e+01
1.173750000000000071e+01,-9.707972174020000011e+00,-1.090937165450000066e+02
1.174375000000000036e+01,-9.711721557089999735e+00,-1.198469024839999975e+02
1.175000000000000000e+01,-9.663613581939999975e+00,-1.290370981240000106e+02
