9.250000000000000000e+00,-4.777371374650000391e+00,3.821431670820000193e+01
9.256249999999999645e+00,-4.531883023189999804e+00,3.357912466500000193e+01
9.262499999999999289e+00,-4.827598663809999913e+00,2.916465076669999945e+01
9.268750000000000711e+00,-5.423899570669999726e+00,2.798169184509999852e+01
9.275000000000000355e+00,-5.778751204649999806e+00,3.014926932170000029e+01
9.281250000000000000e+00,-5.645372275909999793e+00,3.282067714610000309e+01
9.287499999999999645e+00,-5.208391744260000067e+00,3.378691778870000206e+01
9.293749999999999289e+00,-4.736018595350000027e+00,3.255354329539999725e+01
9.300000000000000711e+00,-4.450337474400000382e+00,2.971102136220000034e+01
9.306250000000000355e+00,-4.455598558470000192e+00,2.667527944760000125e+01
9.312500000000000000e+00,-4.659290886680000021e+00,2.493406776360000165e+01
9.318749999999999645e+00,-4.846320278930000391e+00,2.494364968289999851e+01
9.324999999999999289e+00,-4.837600653650000027e+00,2.589442509459999897e+01
9.331250000000000711e+00,-4.622669812669999878e+00,2.666005366050000092e+01
9.337500000000000355e+00,-4.275903966619999608e+00,2.653386563140000121e+01
9.343750000000000000e+00,-3.891165893560000200e+00,2.525278767689999881e+01
9.349999999999999645e+00,-3.580780582780000110e+00,2.288233569399999823e+01
9.356249999999999289e+00,-3.440695599000000104e+00,1.988746157150000116e+01
9.362500000000000711e+00,-3.519431026949999985e+00,1.722117621599999993e+01
9.368750000000000355e+00,-3.729169462879999841e+00,1.602624308809999931e+01
9.375000000000000000e+00,-3.842125287640000053e+00,1.655176355420000078e+01
9.381249999999999645e+00,-3.677582102660000185e+00,1.765936732340000148e+01
9.387499999999999289e+00,-3.263814771909999912e+00,1.779312457360000010e+01
9.393750000000000711e+00,-2.756716207699999810e+00,1.601858482249999938e+01
9.400000000000000355e+00,-2.388893654479999906e+00,1.233043728610000045e+01
9.406250000000000000e+00,-2.364161851810000048e+00,7.893186493900000045e+00
9.412499999999999645e+00,-2.686214277779999993e+00,4.884506569380000052e+00
9.418749999999999289e+00,-3.040610187560000011e+00,4.856654933019999731e+00
9.425000000000000711e+00,-3.037288953550000059e+00,6.601672204289999790e+00
9.431250000000000355e+00,-2.645799607639999884e+00,7.565694870079999745e+00
9.437500000000000000e+00,-2.086067979040000075e+00,6.338956364310000424e+00
9.443749999999999645e+00,-1.625333138940000088e+00,2.638255647259999837e+00
9.449999999999999289e+00,-1.534800594950000097e+00,-2.470939095939999941e+00
9.456250000000000711e+00,-1.877892958349999919e+00,-6.503633611239999723e+00
9.462500000000000355e+00,-2.363502664909999940e+00,-7.331018457839999947e+00
9.468750000000000000e+00,-2.511979298730000032e+00,-5.613381415290000120e+00
9.474999999999999645e+00,-2.224500437030000111e+00,-4.249619735989999647e+00
9.481249999999999289e+00,-1.712812011500000065e+00,-4.926532475970000213e+00
9.487500000000000711e+00,-1.250545649510000024e+00,-8.031241605299999975e+00
9.493750000000000355e+00,-1.101204569939999933e+00,-1.274973903369999917e+01
9.500000000000000000e+00,-1.359248612850000093e+00,-1.690705470050000159e+01
9.506249999999999645e+00,-1.804609974519999938e+00,-1.848328424079999976e+01
9.512499999999999289e+00,-2.040358297670000098e+00,-1.752923508740000003e+01
9.518750000000000711e+00,-1.879440369219999907e+00,-1.634353077680000155e+01
9.525000000000000355e+00,-1.490576550729999949e+00,-1.667500677139999965e+01
9.531250000000000000e+00,-1.090511598540000016e+00,-1.897967981480000077e+01
9.537499999999999645e+00,-9.086347901719999953e-01,-2.275791635419999892e+01
9.543749999999999289e+00,-1.038145597430000011e+00,-2.643914755280000151e+01
9.550000000000000711e+00,-1.343050470069999891e+00,-2.854774303579999994e+01
9.556250000000000355e+00,-1.576136990550000005e+00,-2.880125086489999831e+01
9.562500000000000000e+00,-1.553644394029999987e+00,-2.842922264999999982e+01
9.568749999999999645e+00,-1.336443903189999949e+00,-2.878134554120000033e+01
9.574999999999999289e+00,-1.073885809529999902e+00,-3.034434746109999992e+01
9.581250000000000711e+00,-9.036103472730000474e-01,-3.288734676469999840e+01
9.587500000000000355e+00,-9.018436680829999830e-01,-3.564281702929999796e+01
9.593750000000000000e+00,-1.025078538490000080e+00,-3.782747656379999768e+01
9.599999999999999645e+00,-1.166766011470000031e+00,-3.916029371709999651e+01
9.606249999999999289e+00,-1.236657907619999941e+00,-3.989349412039999976e+01
9.612500000000000711e+00,-1.207213743330000089e+00,-4.056720630440000264e+01
9.618750000000000355e+00,-1.109307019060000066e+00,-4.153459671699999944e+01
9.625000000000000000e+00,-9.905459860790000182e-01,-4.289760111670000242e+01
9.631249999999999645e+00,-8.892547688080000290e-01,-4.463823337670000058e+01
9.637499999999999289e+00,-8.387100766670000374e-01,-4.662560503339999940e+01
9.643750000000000711e+00,-8.629997963309999909e-01,-4.865857375729999745e+01
9.650000000000000355e+00,-9.553746225910000334e-01,-5.044176736589999877e+01
9.656250000000000000e+00,-1.067376198849999902e+00,-5.164452360269999787e+01
9.662499999999999645e+00,-1.122765951679999930e+00,-5.228451174340000307e+01
9.668749999999999289e+00,-1.068427547810000044e+00,-5.277679457020000342e+01
9.675000000000000711e+00,-9.222255297889999648e-01,-5.366618998949999764e+01
9.681250000000000355e+00,-7.540170085120000421e-01,-5.530448761110000078e+01
9.687500000000000000e+00,-6.636557604789999898e-01,-5.762640755689999850e+01
9.693749999999999645e+00,-7.197450303960000184e-01,-6.005593381020000265e+01
9.699999999999999289e+00,-8.950814868890000220e-01,-6.180377099799999741e+01
9.706250000000000711e+00,-1.058471047310000079e+00,-6.246508695309999837e+01
9.712500000000000355e+00,-1.082636878550000015e+00,-6.251660251509999711e+01
9.718750000000000000e+00,-9.388912395740000028e-01,-6.287751468870000338e+01
9.724999999999999645e+00,-7.300029059760000383e-01,-6.417989412859999732e+01
9.731249999999999289e+00,-5.781834251309999617e-01,-6.647458752929999548e+01
9.737500000000000711e+00,-5.888499823949999712e-01,-6.912206070230000421e+01
9.743750000000000355e+00,-7.603809701320000114e-01,-7.119754214869999487e+01
9.750000000000000000e+00,-9.676362997720000525e-01,-7.205227385359999914e+01
9.756249999999999645e+00,-1.043901898119999894e+00,-7.202153728490000617e+01
9.762499999999999289e+00,-9.384321249460000347e-01,-7.215665566980000278e+01
9.768750000000000711e+00,-7.362570497989999740e-01,-7.319052761759999726e+01
9.775000000000000355e+00,-5.632764439930000311e-01,-7.528395828559999359e+01
9.781250000000000000e+00,-5.329774941329999960e-01,-7.785952385480000260e+01
9.787499999999999645e+00,-6.578516562059999462e-01,-8.004911416669999369e+01
9.793749999999999289e+00,-8.399703226870000039e-01,-8.116701898719999519e+01
9.800000000000000711e+00,-9.293877611819999496e-01,-8.137685712590000264e+01
9.806250000000000355e+00,-8.690938718280000197e-01,-8.156188245280000615e+01
9.812500000000000000e+00,-7.130888373599999497e-01,-8.243336435119999805e+01
9.818749999999999645e+00,-5.691359278190000204e-01,-8.420923932659999878e+01
9.824999999999999289e+00,-5.275994632129999973e-01,-8.645468975849999538e+01
9.831250000000000711e+00,-6.075788612160000213e-01,-8.846144284540000058e+01
9.837500000000000355e+00,-7.344716688519999925e-01,-8.969576729189999753e+01
9.843750000000000000e+00,-8.083742467740000492e-01,-9.022730144720000567e+01
9.849999999999999645e+00,-7.747869391859999455e-01,-9.066965125880000187e+01
9.856249999999999289e+00,-6.703673508659999669e-01,-9.156717981010000074e+01
9.862500000000000711e+00,-5.737215169010000393e-01,-9.308095526770000561e+01
9.868750000000000355e+00,-5.416830364889999583e-01,-9.493509488220000492e+01
9.875000000000000000e+00,-5.815160629679999582e-01,-9.666420047280000460e+01
9.881249999999999645e+00,-6.512190352450000219e-01,-9.795924861870000200e+01
9.887499999999999289e+00,-6.885494470330000283e-01,-9.884814974009999844e+01
9.893750000000000711e+00,-6.716161097349999665e-01,-9.965465256119999538e+01
9.900000000000000355e+00,-6.179014939339999568e-01,-1.006761525760000069e+02
9.906250000000000000e+00,-5.696038059060000158e-01,-1.019909520279999953e+02
9.912499999999999645e+00,-5.501901349309999967e-01,-1.034400112750000034e+02
9.918749999999999289e+00,-5.572421180629999471e-01,-1.048519889920000026e+02
9.925000000000000711e+00,-5.756112144410000520e-01,-1.061115839020000067e+02
9.931250000000000355e+00,-5.781970330110000056e-01,-1.072532985489999930e+02
9.937500000000000000e+00,-5.694080864880000092e-01,-1.083793250979999954e+02
9.943749999999999645e+00,-5.537602853340000131e-01,-1.095471706080000018e+02
9.949999999999999289e+00,-5.427352633440000185e-01,-1.107269665809999992e+02
9.956250000000000711e+00,-5.354037550129999712e-01,-1.118884930060000045e+02
9.962500000000000355e+00,-5.252101657469999685e-01,-1.130502193640000002e+02
9.968750000000000000e+00,-5.060298508999999667e-01,-1.142728906450000039e+02
9.974999999999999645e+00,-4.863373693199999903e-01,-1.155904221180000064e+02
9.981249999999999289e+00,-4.779022526139999894e-01,-1.169599208260000012e+02
9.987500000000000711e+00,-4.903026122990000180e-01,-1.182615871040000002e+02
9.993750000000000355e+00,-5.071924974670000141e-01,-1.194038731790000014e+02
1.000000000000000000e+01,-5.050697967470000327e-01,-1.204064189930000026e+02
1.000624999999999964e+01,-4.789541987770000175e-01,-1.213941272179999942e+02
1.001249999999999929e+01,-4.410165936089999739e-01,-1.225340445300000027e+02
1.001875000000000071e+01,-4.060765646810000074e-01,-1.238822724160000064e+02
1.002500000000000036e+01,-4.002339779590000091e-01,-1.253509426459999929e+02
1.003125000000000000e+01,-4.276242827300000271e-01,-1.267391775079999974e+02
1.003749999999999964e+01,-4.608159883140000024e-01,-1.278972025669999937e+02
1.004374999999999929e+01,-4.714240211480000275e-01,-1.288478010519999941e+02
1.005000000000000071e+01,-4.461121773710000071e-01,-1.297712334789999886e+02
1.005625000000000036e+01,-4.006712825889999774e-01,-1.308435274439999887e+02
1.006250000000000000e+01,-3.580966546120000205e-01,-1.321404206889999955e+02
1.006874999999999964e+01,-3.447285266619999899e-01,-1.335897225729999889e+02
1.007499999999999929e+01,-3.648494059749999852e-01,-1.349900082750000081e+02
1.008125000000000071e+01,-4.002996266659999969e-01,-1.361776394620000019e+02
1.008750000000000036e+01,-4.163907312790000037e-01,-1.371837920199999985e+02
1.009375000000000000e+01,-3.983242571310000035e-01,-1.381441997290000074e+02
1.009999999999999964e+01,-3.553440979999999971e-01,-1.392201365189999933e+02
1.010624999999999929e+01,-3.133824615299999894e-01,-1.404699065099999871e+02
1.011250000000000071e+01,-2.938853421179999925e-01,-1.418453786489999970e+02
1.011875000000000036e+01,-3.088944028739999959e-01,-1.431959459519999882e+02
1.012500000000000000e+01,-3.384365939410000079e-01,-1.443891715709999914e+02
1.013124999999999964e+01,-3.571153388809999996e-01,-1.454223560949999978e+02
1.013749999999999929e+01,-3.472443328620000158e-01,-1.464330297289999976e+02
1.014375000000000071e+01,-3.190555844340000058e-01,-1.475236417879999919e+02
1.015000000000000036e+01,-2.830770923290000241e-01,-1.487447333560000118e+02
1.015625000000000000e+01,-2.631682833189999959e-01,-1.500885642819999930e+02
1.016249999999999964e+01,-2.646720346240000188e-01,-1.514020812329999899e+02
1.016874999999999929e+01,-2.822886447590000070e-01,-1.525967350489999887e+02
1.017500000000000071e+01,-2.908170243070000160e-01,-1.536929221890000008e+02
1.018125000000000036e+01,-2.871131981710000058e-01,-1.547586323010000058e+02
1.018750000000000000e+01,-2.714230584610000108e-01,-1.558815387669999950e+02
1.019374999999999964e+01,-2.498892414109999960e-01,-1.570724473250000131e+02
1.019999999999999929e+01,-2.329198273120000051e-01,-1.583209881020000012e+02
1.020625000000000071e+01,-2.255749886060000042e-01,-1.595639122059999977e+02
1.021250000000000036e+01,-2.289962045720000117e-01,-1.607245327779999968e+02
1.021875000000000000e+01,-2.259509753910000085e-01,-1.618577072209999983e+02
1.022499999999999964e+01,-2.230325567639999951e-01,-1.629851671899999985e+02
1.023124999999999929e+01,-2.186977352080000103e-01,-1.641600936860000104e+02
1.023750000000000071e+01,-2.153338096119999934e-01,-1.653653167479999979e+02
1.024375000000000036e+01,-2.128048491569999867e-01,-1.665700903519999940e+02
1.025000000000000000e+01,-2.076667846899999947e-01,-1.677530496679999885e+02
1.025624999999999964e+01,-1.987197462960000049e-01,-1.688965989929999978e+02
1.026249999999999929e+01,-1.829604738900000027e-01,-1.700249684629999933e+02
1.026875000000000071e+01,-1.681582683589999960e-01,-1.711798651610000093e+02
1.027500000000000036e+01,-1.603895104189999865e-01,-1.723601214329999891e+02
1.028125000000000000e+01,-1.685300717119999903e-01,-1.735643743880000045e+02
1.028749999999999964e+01,-1.799173891770000089e-01,-1.747280992599999934e+02
1.029374999999999929e+01,-1.880765048049999888e-01,-1.758640719240000010e+02
1.030000000000000071e+01,-1.815465135669999952e-01,-1.769910108320000006e+02
1.030625000000000036e+01,-1.619778647979999986e-01,-1.781357239829999912e+02
1.031250000000000000e+01,-1.386485176170000055e-01,-1.793304646459999958e+02
1.031874999999999964e+01,-1.201745129390000000e-01,1.794237888389999966e+02
1.032499999999999929e+01,-1.173945889110000057e-01,1.781942364090000126e+02
1.033125000000000071e+01,-1.277776423470000089e-01,1.770077852969999981e+02
1.033750000000000036e+01,-1.425424906649999934e-01,1.759012468740000088e+02
1.034375000000000000e+01,-1.488416561170000096e-01,1.748136978599999907e+02
1.034999999999999964e+01,-1.431972425620000045e-01,1.736966863680000017e+02
1.035624999999999929e+01,-1.225209885269999965e-01,1.725165590450000082e+02
1.036250000000000071e+01,-1.016569923829999944e-01,1.712574086779999902e+02
1.036875000000000036e+01,-9.395896473779999369e-02,1.699834360529999913e+02
1.037500000000000000e+01,-9.931435664259999352e-02,1.687439247549999948e+02
1.038124999999999964e+01,-1.106976968149999963e-01,1.675970208880000030e+02
1.038749999999999929e+01,-1.221119916140000067e-01,1.665233058149999863e+02
1.039375000000000071e+01,-1.208017488500000014e-01,1.654311185139999907e+02
1.040000000000000036e+01,-1.087483365740000013e-01,1.642918013059999964e+02
1.040625000000000000e+01,-9.427159591129999350e-02,1.630613387639999985e+02
1.041249999999999964e+01,-8.036584253860000471e-02,1.617827311279999947e+02
1.041874999999999929e+01,-7.996012280790000537e-02,1.605140726539999889e+02
1.042500000000000071e+01,-8.638358358179999696e-02,1.593208934069999998e+02
1.043125000000000036e+01,-9.408426056530000414e-02,1.582215120719999959e+02
1.043750000000000000e+01,-1.000611074659999988e-01,1.571420097989999931e+02
1.044374999999999964e+01,-1.025612064290000042e-01,1.560423441469999943e+02
1.044999999999999929e+01,-9.708336817330000257e-02,1.548721391969999956e+02
1.045625000000000071e+01,-9.396125918910000485e-02,1.536388628960000062e+02
1.046250000000000036e+01,-9.119354687590000563e-02,1.523759875039999940e+02
1.046875000000000000e+01,-9.039737058190000507e-02,1.511236993999999925e+02
1.047499999999999964e+01,-9.501558057150000236e-02,1.499309926370000028e+02
1.048124999999999929e+01,-9.731496751410000090e-02,1.487951213769999868e+02
1.048750000000000071e+01,-1.000177810119999983e-01,1.476781928590000064e+02
1.049375000000000036e+01,-1.043725737380000046e-01,1.465424820460000035e+02
1.050000000000000000e+01,-1.081883949929999950e-01,1.453821092789999909e+02
1.050624999999999964e+01,-1.097454591990000006e-01,1.441603390710000099e+02
1.051249999999999929e+01,-1.111665196430000058e-01,1.429390666879999969e+02
1.051875000000000071e+01,-1.137677022829999968e-01,1.417230522710000002e+02
1.052500000000000036e+01,-1.138720228289999969e-01,1.405092721089999941e+02
1.053125000000000000e+01,-1.185094239199999955e-01,1.393374404509999920e+02
1.053749999999999964e+01,-1.261650900650000129e-01,1.381913826459999939e+02
1.054374999999999929e+01,-1.356321695069999944e-01,1.370649441660000036e+02
1.055000000000000071e+01,-1.415555835829999942e-01,1.359170803080000098e+02
1.055625000000000036e+01,-1.469638811189999950e-01,1.347413679590000015e+02
1.056250000000000000e+01,-1.512425840359999940e-01,1.335304315570000142e+02
1.056874999999999964e+01,-1.570438368529999962e-01,1.323080216630000052e+02
1.057499999999999929e+01,-1.631391478760000069e-01,1.310842404349999981e+02
1.058125000000000071e+01,-1.749673520430000129e-01,1.299161728660000108e+02
1.058750000000000036e+01,-1.821554106870000023e-01,1.287751306449999902e+02
1.059375000000000000e+01,-1.926679544880000039e-01,1.276354228710000029e+02
1.059999999999999964e+01,-2.018530944620000045e-01,1.264820502609999977e+02
1.060624999999999929e+01,-2.122492590139999913e-01,1.252818001109999955e+02
1.061250000000000071e+01,-2.262403054480000009e-01,1.240940214980000036e+02
1.061875000000000036e+01,-2.416148154280000071e-01,1.229099039519999934e+02
1.062500000000000000e+01,-2.554636922579999747e-01,1.217418445910000031e+02
1.063124999999999964e+01,-2.612306983400000115e-01,1.205825879559999976e+02
1.063749999999999929e+01,-2.693283854429999735e-01,1.194254943180000055e+02
1.064375000000000071e+01,-2.799673400759999931e-01,1.182352802650000001e+02
1.065000000000000036e+01,-3.048483980739999932e-01,1.170504182410000027e+02
1.065625000000000000e+01,-3.305707932260000259e-01,1.158941289779999977e+02
1.066249999999999964e+01,-3.499529527820000041e-01,1.147796264349999973e+02
1.066874999999999929e+01,-3.605874499119999799e-01,1.136876847460000022e+02
1.067500000000000071e+01,-3.596599145209999904e-01,1.125361148679999985e+02
1.068125000000000036e+01,-3.627812567520000142e-01,1.113149096519999972e+02
1.068750000000000000e+01,-3.733751669789999728e-01,1.100583180290000058e+02
1.069374999999999964e+01,-3.988154887099999990e-01,1.088099306689999963e+02
1.069999999999999929e+01,-4.385260974119999933e-01,1.076478778879999965e+02
1.070625000000000071e+01,-4.743681310380000182e-01,1.066010659749999974e+02
1.071250000000000036e+01,-4.934554462169999933e-01,1.055980688570000012e+02
1.071875000000000000e+01,-4.912689967519999756e-01,1.045434294420000043e+02
1.072499999999999964e+01,-4.865206835429999876e-01,1.033345017529999978e+02
1.073124999999999929e+01,-4.935005464960000032e-01,1.020441955529999944e+02
1.073750000000000071e+01,-5.258332776990000124e-01,1.007925446720000053e+02
1.074375000000000036e+01,-5.699799987479999830e-01,9.965614051039999310e+01
1.075000000000000000e+01,-6.111046136400000162e-01,9.865755086049999534e+01
1.075624999999999964e+01,-6.420681544970000543e-01,9.773008265500000391e+01
1.076249999999999929e+01,-6.476594168539999696e-01,9.671681089829999678e+01
1.076875000000000071e+01,-6.478509418700000300e-01,9.554512227639999367e+01
1.077500000000000036e+01,-6.606576111740000146e-01,9.426634268140000472e+01
1.078125000000000000e+01,-6.898538970959999794e-01,9.298493649370000469e+01
1.078749999999999964e+01,-7.293685071409999887e-01,9.180385970230000225e+01
1.079374999999999929e+01,-7.686193153000000500e-01,9.074372624910000695e+01
1.080000000000000071e+01,-7.998016257290000430e-01,8.975813664419999327e+01
1.080625000000000036e+01,-8.162537556079999534e-01,8.876205992580000270e+01
1.081250000000000000e+01,-8.334999692779999636e-01,8.772256300060000456e+01
1.081874999999999964e+01,-8.474988543060000268e-01,8.664074242610000454e+01
1.082499999999999929e+01,-8.624955673209999674e-01,8.551916112179999629e+01
1.083125000000000071e+01,-8.784000951060000340e-01,8.436542618129999482e+01
1.083750000000000036e+01,-9.084112437439999521e-01,8.316552794810000648e+01
1.084375000000000000e+01,-9.469090610129999863e-01,8.198832786830000430e+01
1.084999999999999964e+01,-9.976203343570000381e-01,8.090795155850000242e+01
1.085624999999999929e+01,-1.048983692410000002e+00,7.996601492919999998e+01
1.086250000000000071e+01,-1.076668589230000084e+00,7.913719879120000655e+01
1.086875000000000036e+01,-1.077102067460000034e+00,7.824905412239999691e+01
1.087500000000000000e+01,-1.059344862139999899e+00,7.712160211779999486e+01
1.088124999999999964e+01,-1.059487436279999972e+00,7.574583499029999700e+01
1.088749999999999929e+01,-1.105589804050000069e+00,7.431743158220000112e+01
1.089375000000000071e+01,-1.191685160310000047e+00,7.309879397839999626e+01
1.090000000000000036e+01,-1.285669266550000023e+00,7.226111825399999589e+01
1.090625000000000000e+01,-1.332103424370000067e+00,7.174021751620000487e+01
1.091249999999999964e+01,-1.309079062839999974e+00,7.118070459439999809e+01
1.091874999999999929e+01,-1.239832109610000010e+00,7.019236964670000134e+01
1.092500000000000071e+01,-1.201593418999999940e+00,6.864122779529999718e+01
1.093125000000000036e+01,-1.251184261269999931e+00,6.692186485310000421e+01
1.093750000000000000e+01,-1.376402942089999915e+00,6.553946732529999508e+01
1.094374999999999964e+01,-1.511088736480000083e+00,6.474387650100000258e+01
1.094999999999999929e+01,-1.581367179839999970e+00,6.446381456640000351e+01
1.095625000000000071e+01,-1.541841402960000051e+00,6.419582605169999567e+01
1.096250000000000036e+01,-1.433776759719999960e+00,6.327635230639999975e+01
1.096875000000000000e+01,-1.368913113040000074e+00,6.157269102120000070e+01
1.097499999999999964e+01,-1.428938204040000048e+00,5.964408362849999889e+01
1.098124999999999929e+01,-1.579183347180000085e+00,5.817708627639999719e+01
1.098750000000000071e+01,-1.746692889990000053e+00,5.746046513870000183e+01
1.099375000000000036e+01,-1.829125222600000100e+00,5.736411873250000326e+01
1.100000000000000000e+01,-1.776774066970000066e+00,5.728018428810000273e+01
1.100624999999999964e+01,-1.643030199190000040e+00,5.639872799110000301e+01
1.101249999999999929e+01,-1.562251210219999908e+00,5.462275314770000278e+01
1.101875000000000071e+01,-1.624829857669999988e+00,5.261543517519999824e+01
1.102500000000000036e+01,-1.785232630739999937e+00,5.112184301549999788e+01
1.103125000000000000e+01,-1.957381927439999947e+00,5.039313115710000091e+01
1.103749999999999964e+01,-2.047839962099999855e+00,5.026832803979999653e+01
1.104374999999999929e+01,-2.011335734809999831e+00,5.011157997200000125e+01
1.105000000000000071e+01,-1.902802344839999993e+00,4.928477929299999971e+01
1.105625000000000036e+01,-1.838142296200000025e+00,4.770702339559999672e+01
1.106250000000000000e+01,-1.882875541220000004e+00,4.598408236939999938e+01
1.106874999999999964e+01,-2.004356651160000169e+00,4.470352204800000351e+01
1.107499999999999929e+01,-2.129171773779999999e+00,4.398998555290000212e+01
1.108125000000000071e+01,-2.189679772419999892e+00,4.363255489849999691e+01
1.108750000000000036e+01,-2.172671644589999840e+00,4.314081108650000118e+01
1.109375000000000000e+01,-2.128266751960000036e+00,4.220669642229999852e+01
1.109999999999999964e+01,-2.116127358890000032e+00,4.091123363749999697e+01
1.110624999999999929e+01,-2.153598332740000121e+00,3.961735182289999813e+01
1.111250000000000071e+01,-2.211233451380000048e+00,3.852055781520000011e+01
1.111875000000000036e+01,-2.261894926210000101e+00,3.759589634200000319e+01
1.112500000000000000e+01,-2.303473642240000174e+00,3.664625826040000334e+01
1.113124999999999964e+01,-2.347551638250000128e+00,3.564587299869999981e+01
1.113749999999999929e+01,-2.411232740180000000e+00,3.470122901210000066e+01
1.114375000000000071e+01,-2.480881696560000016e+00,3.396768797320000033e+01
1.115000000000000036e+01,-2.503924906910000026e+00,3.345434992090000037e+01
1.115625000000000000e+01,-2.464190922259999805e+00,3.283342271589999939e+01
1.116249999999999964e+01,-2.397570916189999846e+00,3.169175682010000017e+01
1.116874999999999929e+01,-2.385444983759999804e+00,3.004983660870000151e+01
1.117500000000000071e+01,-2.480116742559999921e+00,2.840746351960000027e+01
1.118125000000000036e+01,-2.650966165479999859e+00,2.732392831720000004e+01
1.118750000000000000e+01,-2.810146887690000206e+00,2.702624181650000068e+01
1.119374999999999964e+01,-2.848951048099999994e+00,2.726784498199999973e+01
1.119999999999999929e+01,-2.730449541660000090e+00,2.718022610579999920e+01
1.120625000000000071e+01,-2.555557899650000131e+00,2.591568986820000120e+01
1.121250000000000036e+01,-2.503979249359999937e+00,2.364502014700000032e+01
1.121875000000000000e+01,-2.642841227309999930e+00,2.145262738679999970e+01
1.122499999999999964e+01,-2.897433750619999859e+00,2.016019068680000004e+01
1.123124999999999929e+01,-3.143312279299999901e+00,2.012142086569999933e+01
1.123750000000000071e+01,-3.228372463129999925e+00,2.097933604170000166e+01
1.124375000000000036e+01,-3.071209040099999843e+00,2.152358740129999859e+01
1.125000000000000000e+01,-2.798575011990000139e+00,2.041584323469999873e+01
1.125624999999999964e+01,-2.682804024569999779e+00,1.780298102700000129e+01
1.126249999999999929e+01,-2.810756391520000008e+00,1.516668179640000069e+01
1.126875000000000071e+01,-3.093556681809999986e+00,1.361373009669999945e+01
1.127500000000000036e+01,-3.377040411999999936e+00,1.348977532790000033e+01
1.128125000000000000e+01,-3.502956932270000046e+00,1.446745118639999994e+01
1.128749999999999964e+01,-3.368900996299999839e+00,1.531668296179999977e+01
1.129374999999999929e+01,-3.098218700399999914e+00,1.450957914179999975e+01
1.130000000000000071e+01,-2.963546929630000104e+00,1.206584590649999988e+01
1.130625000000000036e+01,-3.074001418769999994e+00,9.457266192409999661e+00
1.131250000000000000e+01,-3.338863983780000044e+00,7.819597858579999894e+00
1.131874999999999964e+01,-3.607834430900000111e+00,7.514131128109999835e+00
1.132499999999999929e+01,-3.731740119399999944e+00,8.226887106290000418e+00
1.133125000000000071e+01,-3.642384502110000088e+00,8.884418542629999749e+00
1.133750000000000036e+01,-3.429263269769999845e+00,8.332962499269999768e+00
1.134375000000000000e+01,-3.293416152719999879e+00,6.497041950619999895e+00
1.134999999999999964e+01,-3.346557122330000134e+00,4.390080827900000315e+00
1.135624999999999929e+01,-3.516895541499999833e+00,2.904380199969999854e+00
1.136250000000000071e+01,-3.699012957099999888e+00,2.254766532850000171e+00
1.136875000000000036e+01,-3.803934120610000136e+00,2.156442180910000062e+00
1.137500000000000000e+01,-3.807148008410000006e+00,2.026410383099999990e+00
1.138124999999999964e+01,-3.766497223670000061e+00,1.441654501019999923e+00
1.138749999999999929e+01,-3.749926791730000097e+00,4.876273456369999981e-01
1.139375000000000071e+01,-3.774802919679999924e+00,-4.674078612659999798e-01
1.140000000000000036e+01,-3.805195998089999865e+00,-1.330113781639999937e+00
1.140625000000000000e+01,-3.822960537600000208e+00,-2.226997672830000052e+00
1.141249999999999964e+01,-3.852153150179999930e+00,-3.352589854930000168e+00
1.141874999999999929e+01,-3.930311109159999816e+00,-4.560386300650000280e+00
1.142500000000000071e+01,-4.062388305799999877e+00,-5.414862706790000146e+00
1.143125000000000036e+01,-4.189367993710000349e+00,-5.599734378129999968e+00
1.143750000000000000e+01,-4.211942052020000382e+00,-5.305718236489999740e+00
1.144374999999999964e+01,-4.078077681549999944e+00,-5.273349746090000068e+00
1.144999999999999929e+01,-3.886538062130000082e+00,-6.453340024920000140e+00
1.145625000000000071e+01,-3.821999454350000214e+00,-8.744403512399999912e+00
1.146250000000000036e+01,-3.976560993080000106e+00,-1.106752885500000083e+01
1.146875000000000000e+01,-4.283391687850000018e+00,-1.232208041860000058e+01
1.147499999999999964e+01,-4.586213140559999957e+00,-1.206826887839999962e+01
1.148124999999999929e+01,-4.689306716309999956e+00,-1.057552058839999987e+01
1.148750000000000071e+01,-4.477759515799999868e+00,-9.335353344670000553e+00
1.149375000000000036e+01,-4.098639898590000108e+00,-1.024718587009999915e+01
1.150000000000000000e+01,-3.915770823459999939e+00,-1.331724496950000081e+01
1.150624999999999964e+01,-4.083904039430000132e+00,-1.655365674820000166e+01
1.151249999999999929e+01,-4.476850975639999675e+00,-1.833936863459999955e+01
1.151875000000000071e+01,-4.891546390710000303e+00,-1.804985048129999825e+01
1.152500000000000036e+01,-5.082406944049999709e+00,-1.596786282559999925e+01
1.153125000000000000e+01,-4.853671647389999677e+00,-1.379019516620000019e+01
1.153749999999999964e+01,-4.342884714110000210e+00,-1.416779295159999918e+01
1.154374999999999929e+01,-4.025645567069999764e+00,-1.751496230140000065e+01
1.155000000000000071e+01,-4.147145926490000356e+00,-2.136410268339999874e+01
1.155625000000000036e+01,-4.564186937069999672e+00,-2.369379809129999970e+01
1.156250000000000000e+01,-5.042836800979999978e+00,-2.381296213939999973e+01
1.156874999999999964e+01,-5.332735880849999610e+00,-2.193164074770000127e+01
1.157499999999999929e+01,-5.228055650539999988e+00,-1.948463698260000143e+01
1.158125000000000071e+01,-4.774638831789999927e+00,-1.899395830899999993e+01
1.158750000000000036e+01,-4.396260498220000201e+00,-2.158744364580000052e+01
1.159375000000000000e+01,-4.410259821520000401e+00,-2.525608786760000157e+01
1.159999999999999964e+01,-4.744623046240000086e+00,-2.775765300089999954e+01
1.160624999999999929e+01,-5.182703984099999772e+00,-2.825583419479999847e+01
1.161250000000000071e+01,-5.499168828650000229e+00,-2.686814397370000052e+01
1.161875000000000036e+01,-5.504809296100000360e+00,-2.468478818990000079e+01
1.162500000000000000e+01,-5.203359074659999806e+00,-2.365113710030000149e+01
1.163124999999999964e+01,-4.851345541349999735e+00,-2.493286289459999949e+01
1.163749999999999929e+01,-4.737086478870000228e+00,-2.771076771030000074e+01
1.164375000000000071e+01,-4.893111643730000182e+00,-3.018331150499999893e+01
1.165000000000000036e+01,-5.186351106370000075e+00,-3.142061643499999946e+01
1.165625000000000000e+01,-5.457053746539999750e+00,-3.132745326579999912e+01
1.166249999999999964e+01,-5.595646692959999946e+00,-3.042112226749999948e+01
1.166874999999999929e+01,-5.567839798799999684e+00,-2.950356671240000139e+01
1.167500000000000071e+01,-5.423111656389999702e+00,-2.933428852300000145e+01
1.168125000000000036e+01,-5.262590211640000071e+00,-3.014696369139999987e+01
1.168750000000000000e+01,-5.184772524869999621e+00,-3.163743428680000136e+01
1.169374999999999964e+01,-5.242734398529999673e+00,-3.329813550360000107e+01
1.169999999999999929e+01,-5.427109593369999985e+00,-3.449467568450000243e+01
1.170625000000000071e+01,-5.683719186650000310e+00,-3.476462172109999926e+01
1.171250000000000036e+01,-5.909683993119999812e+00,-3.386284719500000051e+01
1.171875000000000000e+01,-5.966640473210000017e+00,-3.213259835320000235e+01
1.172499999999999964e+01,-5.777797265660000292e+00,-3.062793862810000078e+01
1.173124999999999929e+01,-5.428247199010000301e+00,-3.069993401509999842e+01
1.173750000000000071e+01,-5.189546447619999725e+00,-3.266308702330000102e+01
1.174375000000000036e+01,-5.258324872830000274e+00,-3.502444272609999842e+01
1.175000000000000000e+01,-5.571732902409999966e+00,-3.592916123980000265e+01
