9.250000000000000000e+00,-2.629927771479999787e+00,-7.045747497639999324e+01
9.256249999999999645e+00,-2.580237979920000146e+00,-7.322189268019999986e+01
9.262499999999999289e+00,-2.555196333290000066e+00,-7.544747702179999749e+01
9.268750000000000711e+00,-2.513834044989999850e+00,-7.739341723869999612e+01
9.275000000000000355e+00,-2.520142090529999823e+00,-7.960905765159999703e+01
9.281250000000000000e+00,-2.608716326540000185e+00,-8.196293165139999815e+01
9.287499999999999645e+00,-2.709944127139999992e+00,-8.435080473639999354e+01
9.293749999999999289e+00,-2.751711317279999847e+00,-8.700127552460000402e+01
9.300000000000000711e+00,-2.756607470950000138e+00,-8.998637211809999314e+01
9.306250000000000355e+00,-2.761352420780000205e+00,-9.275356049449999318e+01
9.312500000000000000e+00,-2.752343203170000141e+00,-9.505283698370000423e+01
9.318749999999999645e+00,-2.772165002649999987e+00,-9.714943314280000664e+01
9.324999999999999289e+00,-2.854538238159999963e+00,-9.923711489279999398e+01
9.331250000000000711e+00,-2.987502345449999819e+00,-1.013708746110000050e+02
9.337500000000000355e+00,-3.125767386900000222e+00,-1.037229093950000021e+02
9.343750000000000000e+00,-3.227481654930000055e+00,-1.064137021119999957e+02
9.349999999999999645e+00,-3.288663758999999853e+00,-1.092694432370000044e+02
9.356249999999999289e+00,-3.327867509789999900e+00,-1.118619346400000012e+02
9.362500000000000711e+00,-3.370647202269999809e+00,-1.138996963059999956e+02
9.368750000000000355e+00,-3.431230683789999958e+00,-1.156271310850000020e+02
9.375000000000000000e+00,-3.553139257089999781e+00,-1.174132696759999988e+02
9.381249999999999645e+00,-3.751226827129999997e+00,-1.192502172589999958e+02
9.387499999999999289e+00,-3.963969577369999886e+00,-1.211728012890000059e+02
9.393750000000000711e+00,-4.106642265339999653e+00,-1.234103260090000020e+02
9.400000000000000355e+00,-4.189528756559999678e+00,-1.260076008799999983e+02
9.406250000000000000e+00,-4.265249791849999639e+00,-1.283128523599999937e+02
9.412499999999999645e+00,-4.324607557260000235e+00,-1.298884717999999907e+02
9.418749999999999289e+00,-4.389785140209999881e+00,-1.313318785019999950e+02
9.425000000000000711e+00,-4.559803364459999564e+00,-1.328204615889999900e+02
9.431250000000000355e+00,-4.831531308419999782e+00,-1.339831119060000049e+02
9.437500000000000000e+00,-5.048891553879999883e+00,-1.351136272070000075e+02
9.443749999999999645e+00,-5.154671415160000159e+00,-1.372264606059999892e+02
9.449999999999999289e+00,-5.279487374120000354e+00,-1.398571367330000044e+02
9.456250000000000711e+00,-5.377643153630000228e+00,-1.416228732710000031e+02
9.462500000000000355e+00,-5.381496986990000231e+00,-1.429507426430000123e+02
9.468750000000000000e+00,-5.457860363490000033e+00,-1.443773730270000044e+02
9.474999999999999645e+00,-5.685890173559999816e+00,-1.451885711859999901e+02
9.481249999999999289e+00,-5.905987662150000261e+00,-1.453604024509999988e+02
9.487500000000000711e+00,-6.015295449049999910e+00,-1.463719978050000066e+02
9.493750000000000355e+00,-6.164324744029999970e+00,-1.487375062669999863e+02
9.500000000000000000e+00,-6.334469442939999695e+00,-1.507284740609999858e+02
9.506249999999999645e+00,-6.347344824490000370e+00,-1.521226668630000063e+02
9.512499999999999289e+00,-6.341692904790000362e+00,-1.536288675069999954e+02
9.518750000000000711e+00,-6.468918350460000077e+00,-1.545569563269999946e+02
9.525000000000000355e+00,-6.631607617310000258e+00,-1.544809645100000068e+02
9.531250000000000000e+00,-6.732199032809999650e+00,-1.546428786969999862e+02
9.537499999999999645e+00,-6.882533311899999617e+00,-1.562853967480000108e+02
9.543749999999999289e+00,-7.115672133240000363e+00,-1.582582623019999915e+02
9.550000000000000711e+00,-7.216532607739999605e+00,-1.599481110140000055e+02
9.556250000000000355e+00,-7.188783358130000245e+00,-1.616904645390000042e+02
9.562500000000000000e+00,-7.193332129289999877e+00,-1.629710401750000131e+02
9.568749999999999645e+00,-7.235085894620000069e+00,-1.632437276839999925e+02
9.574999999999999289e+00,-7.277774777740000367e+00,-1.630222104119999926e+02
9.581250000000000711e+00,-7.384671140470000061e+00,-1.634240216240000052e+02
9.587500000000000355e+00,-7.612577754720000200e+00,-1.644526059499999917e+02
9.593750000000000000e+00,-7.838399605000000214e+00,-1.658271088500000019e+02
9.599999999999999645e+00,-7.949552994100000269e+00,-1.675569582619999949e+02
9.606249999999999289e+00,-7.971343965870000048e+00,-1.693320362439999940e+02
9.612500000000000711e+00,-7.963849543910000328e+00,-1.705629766979999999e+02
9.618750000000000355e+00,-7.962343582079999926e+00,-1.710144448620000048e+02
9.625000000000000000e+00,-8.002140239039999159e+00,-1.710989987380000059e+02
9.631249999999999645e+00,-8.128063446269999659e+00,-1.713926203869999938e+02
9.637499999999999289e+00,-8.331566141339999731e+00,-1.722023390600000141e+02
9.643750000000000711e+00,-8.534212594150000442e+00,-1.735249159800000029e+02
9.650000000000000355e+00,-8.649255899010000803e+00,-1.751915068710000014e+02
9.656250000000000000e+00,-8.668396283890000831e+00,-1.768722359699999913e+02
9.662499999999999645e+00,-8.648615085479999465e+00,-1.781183858029999953e+02
9.668749999999999289e+00,-8.639158678050000262e+00,-1.785562092540000094e+02
9.675000000000000711e+00,-8.666706809969999981e+00,-1.784525749839999946e+02
9.681250000000000355e+00,-8.771213814490000260e+00,-1.785768565029999877e+02
9.687500000000000000e+00,-8.982963035290000064e+00,-1.792938409569999862e+02
9.693749999999999645e+00,-9.208099954439999735e+00,1.795323235070000010e+02
9.699999999999999289e+00,-9.343056865839999503e+00,1.780166524489999915e+02
9.706250000000000711e+00,-9.377816546440000067e+00,1.762373611829999902e+02
9.712500000000000355e+00,-9.374688764980000144e+00,1.748755936370000086e+02
9.718750000000000000e+00,-9.354839591539999333e+00,1.744586055949999945e+02
9.724999999999999645e+00,-9.350552986360000318e+00,1.744090507870000124e+02
9.731249999999999289e+00,-9.459894793689999304e+00,1.740059129079999991e+02
9.737500000000000711e+00,-9.696495513889999529e+00,1.733226774540000008e+02
9.743750000000000355e+00,-9.912991853770000361e+00,1.723927612790000126e+02
9.750000000000000000e+00,-1.002077236450000086e+01,1.707738527529999999e+02
9.756249999999999645e+00,-1.007685902649999932e+01,1.689178155369999956e+02
9.762499999999999289e+00,-1.007747588640000025e+01,1.678345704580000017e+02
9.768750000000000711e+00,-1.002123407260000043e+01,1.675596814440000060e+02
9.775000000000000355e+00,-1.001777574619999989e+01,1.674488447520000136e+02
9.781250000000000000e+00,-1.018508242020000054e+01,1.673632445190000055e+02
9.787499999999999645e+00,-1.043497261779999974e+01,1.673197304219999921e+02
9.793749999999999289e+00,-1.065007645270000047e+01,1.664982528449999961e+02
9.800000000000000711e+00,-1.081911605820000055e+01,1.647682913920000090e+02
9.806250000000000355e+00,-1.092532957359999912e+01,1.629704840779999984e+02
9.812500000000000000e+00,-1.090727145670000020e+01,1.617377998240000068e+02
9.818749999999999645e+00,-1.083402983020000043e+01,1.609844622470000104e+02
9.824999999999999289e+00,-1.085909918389999973e+01,1.607713606780000077e+02
9.831250000000000711e+00,-1.099844410200000056e+01,1.610665337519999980e+02
9.837500000000000355e+00,-1.119030978840000046e+01,1.611192799910000133e+02
9.843750000000000000e+00,-1.141669815510000063e+01,1.603231929469999955e+02
9.849999999999999645e+00,-1.162658041339999926e+01,1.589160337140000081e+02
9.856249999999999289e+00,-1.174358650639999979e+01,1.572991548079999973e+02
9.862500000000000711e+00,-1.175077625169999962e+01,1.559059315510000090e+02
9.868750000000000355e+00,-1.173694208839999931e+01,1.551239147530000082e+02
9.875000000000000000e+00,-1.176937824350000028e+01,1.551418283360000032e+02
9.881249999999999645e+00,-1.188138996810000059e+01,1.554749298590000137e+02
9.887499999999999289e+00,-1.207629331969999953e+01,1.555040523890000088e+02
9.893750000000000711e+00,-1.232779167670000042e+01,1.548720540060000133e+02
9.900000000000000355e+00,-1.255116427569999971e+01,1.535725410510000017e+02
9.906250000000000000e+00,-1.267519269739999999e+01,1.519369361649999917e+02
9.912499999999999645e+00,-1.269928826089999951e+01,1.505432869480000022e+02
9.918749999999999289e+00,-1.267035129859999998e+01,1.498891591070000118e+02
9.925000000000000711e+00,-1.267660970150000033e+01,1.500480392839999979e+02
9.931250000000000355e+00,-1.276746836889999948e+01,1.505037218090000124e+02
9.937500000000000000e+00,-1.297502694820000002e+01,1.508540403599999991e+02
9.943749999999999645e+00,-1.325199581080000044e+01,1.505486616050000066e+02
9.949999999999999289e+00,-1.350654277790000002e+01,1.494500246759999982e+02
9.956250000000000711e+00,-1.367466441910000086e+01,1.478247583950000035e+02
9.962500000000000355e+00,-1.371280419580000043e+01,1.463908940899999891e+02
9.968750000000000000e+00,-1.368684883779999950e+01,1.457627072109999915e+02
9.974999999999999645e+00,-1.367306889159999983e+01,1.459584915620000061e+02
9.981249999999999289e+00,-1.374916602190000070e+01,1.467168277369999885e+02
9.987500000000000711e+00,-1.394880846390000073e+01,1.474228657959999964e+02
9.993750000000000355e+00,-1.424282109199999979e+01,1.475384959779999861e+02
1.000000000000000000e+01,-1.455374042360000075e+01,1.467840430740000102e+02
1.000624999999999964e+01,-1.478006825990000017e+01,1.452987949770000000e+02
1.001249999999999929e+01,-1.485096080890000003e+01,1.437352129500000046e+02
1.001875000000000071e+01,-1.482092183590000012e+01,1.427598443949999876e+02
1.002500000000000036e+01,-1.477285369780000046e+01,1.427888333669999952e+02
1.003125000000000000e+01,-1.479955967279999918e+01,1.435978580420000128e+02
1.003749999999999964e+01,-1.495608082230000058e+01,1.445817445170000042e+02
1.004374999999999929e+01,-1.525176244360000055e+01,1.450823144279999894e+02
1.005000000000000071e+01,-1.560871151769999976e+01,1.447865617410000141e+02
1.005625000000000036e+01,-1.590354530689999990e+01,1.435387209440000049e+02
1.006250000000000000e+01,-1.604451796500000071e+01,1.418899329859999909e+02
1.006874999999999964e+01,-1.604337851089999845e+01,1.408260950300000047e+02
1.007499999999999929e+01,-1.598854366449999986e+01,1.407884841380000012e+02
1.008125000000000071e+01,-1.598012096090000078e+01,1.416081703060000052e+02
1.008750000000000036e+01,-1.612936034430000021e+01,1.428635207019999882e+02
1.009375000000000000e+01,-1.642434899899999934e+01,1.438417174310000064e+02
1.009999999999999964e+01,-1.682509573669999980e+01,1.437441050980000057e+02
1.010624999999999929e+01,-1.717232936499999951e+01,1.424251354030000130e+02
1.011250000000000071e+01,-1.735971343059999938e+01,1.405546727919999910e+02
1.011875000000000036e+01,-1.733501672410000083e+01,1.389547120430000007e+02
1.012500000000000000e+01,-1.718530329780000088e+01,1.385063563170000123e+02
1.013124999999999964e+01,-1.709078128970000066e+01,1.393858727109999904e+02
1.013749999999999929e+01,-1.713410686479999967e+01,1.411123988569999881e+02
1.014375000000000071e+01,-1.739645201169999922e+01,1.426888032370000019e+02
1.015000000000000036e+01,-1.781575727290000088e+01,1.434946551900000031e+02
1.015625000000000000e+01,-1.827598770250000015e+01,1.427792734029999906e+02
1.016249999999999964e+01,-1.857274818799999849e+01,1.409233881879999899e+02
1.016874999999999929e+01,-1.861519204409999872e+01,1.388624317599999927e+02
1.017500000000000071e+01,-1.844965699380000146e+01,1.379686768319999999e+02
1.018125000000000036e+01,-1.826186210370000040e+01,1.387403724790000012e+02
1.018750000000000000e+01,-1.820710353850000018e+01,1.407676853639999877e+02
1.019374999999999964e+01,-1.842130069130000081e+01,1.432294231859999911e+02
1.019999999999999929e+01,-1.887524313320000147e+01,1.450508964480000031e+02
1.020625000000000071e+01,-1.944870757640000036e+01,1.453081978090000064e+02
1.021250000000000036e+01,-1.994683354800000075e+01,1.434941315240000108e+02
1.021875000000000000e+01,-2.011795077509999885e+01,1.408547306680000020e+02
1.022499999999999964e+01,-1.995647044609999909e+01,1.388669069910000076e+02
1.023124999999999929e+01,-1.965610627930000121e+01,1.389599132170000075e+02
1.023750000000000071e+01,-1.946316324780000073e+01,1.411077946400000087e+02
1.024375000000000036e+01,-1.955260728129999848e+01,1.444813054169999873e+02
1.025000000000000000e+01,-1.996549817489999867e+01,1.477064344229999904e+02
1.025624999999999964e+01,-2.065053607700000171e+01,1.495864693540000019e+02
1.026249999999999929e+01,-2.139007911130000039e+01,1.490564658049999878e+02
1.026875000000000071e+01,-2.189793785710000051e+01,1.462399204760000089e+02
1.027500000000000036e+01,-2.194929003069999851e+01,1.428047730959999910e+02
1.028125000000000000e+01,-2.160157044860000042e+01,1.415025208950000035e+02
1.028749999999999964e+01,-2.124077193320000134e+01,1.430106675190000090e+02
1.029374999999999929e+01,-2.110315636789999871e+01,1.467424232619999884e+02
1.030000000000000071e+01,-2.132703513530000095e+01,1.513052945830000056e+02
1.030625000000000036e+01,-2.192661442400000027e+01,1.550430098610000016e+02
1.031250000000000000e+01,-2.276178482250000101e+01,1.565821390039999983e+02
1.031874999999999964e+01,-2.352566638260000076e+01,1.548469743150000113e+02
1.032499999999999929e+01,-2.388310477230000117e+01,1.510838538330000063e+02
1.033125000000000071e+01,-2.361854299089999998e+01,1.481754303619999860e+02
1.033750000000000036e+01,-2.309885108319999958e+01,1.487730301279999878e+02
1.034375000000000000e+01,-2.269978218689999849e+01,1.526500937980000003e+02
1.034999999999999964e+01,-2.268791405709999864e+01,1.586624635199999886e+02
1.035624999999999929e+01,-2.308986399389999988e+01,1.650411126959999990e+02
1.036250000000000071e+01,-2.384402995980000028e+01,1.701392139310000005e+02
1.036875000000000036e+01,-2.484414997669999892e+01,1.720428012200000012e+02
1.037500000000000000e+01,-2.563753373060000129e+01,1.703534781580000015e+02
1.038124999999999964e+01,-2.579377038229999997e+01,1.667906850470000109e+02
1.038749999999999929e+01,-2.524079195459999880e+01,1.652147847729999910e+02
1.039375000000000071e+01,-2.449011910380000145e+01,1.679914986960000078e+02
1.040000000000000036e+01,-2.395665560750000012e+01,1.739518216509999888e+02
1.040625000000000000e+01,-2.377463680330000173e+01,-1.784040718710000135e+02
1.041249999999999964e+01,-2.401549810150000042e+01,-1.711149133399999869e+02
1.041874999999999929e+01,-2.463287283000000016e+01,-1.654901609519999965e+02
1.042500000000000071e+01,-2.536664479599999922e+01,-1.632462568310000108e+02
1.043125000000000036e+01,-2.580031664919999912e+01,-1.650231001859999935e+02
1.043750000000000000e+01,-2.554993420339999943e+01,-1.680065807269999993e+02
1.044374999999999964e+01,-2.472568389079999918e+01,-1.682580376079999951e+02
1.044999999999999929e+01,-2.376734115909999900e+01,-1.649824590419999879e+02
1.045625000000000071e+01,-2.305128112079999880e+01,-1.590593146340000033e+02
1.046250000000000036e+01,-2.271286791620000045e+01,-1.522651113350000003e+02
1.046875000000000000e+01,-2.278377662930000014e+01,-1.463283251610000093e+02
1.047499999999999964e+01,-2.310405565590000165e+01,-1.427147601640000119e+02
1.048124999999999929e+01,-2.348567626419999854e+01,-1.425586049080000066e+02
1.048750000000000071e+01,-2.343164760779999867e+01,-1.453472032520000141e+02
1.049375000000000036e+01,-2.279284766689999842e+01,-1.482535342070000013e+02
1.050000000000000000e+01,-2.179686877039999970e+01,-1.487238800140000023e+02
1.050624999999999964e+01,-2.083677124109999923e+01,-1.464048527569999862e+02
1.051249999999999929e+01,-2.017738092069999922e+01,-1.422334094470000139e+02
1.051875000000000071e+01,-1.986969213149999902e+01,-1.376539482210000074e+02
1.052500000000000036e+01,-1.989665112329999985e+01,-1.341444715430000088e+02
1.053125000000000000e+01,-2.010654423469999941e+01,-1.328986737630000050e+02
1.053749999999999964e+01,-2.023649522499999875e+01,-1.343937491860000080e+02
1.054374999999999929e+01,-1.999993475289999978e+01,-1.374022439109999993e+02
1.055000000000000071e+01,-1.938222502920000068e+01,-1.397940125309999928e+02
1.055625000000000036e+01,-1.858661867960000080e+01,-1.402837099179999996e+02
1.056250000000000000e+01,-1.789669758830000035e+01,-1.387995218080000086e+02
1.056874999999999964e+01,-1.744216532600000136e+01,-1.363559286390000125e+02
1.057499999999999929e+01,-1.725510459030000021e+01,-1.339986332519999905e+02
1.058125000000000071e+01,-1.724662610689999909e+01,-1.329369816219999905e+02
1.058750000000000036e+01,-1.724843000199999921e+01,-1.335698086470000021e+02
1.059375000000000000e+01,-1.708394883669999942e+01,-1.355687704590000067e+02
1.059999999999999964e+01,-1.667494274939999954e+01,-1.377962065220000056e+02
1.060624999999999929e+01,-1.610095851359999841e+01,-1.389580496979999964e+02
1.061250000000000071e+01,-1.553850813759999916e+01,-1.386350470270000130e+02
1.061875000000000036e+01,-1.513600354099999912e+01,-1.373293197319999877e+02
1.062500000000000000e+01,-1.492631458019999968e+01,-1.358464945659999898e+02
1.063124999999999964e+01,-1.486299170839999917e+01,-1.349847499079999977e+02
1.063749999999999929e+01,-1.486161302610000057e+01,-1.353893936130000100e+02
1.064375000000000071e+01,-1.477498076870000077e+01,-1.369496068320000006e+02
1.065000000000000036e+01,-1.452985485379999986e+01,-1.390874607270000070e+02
1.065625000000000000e+01,-1.414509041770000053e+01,-1.407883569269999953e+02
1.066249999999999964e+01,-1.372129704069999967e+01,-1.414766374589999884e+02
1.066874999999999929e+01,-1.336998743570000059e+01,-1.412470353550000084e+02
1.067500000000000071e+01,-1.313715118390000036e+01,-1.407230725510000013e+02
1.068125000000000036e+01,-1.299834621079999941e+01,-1.405859717449999948e+02
1.068750000000000000e+01,-1.290223349719999923e+01,-1.412335230129999957e+02
1.069374999999999964e+01,-1.276721145790000023e+01,-1.426327017090000027e+02
1.069999999999999929e+01,-1.253800155180000075e+01,-1.443407540970000014e+02
1.070625000000000071e+01,-1.223638641580000019e+01,-1.456803788080000004e+02
1.071250000000000036e+01,-1.191964130550000078e+01,-1.462272100950000038e+02
1.071875000000000000e+01,-1.165488982219999947e+01,-1.461538749899999914e+02
1.072499999999999964e+01,-1.149342837140000029e+01,-1.460132277699999861e+02
1.073124999999999929e+01,-1.141522336579999930e+01,-1.463392315320000137e+02
1.073750000000000071e+01,-1.136299291209999929e+01,-1.474263081139999940e+02
1.074375000000000036e+01,-1.126074620490000022e+01,-1.492387489369999969e+02
1.075000000000000000e+01,-1.105161774659999985e+01,-1.512714301569999975e+02
1.075624999999999964e+01,-1.075236967819999911e+01,-1.527919238359999952e+02
1.076249999999999929e+01,-1.041124072010000035e+01,-1.534669592070000022e+02
1.076875000000000071e+01,-1.011649689190000068e+01,-1.535114757499999882e+02
1.077500000000000036e+01,-9.937046369080000829e+00,-1.533060346960000118e+02
1.078125000000000000e+01,-9.862593239869999806e+00,-1.534772068210000100e+02
1.078749999999999964e+01,-9.842560956730000754e+00,-1.542876293799999985e+02
1.079374999999999929e+01,-9.807559769470000077e+00,-1.558441567250000048e+02
1.080000000000000071e+01,-9.678928788829999519e+00,-1.578024736120000000e+02
1.080625000000000036e+01,-9.447157870439999883e+00,-1.595196416869999894e+02
1.081250000000000000e+01,-9.155273174310000428e+00,-1.605839352259999941e+02
1.081874999999999964e+01,-8.886814206620000434e+00,-1.609492979510000055e+02
1.082499999999999929e+01,-8.704570493489999450e+00,-1.610115551570000036e+02
1.083125000000000071e+01,-8.628699001530000245e+00,-1.611749109010000041e+02
1.083750000000000036e+01,-8.610677088979999283e+00,-1.618646621890000006e+02
1.084375000000000000e+01,-8.602739078120000826e+00,-1.632132278150000104e+02
1.084999999999999964e+01,-8.534557969870000704e+00,-1.650682763350000073e+02
1.085624999999999929e+01,-8.367283978379999709e+00,-1.668821877930000142e+02
1.086250000000000071e+01,-8.135032694959999588e+00,-1.682034816169999942e+02
1.086875000000000036e+01,-7.890391076020000227e+00,-1.689044134570000040e+02
1.087500000000000000e+01,-7.710203522649999641e+00,-1.692850279410000098e+02
1.088124999999999964e+01,-7.623325843539999980e+00,-1.696606059019999861e+02
1.088749999999999929e+01,-7.602169788580000365e+00,-1.703788845439999875e+02
1.089375000000000071e+01,-7.604593460690000306e+00,-1.716977002339999956e+02
1.090000000000000036e+01,-7.561909137469999820e+00,-1.734699255900000026e+02
1.090625000000000000e+01,-7.434460368289999899e+00,-1.751840673289999870e+02
1.091249999999999964e+01,-7.226672261400000075e+00,-1.765469746900000132e+02
1.091874999999999929e+01,-7.004977679479999608e+00,-1.774252238550000129e+02
1.092500000000000071e+01,-6.846421025479999756e+00,-1.779574579490000019e+02
1.093125000000000036e+01,-6.764239398900000033e+00,-1.783463817200000108e+02
1.093750000000000000e+01,-6.748078322889999647e+00,-1.789875630530000024e+02
1.094374999999999964e+01,-6.759114730200000309e+00,1.798300066580000021e+02
1.094999999999999929e+01,-6.737512003500000013e+00,1.782126828979999971e+02
1.095625000000000071e+01,-6.624694481389999723e+00,1.764736372380000091e+02
1.096250000000000036e+01,-6.440174520880000308e+00,1.748910765089999870e+02
1.096875000000000000e+01,-6.254379956950000263e+00,1.737345567000000131e+02
1.097499999999999964e+01,-6.108580161149999910e+00,1.731123035150000078e+02
1.098124999999999929e+01,-6.024096285859999789e+00,1.726899034520000100e+02
1.098750000000000071e+01,-6.000232134630000047e+00,1.721053837690000137e+02
1.099375000000000036e+01,-6.009867980260000131e+00,1.710942723549999869e+02
1.100000000000000000e+01,-5.987999796479999581e+00,1.696502319710000108e+02
1.100624999999999964e+01,-5.902062556909999813e+00,1.679350788509999859e+02
1.101249999999999929e+01,-5.770169703209999668e+00,1.663782238230000132e+02
1.101875000000000071e+01,-5.622167725659999782e+00,1.653198934840000049e+02
1.102500000000000036e+01,-5.495828125140000076e+00,1.647291596169999934e+02
1.103125000000000000e+01,-5.418855882359999931e+00,1.643203283539999973e+02
1.103749999999999964e+01,-5.404300250960000440e+00,1.637729418149999958e+02
1.104374999999999929e+01,-5.423159870840000174e+00,1.627333005330000049e+02
1.105000000000000071e+01,-5.429470286619999975e+00,1.611753400769999871e+02
1.105625000000000036e+01,-5.386227001399999992e+00,1.593799587219999978e+02
1.106250000000000000e+01,-5.283003544809999674e+00,1.577375454609999963e+02
1.106874999999999964e+01,-5.139172397760000344e+00,1.565290708230000121e+02
1.107499999999999929e+01,-5.000152494299999972e+00,1.557660622989999979e+02
1.108125000000000071e+01,-4.909950110199999607e+00,1.553115391139999986e+02
1.108750000000000036e+01,-4.881520706549999922e+00,1.547745544709999876e+02
1.109375000000000000e+01,-4.899788749989999914e+00,1.538949446050000063e+02
1.109999999999999964e+01,-4.923558926700000171e+00,1.526134410390000085e+02
1.110624999999999929e+01,-4.909753251519999750e+00,1.511003659600000049e+02
1.111250000000000071e+01,-4.838736992540000337e+00,1.495977025790000141e+02
1.111875000000000036e+01,-4.732275755619999913e+00,1.483542084610000131e+02
1.112500000000000000e+01,-4.627240366589999709e+00,1.474941587730000094e+02
1.113124999999999964e+01,-4.560203703870000069e+00,1.468505662649999977e+02
1.113749999999999929e+01,-4.545438092780000439e+00,1.462074526510000112e+02
1.114375000000000071e+01,-4.568503280389999865e+00,1.452449941440000032e+02
1.115000000000000036e+01,-4.593548961709999823e+00,1.438882328729999927e+02
1.115625000000000000e+01,-4.576080776869999589e+00,1.422895783349999874e+02
1.116249999999999964e+01,-4.512904707289999706e+00,1.407372767679999868e+02
1.116874999999999929e+01,-4.409986221819999663e+00,1.394421335549999981e+02
1.117500000000000071e+01,-4.303671451299999617e+00,1.385805264310000098e+02
1.118125000000000036e+01,-4.231639112049999873e+00,1.380227712809999900e+02
1.118750000000000000e+01,-4.210748278329999650e+00,1.374922526580000124e+02
1.119374999999999964e+01,-4.228850312519999655e+00,1.366598632449999968e+02
1.119999999999999929e+01,-4.263858012150000043e+00,1.354655775329999869e+02
1.120625000000000071e+01,-4.278740077300000166e+00,1.340041393120000066e+02
1.121250000000000036e+01,-4.250498806839999588e+00,1.325133047999999860e+02
1.121875000000000000e+01,-4.181705772329999959e+00,1.312432877230000088e+02
1.122499999999999964e+01,-4.097367129950000297e+00,1.302515156290000107e+02
1.123124999999999929e+01,-4.033131411730000337e+00,1.294829151469999999e+02
1.123750000000000071e+01,-4.010674427469999692e+00,1.287625365119999969e+02
1.124375000000000036e+01,-4.023376016110000286e+00,1.277905954189999989e+02
1.125000000000000000e+01,-4.058494726560000210e+00,1.265809492829999954e+02
1.125624999999999964e+01,-4.070840946469999722e+00,1.252670245230000035e+02
1.126249999999999929e+01,-4.032560997590000085e+00,1.239534096820000002e+02
1.126875000000000071e+01,-3.962098186410000000e+00,1.227318429009999932e+02
1.127500000000000036e+01,-3.894574377170000101e+00,1.218032706740000037e+02
1.128125000000000000e+01,-3.849561156630000092e+00,1.210734214400000042e+02
1.128749999999999964e+01,-3.834822790840000106e+00,1.202689055710000048e+02
1.129374999999999929e+01,-3.871346512860000200e+00,1.192523762729999959e+02
1.130000000000000071e+01,-3.912474923480000033e+00,1.180785921810000048e+02
1.130625000000000036e+01,-3.910219544409999859e+00,1.167604317269999967e+02
1.131250000000000000e+01,-3.859471583980000009e+00,1.153122360680000043e+02
1.131874999999999964e+01,-3.794799721970000039e+00,1.140801240840000048e+02
1.132499999999999929e+01,-3.729178251710000058e+00,1.132296535149999954e+02
1.133125000000000071e+01,-3.681048166910000141e+00,1.126168414229999968e+02
1.133750000000000036e+01,-3.689646079220000097e+00,1.119551862720000059e+02
1.134375000000000000e+01,-3.742471294610000054e+00,1.111893170489999960e+02
1.134999999999999964e+01,-3.781979872650000019e+00,1.101543751579999935e+02
1.135624999999999929e+01,-3.793226907579999807e+00,1.087633110790000046e+02
1.136250000000000071e+01,-3.768172683500000009e+00,1.072259439479999941e+02
1.136875000000000036e+01,-3.717369776790000024e+00,1.059214993509999942e+02
1.137500000000000000e+01,-3.654095258279999925e+00,1.049575836810000027e+02
1.138124999999999964e+01,-3.612881422930000141e+00,1.042650924130000050e+02
1.138749999999999929e+01,-3.612775062459999909e+00,1.036551666409999939e+02
1.139375000000000071e+01,-3.646115221280000096e+00,1.028686746409999984e+02
1.140000000000000036e+01,-3.691744328540000009e+00,1.017561448769999970e+02
1.140625000000000000e+01,-3.716165503470000075e+00,1.003092166050000031e+02
1.141249999999999964e+01,-3.703793168009999803e+00,9.878249124340000265e+01
1.141874999999999929e+01,-3.653703589490000070e+00,9.743471368999999527e+01
1.142500000000000071e+01,-3.592808057570000102e+00,9.643472161159999700e+01
1.143125000000000036e+01,-3.544979748669999875e+00,9.577773529450000467e+01
1.143750000000000000e+01,-3.535049790710000028e+00,9.522708541250000280e+01
1.144374999999999964e+01,-3.569920978079999863e+00,9.454748325750000504e+01
1.144999999999999929e+01,-3.630457902789999913e+00,9.360774925050000661e+01
1.145625000000000071e+01,-3.671528875929999991e+00,9.231892625189999535e+01
1.146250000000000036e+01,-3.667617874829999902e+00,9.079435426359999894e+01
1.146875000000000000e+01,-3.633338560129999895e+00,8.930262890459999880e+01
1.147499999999999964e+01,-3.588126223290000194e+00,8.816114590249999594e+01
1.148124999999999929e+01,-3.541670715580000017e+00,8.741541623770000058e+01
1.148750000000000071e+01,-3.531120819819999923e+00,8.677578769660000546e+01
1.149375000000000036e+01,-3.573094422980000129e+00,8.609844233309999595e+01
1.150000000000000000e+01,-3.634731064949999979e+00,8.526076211480000211e+01
1.150624999999999964e+01,-3.663995173270000016e+00,8.396690887050000640e+01
1.151249999999999929e+01,-3.669190385199999849e+00,8.223383095660000208e+01
1.151875000000000071e+01,-3.657945611060000157e+00,8.053217985499999543e+01
1.152500000000000036e+01,-3.616844449619999846e+00,7.930544146709999609e+01
1.153125000000000000e+01,-3.554572097549999921e+00,7.845749120419999656e+01
1.153749999999999964e+01,-3.532719541010000075e+00,7.778915189769999472e+01
1.154374999999999929e+01,-3.566871968360000089e+00,7.737645470120000368e+01
1.155000000000000071e+01,-3.597667894799999821e+00,7.677385046089999321e+01
1.155625000000000036e+01,-3.623339544569999848e+00,7.555440774049999675e+01
1.156250000000000000e+01,-3.673295150940000031e+00,7.387493380589999958e+01
1.156874999999999964e+01,-3.704427523620000162e+00,7.234412245709999922e+01
1.157499999999999929e+01,-3.678575802650000171e+00,7.114170788239999865e+01
1.158125000000000071e+01,-3.620273756090000017e+00,7.007309532530000240e+01
1.158750000000000036e+01,-3.619384988839999817e+00,6.929634875169999475e+01
1.159375000000000000e+01,-3.628889835529999885e+00,6.874300962259999892e+01
1.159999999999999964e+01,-3.642978423350000217e+00,6.780848592770000494e+01
1.160624999999999929e+01,-3.701751130679999946e+00,6.636312602610000511e+01
1.161250000000000071e+01,-3.774328259099999805e+00,6.471214524939999535e+01
1.161875000000000036e+01,-3.802969252950000101e+00,6.315098834789999671e+01
1.162500000000000000e+01,-3.763566380489999919e+00,6.173226360929999856e+01
1.163124999999999964e+01,-3.719009282960000107e+00,6.053871013180000205e+01
1.163749999999999929e+01,-3.704489161590000190e+00,5.973543357089999972e+01
1.164375000000000071e+01,-3.715315922279999850e+00,5.905408150830000125e+01
1.165000000000000036e+01,-3.763727071069999930e+00,5.804323081060000078e+01
1.165625000000000000e+01,-3.856941023510000122e+00,5.659584872330000138e+01
1.166249999999999964e+01,-3.953747312780000023e+00,5.487591259399999899e+01
1.166874999999999929e+01,-3.994371037080000075e+00,5.301488182199999954e+01
1.167500000000000071e+01,-3.976359016109999978e+00,5.123357989710000027e+01
1.168125000000000036e+01,-3.934975311300000111e+00,4.974435478169999669e+01
1.168750000000000000e+01,-3.915166771980000071e+00,4.867096386130000241e+01
1.169374999999999964e+01,-3.938803537180000092e+00,4.776728111309999747e+01
1.169999999999999929e+01,-4.023197590079999664e+00,4.661895538459999955e+01
1.170625000000000071e+01,-4.159866343790000087e+00,4.499623962159999735e+01
1.171250000000000036e+01,-4.319669102549999806e+00,4.290907906809999872e+01
1.171875000000000000e+01,-4.436839126759999807e+00,4.055144390600000293e+01
1.172499999999999964e+01,-4.482470833449999859e+00,3.806645386729999814e+01
1.173124999999999929e+01,-4.515668445080000204e+00,3.566295226940000163e+01
1.173750000000000071e+01,-4.606385323019999589e+00,3.365706245030000332e+01
1.174375000000000036e+01,-4.761639396339999664e+00,3.181936618659999993e+01
1.175000000000000000e+01,-5.053272630500000417e+00,2.958571652330000035e+01
