[[ 15.92959404   8.22301102  15.72084522 ...  37.37196732  34.70438385
   36.92021561]
 [ 14.37024498  19.76189995   7.21035051 ...  36.81259918  39.28475189
   26.9917717 ]
 [ 13.96407413   5.63325739   9.39794827 ...  33.46256256  31.27463913
   39.90356445]
 ...
 [189.44386292 184.22529602 186.3629303  ... 498.27853394 482.06399536
  483.75497437]
 [201.47851562 203.91786194 207.97669983 ... 508.42163086 499.48071289
  499.21020508]
 [214.27328491 218.10289001 220.01533508 ... 529.31176758 520.54351807
  525.32330322]]