3.000000000000000062e-03
3.010000000000000089e-03
3.020000000000000115e-03
3.030000000000000141e-03
3.040000000000000167e-03
3.050000000000000194e-03
3.060000000000000220e-03
3.070000000000000246e-03
3.080000000000000272e-03
3.089999999999999865e-03
3.099999999999999891e-03
3.109999999999999917e-03
3.119999999999999944e-03
3.129999999999999970e-03
3.139999999999999996e-03
3.150000000000000022e-03
3.160000000000000048e-03
3.170000000000000075e-03
3.180000000000000101e-03
3.190000000000000127e-03
3.200000000000000153e-03
3.210000000000000180e-03
3.220000000000000206e-03
3.230000000000000232e-03
3.240000000000000258e-03
3.250000000000000284e-03
3.259999999999999877e-03
3.269999999999999903e-03
3.279999999999999930e-03
3.289999999999999956e-03
3.299999999999999982e-03
3.310000000000000008e-03
3.320000000000000034e-03
3.330000000000000061e-03
3.340000000000000087e-03
3.350000000000000113e-03
3.360000000000000139e-03
3.370000000000000166e-03
3.380000000000000192e-03
3.390000000000000218e-03
3.400000000000000244e-03
3.410000000000000270e-03
3.420000000000000297e-03
3.429999999999999889e-03
3.439999999999999915e-03
3.449999999999999942e-03
3.459999999999999968e-03
3.469999999999999994e-03
3.480000000000000020e-03
3.490000000000000047e-03
3.500000000000000073e-03
3.510000000000000099e-03
3.520000000000000125e-03
3.530000000000000152e-03
3.540000000000000178e-03
3.550000000000000204e-03
3.560000000000000230e-03
3.570000000000000256e-03
3.579999999999999849e-03
3.590000000000000309e-03
3.599999999999999901e-03
3.610000000000000361e-03
3.619999999999999954e-03
3.629999999999999980e-03
3.640000000000000006e-03
3.650000000000000033e-03
3.660000000000000059e-03
3.670000000000000085e-03
3.680000000000000111e-03
3.690000000000000138e-03
3.700000000000000164e-03
3.710000000000000190e-03
3.720000000000000216e-03
3.730000000000000242e-03
3.740000000000000269e-03
3.749999999999999861e-03
3.760000000000000321e-03
3.769999999999999914e-03
3.780000000000000374e-03
3.789999999999999966e-03
3.799999999999999992e-03
3.810000000000000019e-03
3.820000000000000045e-03
3.830000000000000071e-03
3.840000000000000097e-03
3.850000000000000124e-03
3.860000000000000150e-03
3.870000000000000176e-03
3.880000000000000202e-03
3.890000000000000228e-03
3.900000000000000255e-03
3.910000000000000281e-03
3.919999999999999873e-03
3.930000000000000333e-03
3.939999999999999926e-03
3.950000000000000386e-03
3.959999999999999978e-03
3.970000000000000438e-03
3.980000000000000031e-03
3.990000000000000491e-03
4.000000000000000083e-03
