3.559999999999999797e-03
3.569999999999999823e-03
3.579999999999999849e-03
3.589999999999999875e-03
3.599999999999999901e-03
3.609999999999999928e-03
3.619999999999999954e-03
3.629999999999999980e-03
3.640000000000000006e-03
3.650000000000000033e-03
3.660000000000000059e-03
3.669999999999999651e-03
3.679999999999999678e-03
3.689999999999999704e-03
3.699999999999999730e-03
3.709999999999999756e-03
3.719999999999999783e-03
3.729999999999999809e-03
3.739999999999999835e-03
3.749999999999999861e-03
3.759999999999999887e-03
3.769999999999999914e-03
3.779999999999999940e-03
3.789999999999999966e-03
3.799999999999999992e-03
3.810000000000000019e-03
3.820000000000000045e-03
3.830000000000000071e-03
3.840000000000000097e-03
3.850000000000000124e-03
3.860000000000000150e-03
3.870000000000000176e-03
3.879999999999999769e-03
3.890000000000000228e-03
3.899999999999999821e-03
3.910000000000000281e-03
3.919999999999999873e-03
3.930000000000000333e-03
3.939999999999999926e-03
3.950000000000000386e-03
3.959999999999999978e-03
3.970000000000000438e-03
3.980000000000000031e-03
3.990000000000000491e-03
4.000000000000000083e-03
