3.000000000000000000e+08
3.009444444444444180e+08
3.018888888888888955e+08
3.028333333333333135e+08
3.037777777777777910e+08
3.047222222222222090e+08
3.056666666666666865e+08
3.066111111111111045e+08
3.075555555555555820e+08
3.085000000000000000e+08
3.094444444444444180e+08
3.103888888888888955e+08
3.113333333333333135e+08
3.122777777777777910e+08
3.132222222222222090e+08
3.141666666666666865e+08
3.151111111111111045e+08
3.160555555555555820e+08
3.170000000000000000e+08
3.179444444444444180e+08
3.188888888888888955e+08
3.198333333333333135e+08
3.207777777777777910e+08
3.217222222222222090e+08
3.226666666666666865e+08
3.236111111111111045e+08
3.245555555555555820e+08
3.255000000000000000e+08
3.264444444444444180e+08
3.273888888888888955e+08
3.283333333333333135e+08
3.292777777777777910e+08
3.302222222222222090e+08
3.311666666666666865e+08
3.321111111111111045e+08
3.330555555555555820e+08
3.340000000000000000e+08
3.349444444444444180e+08
3.358888888888888955e+08
3.368333333333333135e+08
3.377777777777777910e+08
3.387222222222222090e+08
3.396666666666666865e+08
3.406111111111111045e+08
3.415555555555555820e+08
3.425000000000000000e+08
3.434444444444444180e+08
3.443888888888888955e+08
3.453333333333333135e+08
3.462777777777777910e+08
3.472222222222222090e+08
3.481666666666666865e+08
3.491111111111111045e+08
3.500555555555555820e+08
3.510000000000000000e+08
3.519444444444444180e+08
3.528888888888888955e+08
3.538333333333333135e+08
3.547777777777777910e+08
3.557222222222222090e+08
3.566666666666666865e+08
3.576111111111111045e+08
3.585555555555555820e+08
3.595000000000000000e+08
3.604444444444444180e+08
3.613888888888888955e+08
3.623333333333333135e+08
3.632777777777777910e+08
3.642222222222222090e+08
3.651666666666666865e+08
3.661111111111111045e+08
3.670555555555555820e+08
3.680000000000000000e+08
3.689444444444444180e+08
3.698888888888888955e+08
3.708333333333333731e+08
3.717777777777777910e+08
3.727222222222222090e+08
3.736666666666666865e+08
3.746111111111111045e+08
3.755555555555555820e+08
3.765000000000000000e+08
3.774444444444444180e+08
3.783888888888888955e+08
3.793333333333333731e+08
3.802777777777777910e+08
3.812222222222222090e+08
3.821666666666666865e+08
3.831111111111111045e+08
3.840555555555555820e+08
3.850000000000000000e+08
3.859444444444444180e+08
3.868888888888888955e+08
3.878333333333333731e+08
3.887777777777777910e+08
3.897222222222222090e+08
3.906666666666666865e+08
3.916111111111111045e+08
3.925555555555555820e+08
3.935000000000000000e+08
3.944444444444444180e+08
3.953888888888888955e+08
3.963333333333333731e+08
3.972777777777777910e+08
3.982222222222222090e+08
3.991666666666666865e+08
4.001111111111111045e+08
4.010555555555555820e+08
4.020000000000000000e+08
4.029444444444444180e+08
4.038888888888888955e+08
4.048333333333333731e+08
4.057777777777777910e+08
4.067222222222222090e+08
4.076666666666666865e+08
4.086111111111111045e+08
4.095555555555555820e+08
4.105000000000000000e+08
4.114444444444444180e+08
4.123888888888888955e+08
4.133333333333333731e+08
4.142777777777777910e+08
4.152222222222222090e+08
4.161666666666666865e+08
4.171111111111111045e+08
4.180555555555555820e+08
4.190000000000000000e+08
4.199444444444444180e+08
4.208888888888888955e+08
4.218333333333333731e+08
4.227777777777777910e+08
4.237222222222222090e+08
4.246666666666666865e+08
4.256111111111111045e+08
4.265555555555555820e+08
4.275000000000000000e+08
4.284444444444444180e+08
4.293888888888888955e+08
4.303333333333333731e+08
4.312777777777777910e+08
4.322222222222222090e+08
4.331666666666666865e+08
4.341111111111111045e+08
4.350555555555555820e+08
4.360000000000000000e+08
4.369444444444444180e+08
4.378888888888888955e+08
4.388333333333333731e+08
4.397777777777777910e+08
4.407222222222222090e+08
4.416666666666666865e+08
4.426111111111111045e+08
4.435555555555555820e+08
4.445000000000000000e+08
4.454444444444444180e+08
4.463888888888888955e+08
4.473333333333333731e+08
4.482777777777777910e+08
4.492222222222222090e+08
4.501666666666666865e+08
4.511111111111111045e+08
4.520555555555555820e+08
4.530000000000000000e+08
4.539444444444444180e+08
4.548888888888888955e+08
4.558333333333333731e+08
4.567777777777777910e+08
4.577222222222222090e+08
4.586666666666666865e+08
4.596111111111111641e+08
4.605555555555555820e+08
4.615000000000000000e+08
4.624444444444444180e+08
4.633888888888888955e+08
4.643333333333333731e+08
4.652777777777777910e+08
4.662222222222222090e+08
4.671666666666666865e+08
4.681111111111111641e+08
4.690555555555555820e+08
4.700000000000000000e+08
