3.000000000000000000e+08
3.010000000000000000e+08
3.020000000000000000e+08
3.030000000000000000e+08
3.040000000000000000e+08
3.050000000000000000e+08
3.060000000000000000e+08
3.070000000000000000e+08
3.080000000000000000e+08
3.090000000000000000e+08
3.100000000000000000e+08
3.110000000000000000e+08
3.120000000000000000e+08
3.130000000000000000e+08
3.140000000000000000e+08
3.150000000000000000e+08
3.160000000000000000e+08
3.170000000000000000e+08
3.180000000000000000e+08
3.190000000000000000e+08
3.200000000000000000e+08
3.210000000000000000e+08
3.220000000000000000e+08
3.230000000000000000e+08
3.240000000000000000e+08
3.250000000000000000e+08
3.260000000000000000e+08
3.270000000000000000e+08
3.280000000000000000e+08
3.290000000000000000e+08
3.300000000000000000e+08
3.310000000000000000e+08
3.320000000000000000e+08
3.330000000000000000e+08
3.340000000000000000e+08
3.350000000000000000e+08
3.360000000000000000e+08
3.370000000000000000e+08
3.380000000000000000e+08
3.390000000000000000e+08
3.400000000000000000e+08
3.410000000000000000e+08
3.420000000000000000e+08
3.430000000000000000e+08
3.440000000000000000e+08
3.450000000000000000e+08
3.460000000000000000e+08
3.470000000000000000e+08
3.480000000000000000e+08
3.490000000000000000e+08
3.500000000000000000e+08
3.510000000000000000e+08
3.520000000000000000e+08
3.530000000000000000e+08
3.540000000000000000e+08
3.550000000000000000e+08
3.560000000000000000e+08
3.570000000000000000e+08
3.580000000000000000e+08
3.590000000000000000e+08
3.600000000000000000e+08
3.610000000000000000e+08
3.620000000000000000e+08
3.630000000000000000e+08
3.640000000000000000e+08
3.650000000000000000e+08
3.660000000000000000e+08
3.670000000000000000e+08
3.680000000000000000e+08
3.690000000000000000e+08
3.700000000000000000e+08
3.710000000000000000e+08
3.720000000000000000e+08
3.730000000000000000e+08
3.740000000000000000e+08
3.750000000000000000e+08
3.760000000000000000e+08
3.770000000000000000e+08
3.780000000000000000e+08
3.790000000000000000e+08
3.800000000000000000e+08
3.810000000000000000e+08
3.820000000000000000e+08
3.830000000000000000e+08
3.840000000000000000e+08
3.850000000000000000e+08
3.860000000000000000e+08
3.870000000000000000e+08
3.880000000000000000e+08
3.890000000000000000e+08
3.900000000000000000e+08
3.910000000000000000e+08
3.920000000000000000e+08
3.930000000000000000e+08
3.940000000000000000e+08
3.950000000000000000e+08
3.960000000000000000e+08
3.970000000000000000e+08
3.980000000000000000e+08
3.990000000000000000e+08
4.000000000000000000e+08
4.010000000000000000e+08
4.020000000000000000e+08
4.030000000000000000e+08
4.040000000000000000e+08
4.050000000000000000e+08
4.060000000000000000e+08
4.070000000000000000e+08
4.080000000000000000e+08
4.090000000000000000e+08
4.100000000000000000e+08
4.110000000000000000e+08
4.120000000000000000e+08
4.130000000000000000e+08
4.140000000000000000e+08
4.150000000000000000e+08
4.160000000000000000e+08
4.170000000000000000e+08
4.180000000000000000e+08
4.190000000000000000e+08
4.200000000000000000e+08
4.210000000000000000e+08
4.220000000000000000e+08
4.230000000000000000e+08
4.240000000000000000e+08
4.250000000000000000e+08
4.260000000000000000e+08
4.270000000000000000e+08
4.280000000000000000e+08
4.290000000000000000e+08
4.300000000000000000e+08
4.310000000000000000e+08
4.320000000000000000e+08
4.330000000000000000e+08
4.340000000000000000e+08
4.350000000000000000e+08
4.360000000000000000e+08
4.370000000000000000e+08
4.380000000000000000e+08
4.390000000000000000e+08
4.400000000000000000e+08
