4.000000000000000000e+08
4.010000000000000000e+08
4.020000000000000000e+08
4.030000000000000000e+08
4.040000000000000000e+08
4.050000000000000000e+08
4.060000000000000000e+08
4.070000000000000000e+08
4.080000000000000000e+08
4.090000000000000000e+08
4.100000000000000000e+08
4.110000000000000000e+08
4.120000000000000000e+08
4.130000000000000000e+08
4.140000000000000000e+08
4.150000000000000000e+08
4.160000000000000000e+08
4.170000000000000000e+08
4.180000000000000000e+08
4.190000000000000000e+08
4.200000000000000000e+08
4.210000000000000000e+08
4.220000000000000000e+08
4.230000000000000000e+08
4.240000000000000000e+08
4.250000000000000000e+08
4.260000000000000000e+08
4.270000000000000000e+08
4.280000000000000000e+08
4.290000000000000000e+08
4.300000000000000000e+08
4.310000000000000000e+08
4.320000000000000000e+08
4.330000000000000000e+08
4.340000000000000000e+08
4.350000000000000000e+08
4.360000000000000000e+08
4.370000000000000000e+08
4.380000000000000000e+08
4.390000000000000000e+08
4.400000000000000000e+08
4.410000000000000000e+08
4.420000000000000000e+08
4.430000000000000000e+08
4.440000000000000000e+08
4.450000000000000000e+08
4.460000000000000000e+08
4.470000000000000000e+08
4.480000000000000000e+08
4.490000000000000000e+08
4.500000000000000000e+08
4.510000000000000000e+08
4.520000000000000000e+08
4.530000000000000000e+08
4.540000000000000000e+08
4.550000000000000000e+08
4.560000000000000000e+08
4.570000000000000000e+08
4.580000000000000000e+08
4.590000000000000000e+08
4.600000000000000000e+08
4.610000000000000000e+08
4.620000000000000000e+08
4.630000000000000000e+08
4.640000000000000000e+08
4.650000000000000000e+08
4.660000000000000000e+08
4.670000000000000000e+08
4.680000000000000000e+08
4.690000000000000000e+08
4.700000000000000000e+08
4.710000000000000000e+08
4.720000000000000000e+08
4.730000000000000000e+08
4.740000000000000000e+08
4.750000000000000000e+08
4.760000000000000000e+08
4.770000000000000000e+08
4.780000000000000000e+08
4.790000000000000000e+08
4.800000000000000000e+08
4.810000000000000000e+08
4.820000000000000000e+08
4.830000000000000000e+08
4.840000000000000000e+08
4.850000000000000000e+08
4.860000000000000000e+08
4.870000000000000000e+08
4.880000000000000000e+08
4.890000000000000000e+08
4.900000000000000000e+08
4.910000000000000000e+08
4.920000000000000000e+08
4.930000000000000000e+08
4.940000000000000000e+08
4.950000000000000000e+08
4.960000000000000000e+08
4.970000000000000000e+08
4.980000000000000000e+08
4.990000000000000000e+08
5.000000000000000000e+08
5.010000000000000000e+08
5.020000000000000000e+08
5.030000000000000000e+08
5.040000000000000000e+08
5.050000000000000000e+08
5.060000000000000000e+08
5.070000000000000000e+08
5.080000000000000000e+08
5.090000000000000000e+08
5.100000000000000000e+08
5.110000000000000000e+08
5.120000000000000000e+08
5.130000000000000000e+08
5.140000000000000000e+08
5.150000000000000000e+08
5.160000000000000000e+08
5.170000000000000000e+08
5.180000000000000000e+08
5.190000000000000000e+08
5.200000000000000000e+08
5.210000000000000000e+08
5.220000000000000000e+08
5.230000000000000000e+08
5.240000000000000000e+08
5.250000000000000000e+08
5.260000000000000000e+08
5.270000000000000000e+08
5.280000000000000000e+08
5.290000000000000000e+08
5.300000000000000000e+08
5.310000000000000000e+08
5.320000000000000000e+08
5.330000000000000000e+08
5.340000000000000000e+08
5.350000000000000000e+08
5.360000000000000000e+08
5.370000000000000000e+08
5.380000000000000000e+08
5.390000000000000000e+08
5.400000000000000000e+08
5.410000000000000000e+08
5.420000000000000000e+08
5.430000000000000000e+08
5.440000000000000000e+08
5.450000000000000000e+08
5.460000000000000000e+08
5.470000000000000000e+08
5.480000000000000000e+08
5.490000000000000000e+08
5.500000000000000000e+08
