-6.250000000000000130e-04
-6.235000000000000308e-04
-6.220000000000000485e-04
-6.205000000000000663e-04
-6.189999999999999756e-04
-6.174999999999999933e-04
-6.160000000000000111e-04
-6.145000000000000288e-04
-6.130000000000000466e-04
-6.115000000000000643e-04
-6.099999999999999737e-04
-6.084999999999999914e-04
-6.070000000000000092e-04
-6.055000000000000269e-04
-6.040000000000000447e-04
-6.025000000000000624e-04
-6.009999999999999717e-04
-5.994999999999999895e-04
-5.980000000000000072e-04
-5.965000000000000250e-04
-5.950000000000000427e-04
-5.935000000000000605e-04
-5.920000000000000782e-04
-5.904999999999999876e-04
-5.890000000000000053e-04
-5.875000000000000231e-04
-5.860000000000000408e-04
-5.845000000000000586e-04
-5.829999999999999679e-04
-5.814999999999999857e-04
-5.800000000000000034e-04
-5.785000000000000211e-04
-5.770000000000000389e-04
-5.755000000000000566e-04
-5.740000000000000744e-04
-5.724999999999999837e-04
-5.710000000000000015e-04
-5.695000000000000192e-04
-5.680000000000000370e-04
-5.665000000000000547e-04
-5.650000000000000725e-04
-5.634999999999999818e-04
-5.619999999999999996e-04
-5.605000000000000173e-04
-5.590000000000000351e-04
-5.575000000000000528e-04
-5.560000000000000706e-04
-5.545000000000000883e-04
-5.529999999999999976e-04
-5.515000000000000154e-04
-5.500000000000000331e-04
