# Array
-0.1000000 -0.0800000 -0.0600000 -0.0400000 -0.0200000 0.0000000
-0.1000000 -0.0800000 -0.0600000 -0.0400000 -0.0200000 0.0000000
-0.1000000 -0.0800000 -0.0600000 -0.0400000 -0.0200000 0.0000000
-0.1000000 -0.0800000 -0.0600000 -0.0400000 -0.0200000 0.0000000
-0.1000000 -0.0800000 -0.0600000 -0.0400000 -0.0200000 0.0000000
-0.1000000 -0.0800000 -0.0600000 -0.0400000 -0.0200000 0.0000000
-0.1000000 -0.0800000 -0.0600000 -0.0400000 -0.0200000 0.0000000
-0.1000000 -0.0800000 -0.0600000 -0.0400000 -0.0200000 0.0000000
-0.1000000 -0.0800000 -0.0600000 -0.0400000 -0.0200000 0.0000000
-0.1000000 -0.0800000 -0.0600000 -0.0400000 -0.0200000 0.0000000
-0.1000000 -0.0800000 -0.0600000 -0.0400000 -0.0200000 0.0000000
-0.1000000 -0.0800000 -0.0600000 -0.0400000 -0.0200000 0.0000000
-0.1000000 -0.0800000 -0.0600000 -0.0400000 -0.0200000 0.0000000
-0.1000000 -0.0800000 -0.0600000 -0.0400000 -0.0200000 0.0000000
-0.1000000 -0.0800000 -0.0600000 -0.0400000 -0.0200000 0.0000000
-0.1000000 -0.0800000 -0.0600000 -0.0400000 -0.0200000 0.0000000
-0.1000000 -0.0800000 -0.0600000 -0.0400000 -0.0200000 0.0000000
-0.1000000 -0.0800000 -0.0600000 -0.0400000 -0.0200000 0.0000000
-0.1000000 -0.0800000 -0.0600000 -0.0400000 -0.0200000 0.0000000
-0.1000000 -0.0800000 -0.0600000 -0.0400000 -0.0200000 0.0000000
-0.1000000 -0.0800000 -0.0600000 -0.0400000 -0.0200000 0.0000000
-0.1000000 -0.0800000 -0.0600000 -0.0400000 -0.0200000 0.0000000
-0.1000000 -0.0800000 -0.0600000 -0.0400000 -0.0200000 0.0000000
-0.1000000 -0.0800000 -0.0600000 -0.0400000 -0.0200000 0.0000000
-0.1000000 -0.0800000 -0.0600000 -0.0400000 -0.0200000 0.0000000
-0.1000000 -0.0800000 -0.0600000 -0.0400000 -0.0200000 0.0000000
-0.1000000 -0.0800000 -0.0600000 -0.0400000 -0.0200000 0.0000000
-0.1000000 -0.0800000 -0.0600000 -0.0400000 -0.0200000 0.0000000
-0.1000000 -0.0800000 -0.0600000 -0.0400000 -0.0200000 0.0000000
-0.1000000 -0.0800000 -0.0600000 -0.0400000 -0.0200000 0.0000000
-0.1000000 -0.0800000 -0.0600000 -0.0400000 -0.0200000 0.0000000
-0.1000000 -0.0800000 -0.0600000 -0.0400000 -0.0200000 0.0000000
-0.1000000 -0.0800000 -0.0600000 -0.0400000 -0.0200000 0.0000000
-0.1000000 -0.0800000 -0.0600000 -0.0400000 -0.0200000 0.0000000
-0.1000000 -0.0800000 -0.0600000 -0.0400000 -0.0200000 0.0000000
-0.1000000 -0.0800000 -0.0600000 -0.0400000 -0.0200000 0.0000000
-0.1000000 -0.0800000 -0.0600000 -0.0400000 -0.0200000 0.0000000
-0.1000000 -0.0800000 -0.0600000 -0.0400000 -0.0200000 0.0000000
-0.1000000 -0.0800000 -0.0600000 -0.0400000 -0.0200000 0.0000000
-0.1000000 -0.0800000 -0.0600000 -0.0400000 -0.0200000 0.0000000
-0.1000000 -0.0800000 -0.0600000 -0.0400000 -0.0200000 0.0000000
-0.1000000 -0.0800000 -0.0600000 -0.0400000 -0.0200000 0.0000000
-0.1000000 -0.0800000 -0.0600000 -0.0400000 -0.0200000 0.0000000
-0.1000000 -0.0800000 -0.0600000 -0.0400000 -0.0200000 0.0000000
-0.1000000 -0.0800000 -0.0600000 -0.0400000 -0.0200000 0.0000000
-0.1000000 -0.0800000 -0.0600000 -0.0400000 -0.0200000 0.0000000
-0.1000000 -0.0800000 -0.0600000 -0.0400000 -0.0200000 0.0000000
-0.1000000 -0.0800000 -0.0600000 -0.0400000 -0.0200000 0.0000000
-0.1000000 -0.0800000 -0.0600000 -0.0400000 -0.0200000 0.0000000
-0.1000000 -0.0800000 -0.0600000 -0.0400000 -0.0200000 0.0000000
-0.1000000 -0.0800000 -0.0600000 -0.0400000 -0.0200000 0.0000000
-0.1000000 -0.0800000 -0.0600000 -0.0400000 -0.0200000 0.0000000
-0.1000000 -0.0800000 -0.0600000 -0.0400000 -0.0200000 0.0000000
-0.1000000 -0.0800000 -0.0600000 -0.0400000 -0.0200000 0.0000000
-0.1000000 -0.0800000 -0.0600000 -0.0400000 -0.0200000 0.0000000
-0.1000000 -0.0800000 -0.0600000 -0.0400000 -0.0200000 0.0000000
-0.1000000 -0.0800000 -0.0600000 -0.0400000 -0.0200000 0.0000000
-0.1000000 -0.0800000 -0.0600000 -0.0400000 -0.0200000 0.0000000
-0.1000000 -0.0800000 -0.0600000 -0.0400000 -0.0200000 0.0000000
-0.1000000 -0.0800000 -0.0600000 -0.0400000 -0.0200000 0.0000000
-0.1000000 -0.0800000 -0.0600000 -0.0400000 -0.0200000 0.0000000
-0.1000000 -0.0800000 -0.0600000 -0.0400000 -0.0200000 0.0000000
-0.1000000 -0.0800000 -0.0600000 -0.0400000 -0.0200000 0.0000000
-0.1000000 -0.0800000 -0.0600000 -0.0400000 -0.0200000 0.0000000
-0.1000000 -0.0800000 -0.0600000 -0.0400000 -0.0200000 0.0000000
-0.1000000 -0.0800000 -0.0600000 -0.0400000 -0.0200000 0.0000000
-0.1000000 -0.0800000 -0.0600000 -0.0400000 -0.0200000 0.0000000
-0.1000000 -0.0800000 -0.0600000 -0.0400000 -0.0200000 0.0000000
-0.1000000 -0.0800000 -0.0600000 -0.0400000 -0.0200000 0.0000000
-0.1000000 -0.0800000 -0.0600000 -0.0400000 -0.0200000 0.0000000
-0.1000000 -0.0800000 -0.0600000 -0.0400000 -0.0200000 0.0000000
-0.1000000 -0.0800000 -0.0600000 -0.0400000 -0.0200000 0.0000000
-0.1000000 -0.0800000 -0.0600000 -0.0400000 -0.0200000 0.0000000
-0.1000000 -0.0800000 -0.0600000 -0.0400000 -0.0200000 0.0000000
-0.1000000 -0.0800000 -0.0600000 -0.0400000 -0.0200000 0.0000000
-0.1000000 -0.0800000 -0.0600000 -0.0400000 -0.0200000 0.0000000
-0.1000000 -0.0800000 -0.0600000 -0.0400000 -0.0200000 0.0000000
-0.1000000 -0.0800000 -0.0600000 -0.0400000 -0.0200000 0.0000000
-0.1000000 -0.0800000 -0.0600000 -0.0400000 -0.0200000 0.0000000
-0.1000000 -0.0800000 -0.0600000 -0.0400000 -0.0200000 0.0000000
-0.1000000 -0.0800000 -0.0600000 -0.0400000 -0.0200000 0.0000000
-0.1000000 -0.0800000 -0.0600000 -0.0400000 -0.0200000 0.0000000
-0.1000000 -0.0800000 -0.0600000 -0.0400000 -0.0200000 0.0000000
-0.1000000 -0.0800000 -0.0600000 -0.0400000 -0.0200000 0.0000000
-0.1000000 -0.0800000 -0.0600000 -0.0400000 -0.0200000 0.0000000
-0.1000000 -0.0800000 -0.0600000 -0.0400000 -0.0200000 0.0000000
-0.1000000 -0.0800000 -0.0600000 -0.0400000 -0.0200000 0.0000000
-0.1000000 -0.0800000 -0.0600000 -0.0400000 -0.0200000 0.0000000
-0.1000000 -0.0800000 -0.0600000 -0.0400000 -0.0200000 0.0000000
-0.1000000 -0.0800000 -0.0600000 -0.0400000 -0.0200000 0.0000000
-0.1000000 -0.0800000 -0.0600000 -0.0400000 -0.0200000 0.0000000
-0.1000000 -0.0800000 -0.0600000 -0.0400000 -0.0200000 0.0000000
-0.1000000 -0.0800000 -0.0600000 -0.0400000 -0.0200000 0.0000000
-0.1000000 -0.0800000 -0.0600000 -0.0400000 -0.0200000 0.0000000
-0.1000000 -0.0800000 -0.0600000 -0.0400000 -0.0200000 0.0000000
-0.1000000 -0.0800000 -0.0600000 -0.0400000 -0.0200000 0.0000000
-0.1000000 -0.0800000 -0.0600000 -0.0400000 -0.0200000 0.0000000
-0.1000000 -0.0800000 -0.0600000 -0.0400000 -0.0200000 0.0000000
-0.1000000 -0.0800000 -0.0600000 -0.0400000 -0.0200000 0.0000000
-0.1000000 -0.0800000 -0.0600000 -0.0400000 -0.0200000 0.0000000
-0.1000000 -0.0800000 -0.0600000 -0.0400000 -0.0200000 0.0000000
# New slice
0.1758300 0.1758300 0.1758300 0.1758300 0.1758300 0.1758300
0.1778300 0.1778300 0.1778300 0.1778300 0.1778300 0.1778300
0.1798300 0.1798300 0.1798300 0.1798300 0.1798300 0.1798300
0.1818300 0.1818300 0.1818300 0.1818300 0.1818300 0.1818300
0.1838300 0.1838300 0.1838300 0.1838300 0.1838300 0.1838300
0.1858300 0.1858300 0.1858300 0.1858300 0.1858300 0.1858300
0.1878300 0.1878300 0.1878300 0.1878300 0.1878300 0.1878300
0.1898300 0.1898300 0.1898300 0.1898300 0.1898300 0.1898300
0.1918300 0.1918300 0.1918300 0.1918300 0.1918300 0.1918300
0.1938300 0.1938300 0.1938300 0.1938300 0.1938300 0.1938300
0.1958300 0.1958300 0.1958300 0.1958300 0.1958300 0.1958300
0.1978300 0.1978300 0.1978300 0.1978300 0.1978300 0.1978300
0.1998300 0.1998300 0.1998300 0.1998300 0.1998300 0.1998300
0.2018300 0.2018300 0.2018300 0.2018300 0.2018300 0.2018300
0.2038300 0.2038300 0.2038300 0.2038300 0.2038300 0.2038300
0.2058300 0.2058300 0.2058300 0.2058300 0.2058300 0.2058300
0.2078300 0.2078300 0.2078300 0.2078300 0.2078300 0.2078300
0.2098300 0.2098300 0.2098300 0.2098300 0.2098300 0.2098300
0.2118300 0.2118300 0.2118300 0.2118300 0.2118300 0.2118300
0.2138300 0.2138300 0.2138300 0.2138300 0.2138300 0.2138300
0.2158300 0.2158300 0.2158300 0.2158300 0.2158300 0.2158300
0.2178300 0.2178300 0.2178300 0.2178300 0.2178300 0.2178300
0.2198300 0.2198300 0.2198300 0.2198300 0.2198300 0.2198300
0.2218300 0.2218300 0.2218300 0.2218300 0.2218300 0.2218300
0.2238300 0.2238300 0.2238300 0.2238300 0.2238300 0.2238300
0.2258300 0.2258300 0.2258300 0.2258300 0.2258300 0.2258300
0.2278300 0.2278300 0.2278300 0.2278300 0.2278300 0.2278300
0.2298300 0.2298300 0.2298300 0.2298300 0.2298300 0.2298300
0.2318300 0.2318300 0.2318300 0.2318300 0.2318300 0.2318300
0.2338300 0.2338300 0.2338300 0.2338300 0.2338300 0.2338300
0.2358300 0.2358300 0.2358300 0.2358300 0.2358300 0.2358300
0.2378300 0.2378300 0.2378300 0.2378300 0.2378300 0.2378300
0.2398300 0.2398300 0.2398300 0.2398300 0.2398300 0.2398300
0.2418300 0.2418300 0.2418300 0.2418300 0.2418300 0.2418300
0.2438300 0.2438300 0.2438300 0.2438300 0.2438300 0.2438300
0.2458300 0.2458300 0.2458300 0.2458300 0.2458300 0.2458300
0.2478300 0.2478300 0.2478300 0.2478300 0.2478300 0.2478300
0.2498300 0.2498300 0.2498300 0.2498300 0.2498300 0.2498300
0.2518300 0.2518300 0.2518300 0.2518300 0.2518300 0.2518300
0.2538300 0.2538300 0.2538300 0.2538300 0.2538300 0.2538300
0.2558300 0.2558300 0.2558300 0.2558300 0.2558300 0.2558300
0.2578300 0.2578300 0.2578300 0.2578300 0.2578300 0.2578300
0.2598300 0.2598300 0.2598300 0.2598300 0.2598300 0.2598300
0.2618300 0.2618300 0.2618300 0.2618300 0.2618300 0.2618300
0.2638300 0.2638300 0.2638300 0.2638300 0.2638300 0.2638300
0.2658300 0.2658300 0.2658300 0.2658300 0.2658300 0.2658300
0.2678300 0.2678300 0.2678300 0.2678300 0.2678300 0.2678300
0.2698300 0.2698300 0.2698300 0.2698300 0.2698300 0.2698300
0.2718300 0.2718300 0.2718300 0.2718300 0.2718300 0.2718300
0.2738300 0.2738300 0.2738300 0.2738300 0.2738300 0.2738300
0.2758300 0.2758300 0.2758300 0.2758300 0.2758300 0.2758300
0.2778300 0.2778300 0.2778300 0.2778300 0.2778300 0.2778300
0.2798300 0.2798300 0.2798300 0.2798300 0.2798300 0.2798300
0.2818300 0.2818300 0.2818300 0.2818300 0.2818300 0.2818300
0.2838300 0.2838300 0.2838300 0.2838300 0.2838300 0.2838300
0.2858300 0.2858300 0.2858300 0.2858300 0.2858300 0.2858300
0.2878300 0.2878300 0.2878300 0.2878300 0.2878300 0.2878300
0.2898300 0.2898300 0.2898300 0.2898300 0.2898300 0.2898300
0.2918300 0.2918300 0.2918300 0.2918300 0.2918300 0.2918300
0.2938300 0.2938300 0.2938300 0.2938300 0.2938300 0.2938300
0.2958300 0.2958300 0.2958300 0.2958300 0.2958300 0.2958300
0.2978300 0.2978300 0.2978300 0.2978300 0.2978300 0.2978300
0.2998300 0.2998300 0.2998300 0.2998300 0.2998300 0.2998300
0.3018300 0.3018300 0.3018300 0.3018300 0.3018300 0.3018300
0.3038300 0.3038300 0.3038300 0.3038300 0.3038300 0.3038300
0.3058300 0.3058300 0.3058300 0.3058300 0.3058300 0.3058300
0.3078300 0.3078300 0.3078300 0.3078300 0.3078300 0.3078300
0.3098300 0.3098300 0.3098300 0.3098300 0.3098300 0.3098300
0.3118300 0.3118300 0.3118300 0.3118300 0.3118300 0.3118300
0.3138300 0.3138300 0.3138300 0.3138300 0.3138300 0.3138300
0.3158300 0.3158300 0.3158300 0.3158300 0.3158300 0.3158300
0.3178300 0.3178300 0.3178300 0.3178300 0.3178300 0.3178300
0.3198300 0.3198300 0.3198300 0.3198300 0.3198300 0.3198300
0.3218300 0.3218300 0.3218300 0.3218300 0.3218300 0.3218300
0.3238300 0.3238300 0.3238300 0.3238300 0.3238300 0.3238300
0.3258300 0.3258300 0.3258300 0.3258300 0.3258300 0.3258300
0.3278300 0.3278300 0.3278300 0.3278300 0.3278300 0.3278300
0.3298300 0.3298300 0.3298300 0.3298300 0.3298300 0.3298300
0.3318300 0.3318300 0.3318300 0.3318300 0.3318300 0.3318300
0.3338300 0.3338300 0.3338300 0.3338300 0.3338300 0.3338300
0.3358300 0.3358300 0.3358300 0.3358300 0.3358300 0.3358300
0.3378300 0.3378300 0.3378300 0.3378300 0.3378300 0.3378300
0.3398300 0.3398300 0.3398300 0.3398300 0.3398300 0.3398300
0.3418300 0.3418300 0.3418300 0.3418300 0.3418300 0.3418300
0.3438300 0.3438300 0.3438300 0.3438300 0.3438300 0.3438300
0.3458300 0.3458300 0.3458300 0.3458300 0.3458300 0.3458300
0.3478300 0.3478300 0.3478300 0.3478300 0.3478300 0.3478300
0.3498300 0.3498300 0.3498300 0.3498300 0.3498300 0.3498300
0.3518300 0.3518300 0.3518300 0.3518300 0.3518300 0.3518300
0.3538300 0.3538300 0.3538300 0.3538300 0.3538300 0.3538300
0.3558300 0.3558300 0.3558300 0.3558300 0.3558300 0.3558300
0.3578300 0.3578300 0.3578300 0.3578300 0.3578300 0.3578300
0.3598300 0.3598300 0.3598300 0.3598300 0.3598300 0.3598300
0.3618300 0.3618300 0.3618300 0.3618300 0.3618300 0.3618300
0.3638300 0.3638300 0.3638300 0.3638300 0.3638300 0.3638300
0.3658300 0.3658300 0.3658300 0.3658300 0.3658300 0.3658300
0.3678300 0.3678300 0.3678300 0.3678300 0.3678300 0.3678300
0.3698300 0.3698300 0.3698300 0.3698300 0.3698300 0.3698300
0.3718300 0.3718300 0.3718300 0.3718300 0.3718300 0.3718300
0.3738300 0.3738300 0.3738300 0.3738300 0.3738300 0.3738300
0.3758300 0.3758300 0.3758300 0.3758300 0.3758300 0.3758300
# New slice
-0.0227240 -0.0424838 -0.0684112 0.0453798 -0.0149718 -0.0847695
-0.1492806 -0.0693606 0.0895848 0.0509532 0.0704329 -0.2373286
-0.1346913 0.0454549 0.1470267 -0.1008341 -0.0233183 0.1707206
-0.0593270 -0.1311670 -0.2141742 -0.0776729 -0.0873376 -0.1339537
0.1297394 -0.1310782 -0.2256558 -0.0373611 -0.0229221 0.0084489
-0.0140087 0.1105056 -0.0082714 -0.0574556 -0.0902883 -0.0105595
0.0144322 -0.1082653 -0.0296430 0.0447582 0.0453729 0.0531047
0.0530774 -0.1818879 0.0806850 0.1012985 -0.0703783 -0.0600852
0.1036208 -0.0098491 -0.0922690 -0.1653930 -0.0034014 -0.0208799
-0.0142683 0.0165769 0.0161192 0.0383310 -0.1734527 -0.2546090
0.0764503 -0.0640125 0.1071793 -0.2170088 -0.0955953 0.1186199
0.2024878 -0.1291179 -0.0457349 -0.1455923 -0.1170285 0.0085582
-0.2108616 -0.1115711 -0.0593748 0.0197939 -0.1048297 -0.1333390
-0.0288371 0.1176363 -0.0329079 -0.0212692 -0.0550923 -0.0044191
-0.0501746 -0.1428602 0.1862524 -0.1405994 -0.0858486 -0.0580361
-0.0041528 -0.1477438 0.0452637 0.1058338 0.0798449 0.0164403
-0.1091737 0.0953290 -0.0643062 0.0869142 0.1602089 -0.0525037
0.0958071 0.0248482 0.1634054 0.0420125 -0.0374841 -0.1730497
-0.0215288 -0.0970911 0.0553450 -0.0930818 -0.0497579 -0.0899877
-0.0894140 -0.2256831 0.0056212 0.0456052 0.0548123 -0.1047546
0.0139814 0.0629539 -0.1681866 -0.0003210 -0.0492252 -0.0053412
-0.1189546 0.0510352 -0.1406746 0.0655083 -0.0790868 0.1085385
-0.0003347 0.1001169 0.0136331 -0.0224099 0.1408658 0.0958959
-0.1247397 0.1499568 0.0485012 0.0058603 0.0830619 -0.0179566
0.1452098 -0.0527496 -0.0323683 0.0880616 -0.1706045 0.0230655
-0.2484959 -0.0347383 -0.0535282 0.2092565 -0.0343627 -0.0997344
-0.1470130 0.1182237 -0.0791687 -0.0829936 -0.1264063 0.1387690
-0.0876450 0.1624765 -0.1257301 -0.0064340 -0.0140907 -0.1688628
0.1521834 -0.1000759 0.0679126 -0.0786155 -0.0277169 0.1127186
0.0331879 -0.0222869 -0.0158529 -0.0515543 0.2029659 0.1173495
-0.0637325 0.0693401 -0.0132369 -0.0850222 0.0290556 0.1390831
0.0168432 -0.0456052 -0.0851656 -0.0803299 -0.0378597 -0.2650182
-0.0141726 0.2018321 0.1212563 0.0192885 0.2039153 -0.1420270
-0.1092420 -0.1217276 -0.1451347 -0.2027405 0.1406814 0.0705968
0.1029651 0.0220342 0.0721131 -0.2168790 -0.1153414 -0.1259828
0.0751936 -0.1608373 -0.0164471 0.0525515 0.0733972 -0.1227590
0.1963133 -0.1553800 -0.0336114 -0.1408522 -0.1698122 0.0226762
-0.1210378 -0.0665260 -0.1297736 0.0263509 -0.1044814 0.0272115
-0.0820920 -0.0701460 -0.0138380 -0.0088246 0.1071520 -0.0891818
-0.2082934 0.0243769 0.0277442 -0.0098013 -0.2089287 -0.1475457
-0.1261809 0.1116668 -0.0566154 -0.1575725 0.0005874 -0.1087434
-0.0449085 -0.2565009 -0.0470942 -0.1242275 -0.0590606 0.0170618
-0.3133691 -0.0233388 -0.1452508 -0.3039707 -0.0363161 0.0075064
0.0346086 -0.1101368 -0.1827485 0.0084489 0.0520460 0.0266104
-0.2273087 -0.2165238 -0.0603789 -0.1012507 -0.0784311 0.0049041
-0.0489246 -0.0453388 0.0123695 -0.0221845 -0.0574965 -0.0219727
-0.3674027 -0.1344113 -0.4752104 -0.2198023 0.0735748 0.0575922
-0.0173419 -0.1898724 -0.2807754 -0.2690685 -0.2421507 -0.0502019
0.0894960 -0.2962390 -0.3690010 -0.3040049 -0.3139428 0.0045148
-0.1698600 -0.4539275 -0.3438249 -0.3046059 -0.2770666 -0.0035449
-0.2386810 -0.4850937 -0.5907567 -0.6676920 -0.2587959 -0.0195890
-0.3033560 -0.5262866 -0.5403909 -0.5285064 -0.2201438 -0.0474630
-0.3999212 -0.5162735 -0.4804901 -0.4217437 -0.3277876 -0.2077880
-0.5008168 -0.4141963 -0.3864521 -0.4789397 -0.2499781 -0.2653938
-0.2992374 -0.5532453 -0.6125723 -0.5128857 -0.4884405 -0.2336198
-0.5444685 -0.3681199 -0.2408530 -0.3788774 -0.4140119 -0.5426380
-0.6132827 -0.2048510 -0.2115993 -0.1638494 -0.2620061 -0.4175226
-0.1885884 -0.2165307 -0.2190988 -0.2196862 -0.2327182 -0.6992816
-0.3776753 -0.1237767 -0.1184901 -0.1028490 -0.2164555 -0.5382872
-0.2813013 -0.0051431 -0.1763077 -0.2925370 -0.1008956 -0.4242094
-0.1722710 0.0386930 -0.1275879 0.0890657 -0.1213247 -0.4481424
-0.1022479 -0.1917371 -0.0249643 -0.0932799 -0.1307093 -0.1036550
-0.1118648 -0.1725511 -0.0192475 -0.1012234 -0.2157452 -0.1936495
-0.1392880 -0.0192953 -0.1272874 -0.0478250 -0.2652094 -0.0006284
-0.1072750 0.1375122 -0.0061335 0.0896804 -0.2675044 -0.0668949
-0.0421081 0.0309886 -0.0581932 0.0374021 -0.1448068 0.1913751
0.0689029 -0.0721063 -0.0347793 -0.0376822 -0.1271508 0.0815320
0.1144125 0.0164744 -0.0575375 0.0174921 -0.0410358 -0.0959710
-0.1557147 -0.0346359 0.0478523 0.0143161 0.0524285 -0.0657269
0.0929179 -0.0333518 -0.1622990 -0.0659318 -0.0734997 -0.0035380
-0.1056767 -0.2549027 -0.0493959 0.0684112 0.1123771 -0.3489612
0.1299239 0.0836562 -0.2027883 0.0354350 -0.0352916 0.0123148
-0.1324100 0.0084080 0.1604480 -0.0610960 0.0895301 0.0257157
0.0638554 -0.0457418 -0.1760208 -0.2490902 -0.0515474 -0.2223090
-0.0078206 -0.1985468 0.0806577 0.1853987 -0.2106908 -0.0650644
-0.1290359 0.0007855 -0.1474160 -0.1208124 -0.0427433 -0.0507483
0.0720995 -0.0156821 -0.0674549 -0.1041399 0.0712730 -0.0031965
-0.1463436 0.0857530 -0.2377521 -0.0975761 0.1939637 -0.0783354
-0.0114337 0.0428321 -0.0671954 -0.2312975 -0.1048229 -0.1206485
0.0695245 -0.0500653 -0.0985665 -0.0184415 -0.2200209 0.0487949
0.1198493 -0.2044822 0.0989694 0.0288234 -0.0845782 -0.0464726
0.0130183 -0.0711433 -0.0564993 0.0661504 0.1890050 -0.0590811
0.0209892 0.0386862 -0.0107985 -0.0966062 -0.1149248 -0.0452842
-0.1813005 -0.0455915 -0.0785882 0.0581112 -0.1805014 0.1336531
-0.0023291 0.0259684 0.0917704 -0.0892842 0.1345274 0.1229776
-0.0134760 -0.1210856 -0.2347399 -0.0188582 0.0650849 -0.0776729
0.1130396 -0.0722634 -0.1315699 -0.0608228 -0.0467800 0.0821672
-0.0546552 -0.0245204 0.0313847 0.0658089 -0.0067892 -0.0772699
-0.0332220 -0.1073911 -0.3329103 -0.0046035 -0.0894413 -0.2059575
-0.2158681 -0.1425324 0.2331827 0.1469037 -0.1175885 -0.1705771
-0.0262552 0.0886968 -0.1186814 -0.0638554 -0.0908552 -0.0392941
0.0273344 -0.0415754 -0.1518078 -0.0258045 -0.1728721 -0.0913128
-0.1582896 -0.1604343 0.0383652 0.1332570 -0.1307708 -0.1169806
-0.2327728 0.0726459 -0.2709741 0.0682746 0.0230929 -0.0372997
0.0327029 -0.1095767 -0.2034372 -0.1801599 -0.0590333 -0.0814363
0.0264738 0.1984238 -0.0431873 -0.2136415 0.0270339 -0.0864360
-0.1821543 -0.0616834 -0.0513767 0.0183595 -0.0113586 -0.0957866
0.0659250 -0.0676189 -0.0883417 -0.0791482 0.0588352 -0.0291717
-0.1460021 -0.1671620 -0.0460765 -0.1331750 0.1188180 -0.1164616
-0.0106278 0.0373202 -0.0141931 -0.0906708 -0.0113723 0.0109146
0.1321505 -0.0189265 0.0805416 -0.1294799 0.0608980 -0.1248012
# New slice
